21595 33377 36436 31507 19034
20100 32726 36738 33050 20147
18731 31241 35916 33532 24315
17950 29254 34738 32698 26646
17145 26100 32100 31282 28841
16455 21640 27874 28881 29727
15807 17290 21442 25973 29905
16012 13475 14885 22202 29838
16274 10764 9821 18172 29621
17408 9096 6989 14743 29186
18452 8014 5336 11717 27578
19589 7875 4587 10045 24342
20943 8108 4366 9963 24519
23685 9249 4995 11504 26907
24104 12507 6762 15291 15317
7677 21080 12138 23086 2430
4 22584 30966 17445 0
0 1716 14152 745 0
0 0 0 0 0
0 0 0 0 102
3857 0 0 0 4418
22829 2468 22 6286 20322
26781 37211 38145 38213 22190
22839 34411 37083 32432 18805
