x y z dx dy dz
1278.57 937.489 1800.49 -0.244815 0.186404 -0.0277211
1278.45 913.058 1802.38 -0.245551 0.201773 -0.0305811
1277.25 949.092 1801.64 -0.244606 0.180776 -0.0272687
1269.3 943.464 1795.71 -0.239643 0.181905 -0.029125
1268.05 954.943 1797.45 -0.242637 0.177361 -0.0290672
1270.24 931.284 1795.89 -0.237285 0.190143 -0.0298571
1260.02 949.803 1790.96 -0.235466 0.179981 -0.0327626
1252.33 931.123 1786.34 -0.226916 0.18777 -0.0344966
1253.04 919.488 1788.95 -0.227325 0.192563 -0.0338969
1253.77 908.542 1792.24 -0.231007 0.1995 -0.0331148
1254.58 897.715 1795.85 -0.231702 0.204851 -0.0331711
1245.54 890.874 1793.65 -0.227511 0.207214 -0.0356377
1255.27 886.549 1799.5 -0.23244 0.210971 -0.0330586
1246.14 879.489 1797.35 -0.229449 0.212936 -0.0347207
1255.74 875.187 1803.04 -0.233841 0.216186 -0.0333978
1246.8 867.949 1801.01 -0.229327 0.217846 -0.035349
1247.5 856.469 1804.54 -0.231352 0.222104 -0.0350256
1263.56 904.505 1797.85 -0.236558 0.203428 -0.0327491
1265.28 882.142 1804.97 -0.238546 0.214359 -0.0318205
1262.38 914.611 1794.65 -0.234091 0.196797 -0.0303654
1264.8 893.717 1801.44 -0.23835 0.20883 -0.0326153
1275.13 902.031 1803.46 -0.244305 0.205449 -0.0317081
1279.18 925.389 1800.94 -0.244521 0.195142 -0.0278855
1251.36 943.67 1785.04 -0.225954 0.183695 -0.0342261
1260.92 937.425 1790.57 -0.232251 0.18606 -0.0325007
1261.73 925.535 1792.11 -0.232399 0.19148 -0.0319255
1271.25 919.382 1797.83 -0.240719 0.198094 -0.0321886
1270.88 910.241 1799.57 -0.240251 0.201827 -0.0309809
1279.01 849.672 1795.54 -0.23234 0.222873 -0.0353061
1268.73 846.087 1790.72 -0.225376 0.222173 -0.0376501
1271.67 857.387 1790.19 -0.227167 0.218939 -0.0369248
1261.34 853.871 1785.54 -0.220784 0.218096 -0.0391388
1264.24 865.156 1785.12 -0.222913 0.214591 -0.0385613
1253.88 861.726 1780.63 -0.215707 0.214498 -0.0401832
1251.03 850.382 1780.79 -0.213864 0.217401 -0.0411613
1246.4 869.696 1775.9 -0.211818 0.210209 -0.0414858
1282.06 860.904 1794.69 -0.233356 0.219017 -0.0344721
1319.89 894.057 1803.49 -0.25005 0.217594 -0.0248936
1323.05 905.217 1801.64 -0.250703 0.214914 -0.0241635
1312.82 901.504 1797.25 -0.245197 0.212259 -0.0271542
1315.82 912.588 1795.73 -0.245622 0.209535 -0.0261541
1305.56 909.255 1791.38 -0.240314 0.207545 -0.0291128
1248.68 944.227 1758.77 -0.206011 0.184573 -0.0394248
1258.51 947.715 1764.16 -0.212628 0.185576 -0.037323
1255.88 936.001 1763.74 -0.211206 0.188148 -0.038383
1265.86 939.42 1768.34 -0.217008 0.189208 -0.036218
1263.09 927.598 1768.95 -0.21598 0.191946 -0.037033
1273.37 930.914 1772.93 -0.221037 0.19304 -0.0354667
1269.76 918.952 1774 -0.220206 0.195152 -0.0366188
1302.47 898.022 1793.19 -0.240142 0.210684 -0.0300382
1308.28 920.582 1790.27 -0.240472 0.205143 -0.0283505
1252.13 924.329 1764.83 -0.209917 0.190419 -0.0392817
1275.65 942.844 1773.31 -0.222515 0.190748 -0.0334558
1318.02 923.433 1794.84 -0.246425 0.207317 -0.0254297
1295.12 905.926 1787.56 -0.235104 0.205763 -0.0315821
1291.88 894.596 1789.6 -0.235434 0.208915 -0.0322477
1299.19 886.833 1795.29 -0.239766 0.213331 -0.0309681
1283.26 934.295 1777.14 -0.226101 0.194944 -0.0331575
1285.04 946.146 1778.57 -0.228923 0.192604 -0.0306554
1310.61 932.209 1790.4 -0.241346 0.203841 -0.0274746
1277.13 954.374 1775.93 -0.225179 0.18854 -0.0311494
1284.42 902.568 1784.27 -0.230377 0.204479 -0.0344531
1281.1 891.183 1786.32 -0.230456 0.207555 -0.035245
1273.59 899.185 1781.24 -0.225705 0.202736 -0.0366923
1331.54 946.388 1802.59 -0.252314 0.212227 -0.0199273
1302.89 868.135 1803.33 -0.244358 0.221697 -0.028915
1270.32 887.77 1783.06 -0.225895 0.206901 -0.0369304
1262.83 895.732 1778.16 -0.221514 0.20198 -0.0379803
1287.67 914.088 1782.35 -0.230161 0.201485 -0.033114
1294.14 949.452 1784.13 -0.234583 0.193777 -0.0281109
1300.71 929.13 1785.62 -0.235468 0.200884 -0.0298423
1277.78 879.848 1788.05 -0.230248 0.210888 -0.035845
1299.59 856.957 1804.9 -0.244328 0.224974 -0.0303211
1259.6 884.296 1779.53 -0.220434 0.20675 -0.0388877
1331.16 934.415 1801.15 -0.252235 0.212941 -0.0218165
1266.13 907.248 1776.07 -0.221463 0.198233 -0.03764
1255.32 903.554 1772.95 -0.21513 0.197949 -0.0392452
1323.83 942.378 1797.89 -0.248986 0.208302 -0.0218077
1258.53 915.198 1770.54 -0.214963 0.19454 -0.0382524
1246.87 911.661 1766.59 -0.209302 0.193224 -0.0401611
1302.91 941.167 1787.04 -0.237293 0.199728 -0.0279272
1267.95 951.223 1769.88 -0.218533 0.186956 -0.0344493
1276.99 910.706 1779.11 -0.225455 0.199546 -0.0358078
1288.55 883.326 1791.64 -0.234613 0.212249 -0.0338236
1306.28 879.281 1801.37 -0.244957 0.217656 -0.02879
1309.62 890.399 1799.25 -0.244937 0.215147 -0.0278435
1335.27 921.857 1804.51 -0.255066 0.218043 -0.0211559
1326.22 916.686 1800.44 -0.250986 0.213446 -0.0234746
1295.82 875.656 1797.33 -0.239604 0.216788 -0.0317984
1280.34 922.426 1777.47 -0.224869 0.197006 -0.0350683
1298.11 917.387 1786.03 -0.235291 0.202969 -0.0312756
1322.07 952.371 1799.48 -0.248053 0.206779 -0.0204525
1313.87 944.821 1793.23 -0.243749 0.203703 -0.0242233
1289.29 853.282 1800.27 -0.238543 0.224581 -0.0328037
1249.28 880.939 1775.61 -0.213807 0.206087 -0.0405745
1292.48 864.476 1799.04 -0.239402 0.220489 -0.0322179
1285.24 872.099 1793.39 -0.234382 0.215463 -0.0341981
1245.62 933.034 1759.14 -0.205156 0.186819 -0.0401518
1274.71 868.606 1789.37 -0.229349 0.21488 -0.0363042
1267.2 876.433 1784.35 -0.22481 0.211016 -0.0378051
1290.61 925.811 1781.29 -0.230014 0.198823 -0.032532
1292.91 937.74 1781.76 -0.231806 0.196923 -0.0304112
1256.72 873.044 1780.31 -0.218368 0.210787 -0.0397355
1252.39 892.063 1774.8 -0.215764 0.202209 -0.0393271
1303.37 953.258 1790.24 -0.240028 0.198095 -0.0247642
1326.07 925.806 1798.87 -0.24977 0.210921 -0.0232307
1245.71 898.893 1770.09 -0.21026 0.198498 -0.0402058
1320.01 933.461 1795.23 -0.246738 0.206814 -0.0241903
1342.3 847.115 1769.82 -0.233999 0.225386 -0.0328387
1334.49 854.317 1768.14 -0.230379 0.221745 -0.0337986
1345.38 858.312 1767.72 -0.234581 0.22235 -0.0318972
1336.77 865.823 1765.99 -0.230945 0.218233 -0.0331309
1347.85 869.634 1765.62 -0.235214 0.220123 -0.0311554
1338.86 877.239 1763.88 -0.231737 0.215658 -0.0326834
1350.07 881.031 1763.54 -0.236173 0.217034 -0.0305141
1341.59 888.747 1761.83 -0.232643 0.213344 -0.0314288
1352.59 892.524 1761.51 -0.237493 0.214407 -0.0297713
1344.11 900.458 1759.78 -0.233294 0.21081 -0.0303318
1345.83 911.917 1757.81 -0.232799 0.208416 -0.0294813
1333.45 906.839 1758.24 -0.228452 0.206957 -0.0314494
1336.65 919.619 1756.1 -0.230115 0.204862 -0.0304814
1325.55 915.991 1756.19 -0.225502 0.203323 -0.0321871
1327.83 927.621 1754.23 -0.226596 0.200829 -0.0314652
1316.43 923.854 1754.02 -0.221418 0.199593 -0.032895
1318.82 935.405 1752.09 -0.222552 0.197711 -0.0318577
1307.81 931.481 1751.45 -0.217707 0.195888 -0.0343075
1309.87 942.97 1749.54 -0.218383 0.194586 -0.0328313
1298.88 938.898 1748.24 -0.21273 0.192638 -0.0357414
1300.87 950.336 1746.5 -0.213698 0.191112 -0.0340279
1289.99 945.964 1744.43 -0.20872 0.189556 -0.0358101
1321.01 947.044 1750.24 -0.22338 0.195761 -0.0302721
1314.6 912.487 1756.08 -0.220958 0.201849 -0.0341963
1287.22 933.457 1746.54 -0.208801 0.192012 -0.0380334
1281.35 953.895 1740.24 -0.205457 0.18621 -0.0372619
1325.63 861.751 1766.35 -0.226663 0.217735 -0.0347918
1250.03 858.891 1755.13 -0.199108 0.209687 -0.0472784
1245.27 869.083 1751.22 -0.19683 0.205748 -0.0478543
1254.96 848.721 1759 -0.201509 0.213796 -0.0465147
1256.39 869.416 1755.71 -0.201981 0.207241 -0.0458353
1251.71 879.665 1752.07 -0.199642 0.202294 -0.046549
1263.06 880.114 1755.84 -0.204813 0.203428 -0.0447925
1258.58 890.478 1752.15 -0.202314 0.19969 -0.0450034
1267.91 869.566 1759.02 -0.206225 0.208038 -0.044355
1274.67 880.201 1758.49 -0.208771 0.205427 -0.0427768
1279.65 869.42 1761.3 -0.210403 0.209282 -0.0420681
1286.44 879.832 1760.28 -0.212445 0.206585 -0.0404808
1281.5 890.908 1757.35 -0.210654 0.202698 -0.0407393
1245.11 923.117 1734.28 -0.191341 0.187939 -0.0464303
1329.18 885.439 1761.99 -0.227067 0.211394 -0.0335597
1247.03 941.564 1728.35 -0.19006 0.183315 -0.0454545
1291.45 868.955 1762.82 -0.215037 0.210665 -0.0398527
1284.72 858.799 1763.92 -0.212636 0.213577 -0.04135
1298.25 879.073 1761.51 -0.216506 0.208569 -0.0385134
1339.11 931.574 1754.14 -0.230461 0.20302 -0.0293675
1296.48 858.33 1765.25 -0.216585 0.214614 -0.0395003
1289.91 848.372 1766.55 -0.214687 0.217961 -0.0410483
1278.08 848.66 1764.88 -0.210422 0.216064 -0.0427909
1352.71 947.339 1751.96 -0.236301 0.202785 -0.0259659
1249.44 906.589 1743.33 -0.196045 0.193735 -0.0464054
1313.19 847.948 1768.46 -0.223069 0.220278 -0.0376569
1253.34 952.136 1729.01 -0.192106 0.181683 -0.0432072
1257.93 941.898 1733.21 -0.194713 0.184798 -0.043454
1264.3 952.176 1733.82 -0.197047 0.183561 -0.0410181
1268.46 942.024 1737.64 -0.199966 0.18673 -0.0412446
1262.68 932.159 1738.41 -0.198166 0.18804 -0.0431374
1274.04 932.456 1742.63 -0.203123 0.18958 -0.0408651
1267.17 922.539 1743.74 -0.201718 0.191191 -0.0423398
1279.09 922.402 1747.55 -0.205985 0.193036 -0.0404713
1271.76 912.284 1749.05 -0.204427 0.194548 -0.0422535
1283.8 912.02 1752.02 -0.208566 0.19628 -0.0398174
1276.69 901.736 1753.72 -0.207287 0.1983 -0.0410945
1288.49 901.212 1755.84 -0.212271 0.200474 -0.0398078
1295.6 911.346 1754.23 -0.213671 0.198423 -0.0380869
1300.36 900.652 1757.3 -0.216684 0.202327 -0.0376678
1265.38 902.246 1750.79 -0.203736 0.196981 -0.0438354
1293.35 890.223 1758.9 -0.214472 0.20402 -0.0391029
1305.27 889.402 1760.01 -0.218693 0.206367 -0.0371989
1309.79 877.709 1762.53 -0.22092 0.21098 -0.0366963
1312.81 900.669 1758.29 -0.220964 0.204443 -0.0354208
1291.21 921.441 1750.8 -0.210509 0.194933 -0.0383885
1317.12 887.971 1760.98 -0.223053 0.209163 -0.0350662
1324.94 897.254 1759.61 -0.22562 0.207766 -0.0335518
1256.15 922.891 1739.36 -0.196607 0.189121 -0.0447267
1332.28 951.095 1750.44 -0.227624 0.197267 -0.0281934
1311.94 954.56 1747.84 -0.219062 0.192279 -0.0312037
1330.11 939.368 1752.32 -0.22696 0.198541 -0.0299684
1304.11 920.048 1753.36 -0.216584 0.197799 -0.0359554
1258.92 911.699 1745.13 -0.199582 0.19273 -0.0445403
1261.33 859.066 1759.08 -0.203607 0.211578 -0.0450429
1266.4 848.772 1762.43 -0.205694 0.215015 -0.0441444
1272.95 859.051 1761.95 -0.208709 0.212223 -0.0434753
1348.15 923.732 1755.83 -0.234805 0.20617 -0.0282962
1327.64 872.704 1764.33 -0.227702 0.215145 -0.0342457
1350.46 935.572 1753.88 -0.235241 0.204207 -0.0268584
1251.68 932.013 1733.72 -0.193366 0.186384 -0.0451662
1269.88 891.059 1755.16 -0.206465 0.200893 -0.0429107
1341.39 943.375 1752.21 -0.231383 0.200739 -0.027767
1301.75 847.927 1767.71 -0.219247 0.218843 -0.038999
1303.25 868.208 1763.91 -0.218662 0.212917 -0.0384299
1315.72 867.43 1764.81 -0.222932 0.214971 -0.0361287
1247.36 889.487 1747.96 -0.196677 0.198377 -0.0468007
1278.99 943.014 1741.43 -0.204677 0.188331 -0.0390295
1324.21 850.188 1768.56 -0.226818 0.221622 -0.0355529
1254.99 899.798 1748.14 -0.199636 0.196268 -0.04576
1307.84 857.722 1766.21 -0.220627 0.216984 -0.0378712
1334.7 895.804 1760.29 -0.229707 0.209965 -0.0324495
1322.43 906.812 1757.7 -0.224673 0.204962 -0.0334021
1319.43 878.348 1762.91 -0.22444 0.212393 -0.035125
1317.33 856.993 1766.9 -0.224099 0.21831 -0.0365215
1248.64 914.865 1739.51 -0.194399 0.190932 -0.0462304
1297.9 929.131 1750.22 -0.213133 0.194336 -0.0361659
1305.1 909.991 1755.71 -0.21731 0.200598 -0.0361825
1352.17 850.273 1769.51 -0.23745 0.22651 -0.0310796
1272.75 950.877 1737.47 -0.20147 0.185618 -0.0394656
1245.04 889.476 1699.91 -0.175544 0.18826 -0.057463
1252.91 898.565 1698.48 -0.176734 0.186254 -0.0566067
1245.24 858.145 1705.81 -0.176646 0.196747 -0.0591398
1248.84 909.634 1696.29 -0.174725 0.183669 -0.0562182
1260.72 907.658 1697.05 -0.178336 0.184753 -0.0551363
1268.49 916.754 1695.62 -0.180128 0.183749 -0.0538428
1272.59 905.691 1697.79 -0.182125 0.185902 -0.0545697
1280.34 914.793 1696.36 -0.183495 0.184663 -0.0530961
1284.46 903.729 1698.53 -0.185469 0.187331 -0.0534796
1292.2 912.834 1697.1 -0.187794 0.185577 -0.0519667
1296.32 901.77 1699.25 -0.18937 0.188624 -0.0527656
1304.04 910.876 1697.82 -0.191445 0.187046 -0.0510575
1308.17 899.811 1699.96 -0.193806 0.190034 -0.0515114
1315.88 908.919 1698.54 -0.195894 0.187918 -0.0505456
1320.02 897.853 1700.67 -0.197991 0.190655 -0.0505463
1311.75 919.984 1696.41 -0.194234 0.185554 -0.0499259
1323.58 918.027 1697.13 -0.198159 0.18704 -0.0485787
1249.59 847.056 1708.08 -0.178411 0.200207 -0.059401
1319.45 929.093 1695 -0.196372 0.184328 -0.0483742
1331.28 927.138 1695.74 -0.200518 0.185254 -0.0474281
1343.11 925.183 1696.47 -0.205294 0.187088 -0.0461547
1312.31 888.745 1702.09 -0.195731 0.192508 -0.0521313
1324.15 886.786 1702.79 -0.199837 0.193723 -0.0510245
1316.45 877.681 1704.23 -0.197107 0.195052 -0.0524241
1328.29 875.724 1704.93 -0.200856 0.196726 -0.0514196
1320.59 866.624 1706.38 -0.198332 0.198514 -0.0522755
1332.43 864.67 1707.08 -0.202738 0.199527 -0.0515726
1324.73 855.579 1708.56 -0.200557 0.201505 -0.0525733
1336.56 853.627 1709.28 -0.205148 0.202798 -0.0517306
1344.26 862.716 1707.8 -0.207384 0.20143 -0.0501479
1308.74 868.579 1705.68 -0.194526 0.196494 -0.0535367
1317.03 846.497 1710.07 -0.198343 0.203175 -0.0534828
1276.7 894.623 1699.96 -0.183785 0.188936 -0.0548118
1257.42 856.202 1706.53 -0.179864 0.197599 -0.0584893
1335.99 884.828 1703.49 -0.204402 0.195068 -0.0498207
1256.98 887.487 1700.66 -0.178515 0.189207 -0.0569833
1293.34 850.387 1708.66 -0.190304 0.200898 -0.0558017
1281.43 852.329 1707.95 -0.186462 0.19974 -0.0567075
1289.15 861.429 1706.45 -0.188556 0.198035 -0.0554972
1277.22 863.378 1705.74 -0.184831 0.197033 -0.0564969
1284.98 872.486 1704.27 -0.186868 0.194832 -0.0554939
1273.05 874.442 1703.56 -0.183422 0.193566 -0.0564123
1301.03 859.48 1707.15 -0.192192 0.198651 -0.0548396
1280.83 883.553 1702.11 -0.185432 0.191933 -0.0551834
1292.72 881.595 1702.83 -0.189307 0.193441 -0.0543866
1288.58 892.662 1700.68 -0.187323 0.190547 -0.053899
1268.91 885.516 1701.39 -0.18197 0.19041 -0.0560724
1264.8 896.59 1699.22 -0.180473 0.187274 -0.0557573
1261.08 876.405 1702.84 -0.1801 0.19211 -0.0574481
1253.2 867.286 1704.31 -0.178273 0.194773 -0.0582307
1335.42 916.071 1697.85 -0.202854 0.18806 -0.0476154
1347.25 914.115 1698.57 -0.207503 0.189933 -0.0467953
1339.55 905.003 1699.96 -0.204931 0.191326 -0.0482701
1351.38 903.047 1700.68 -0.209408 0.192328 -0.0475826
1343.69 893.936 1702.08 -0.206829 0.193505 -0.048417
1347.82 882.871 1704.2 -0.20868 0.196675 -0.0490315
1331.85 895.894 1701.37 -0.20189 0.192498 -0.0496721
1327.72 906.961 1699.25 -0.200577 0.189613 -0.0494124
1351.96 871.812 1706.35 -0.210203 0.19978 -0.0491666
1269.46 854.269 1707.25 -0.183357 0.199071 -0.0574051
1265.24 865.328 1705.03 -0.181561 0.19556 -0.0575653
1249.08 878.383 1702.1 -0.176968 0.191529 -0.0581556
1350.8 934.298 1695.1 -0.208565 0.185424 -0.0447949
1261.7 845.16 1708.78 -0.181995 0.201644 -0.0586562
1296.87 870.532 1704.98 -0.19084 0.195881 -0.054425
1354.94 923.229 1697.19 -0.210172 0.188496 -0.0453263
1340.13 873.768 1705.63 -0.205836 0.197928 -0.0500682
1304.59 879.638 1703.53 -0.193137 0.193814 -0.0534791
1312.88 857.53 1707.85 -0.196075 0.200301 -0.0536454
1305.19 848.443 1709.36 -0.194532 0.202032 -0.0548841
1299.91 921.94 1695.67 -0.189966 0.183899 -0.0507862
1348.39 851.676 1710.01 -0.209638 0.204025 -0.0504946
1300.45 890.704 1701.39 -0.191552 0.191308 -0.0532077
1287.3 847.539 1696.42 -0.184555 0.19833 -0.0594609
1301.11 849.415 1697.25 -0.188267 0.198405 -0.0583455
1345.86 865.149 1696.08 -0.202774 0.197537 -0.053385
1293.58 861.594 1697.42 -0.186308 0.195604 -0.0575744
1319.3 862.281 1696.73 -0.193816 0.196888 -0.0558685
1264.13 853.935 1697.06 -0.177998 0.196222 -0.0605312
1329.79 850.201 1699.73 -0.198385 0.200245 -0.0553822
1336.81 876.297 1696.45 -0.200725 0.194981 -0.0527533
1343.03 853.724 1699.08 -0.202571 0.200512 -0.0537924
1298.86 872.698 1695.57 -0.18768 0.193323 -0.0563537
1315.02 846.448 1699.62 -0.193551 0.200424 -0.0566765
1281.93 857.644 1698.42 -0.183625 0.196501 -0.0585831
1322.71 853.92 1738.32 -0.213866 0.211852 -0.0450757
1327.72 906.159 1725.93 -0.213547 0.198023 -0.0419712
1340.71 952.242 1718.85 -0.217777 0.190032 -0.0366451
1347.98 925.086 1727.83 -0.223651 0.197866 -0.0371255
1348.14 883.61 1731.38 -0.222373 0.20648 -0.0406913
1294.02 847.393 1736.13 -0.203148 0.209998 -0.0491429
1320.08 931.312 1723.91 -0.210331 0.191823 -0.0400442
1303.51 874.844 1736.25 -0.20746 0.204592 -0.0456917
1295.39 904.356 1726.04 -0.202045 0.194903 -0.0458335
1276.4 869.222 1734.9 -0.198393 0.203192 -0.0493212
1294.65 929.581 1719.07 -0.199693 0.188207 -0.0446439
1272.64 895.286 1725.44 -0.194118 0.194849 -0.0499105
1279.56 953.942 1715.51 -0.193982 0.181906 -0.0434604
1318.74 878.538 1733.84 -0.211522 0.204416 -0.0439999
1269.6 918.528 1720.47 -0.192096 0.188405 -0.0481923
1253.29 880.126 1725.81 -0.188295 0.196967 -0.0529183
1345.99 860.793 1732.27 -0.220409 0.210672 -0.0431288
1247.07 859.069 1727.95 -0.187091 0.202704 -0.0541347
1252.33 907.554 1718.88 -0.186148 0.189443 -0.0517229
1264.88 930.848 1708.94 -0.186241 0.183459 -0.0497183
1341.85 899.042 1731.04 -0.220542 0.2028 -0.0398765
1312.37 915.537 1714.43 -0.203227 0.191405 -0.0459685
1320.52 954.368 1735.73 -0.217073 0.190937 -0.0335232
1341.73 852.025 1748.01 -0.225058 0.21777 -0.0398633
1308.97 887.958 1720.33 -0.203024 0.19784 -0.0479754
1287.34 891.093 1741.69 -0.205684 0.200274 -0.0446659
1308.93 846.512 1748.15 -0.212943 0.215358 -0.0444312
1334.18 937.49 1731.07 -0.219656 0.19522 -0.0355989
1340.75 912.999 1719.06 -0.215459 0.196436 -0.0421345
1304.2 861.189 1729.56 -0.203938 0.205272 -0.0486536
1334 935.527 1713.2 -0.211409 0.189673 -0.0412831
1323.69 893.046 1735.58 -0.21514 0.202482 -0.0415209
1315.98 872.209 1748.03 -0.216849 0.209243 -0.0410922
1283.75 882.741 1716.93 -0.193341 0.196027 -0.051982
1334.61 867.491 1743.6 -0.221488 0.211798 -0.0407769
1306.64 944.942 1723.68 -0.206198 0.18814 -0.0400173
1328.06 921.742 1740.95 -0.220505 0.19935 -0.0359072
1319.85 950.851 1709.18 -0.204382 0.184769 -0.0417175
1306.46 926.024 1730.69 -0.208645 0.193128 -0.0410138
1289.19 869.788 1748.99 -0.208288 0.207825 -0.0441626
1346.37 942.672 1706 -0.21319 0.187839 -0.0412808
1339.03 884.28 1717.1 -0.211889 0.200546 -0.0456911
1247.97 923.663 1713.84 -0.182949 0.184897 -0.0509689
1249.13 952.73 1708.02 -0.181939 0.177992 -0.0484852
1298.85 944.237 1706.49 -0.195547 0.183697 -0.0452998
1329.25 920.098 1712.5 -0.208795 0.191797 -0.0439381
1280.8 854.381 1728.65 -0.196489 0.205383 -0.0517062
1352.52 864.884 1749.52 -0.230955 0.216371 -0.0364902
1289.91 913.657 1711.07 -0.193692 0.188678 -0.0489005
1310.78 907.576 1737.94 -0.21211 0.198898 -0.0406535
1279.38 910.024 1734.89 -0.20049 0.193787 -0.0449805
1259.95 860.517 1742.84 -0.196918 0.206583 -0.0497288
1280.43 858.201 1748.23 -0.204516 0.209514 -0.0462964
1265.54 861.421 1720.11 -0.188517 0.200622 -0.0547284
1336.51 887.053 1749.02 -0.225131 0.209677 -0.0366202
1295.82 874.331 1717.59 -0.196842 0.198455 -0.0515568
1278.04 934.682 1727.93 -0.198296 0.187757 -0.0432855
1256.55 895.15 1731.85 -0.192414 0.194786 -0.0499522
1265.47 884.238 1738.75 -0.197788 0.199778 -0.0483471
1268.21 882.137 1718.17 -0.189184 0.195705 -0.0533366
1306.35 929.724 1709.92 -0.199244 0.187349 -0.0455648
1329.22 866.478 1720.98 -0.209219 0.204272 -0.0480785
1280.12 932.617 1708.85 -0.19017 0.184492 -0.0481308
1307.78 860.328 1747.39 -0.213193 0.211184 -0.0433832
1344.72 869.561 1718.79 -0.214047 0.204229 -0.0464275
1311.59 871.203 1718.41 -0.202133 0.200663 -0.0495325
1343.74 914.953 1744.37 -0.228237 0.203999 -0.0334046
1351.46 892.305 1718.75 -0.21848 0.20094 -0.0438544
1265.37 904.767 1710.28 -0.185696 0.188625 -0.0528384
1286.3 896.558 1712.48 -0.192538 0.192064 -0.0512298
1252.63 848.138 1743.54 -0.194624 0.209982 -0.0506932
1259.77 893.627 1714.52 -0.186087 0.191742 -0.0532745
1303.32 892.946 1736.83 -0.208672 0.200831 -0.0433671
1324.12 854.915 1754.98 -0.221363 0.216329 -0.0395401
1353.36 933.71 1741.13 -0.231824 0.201665 -0.0309303
1351.71 892.31 1748.69 -0.231833 0.210955 -0.0339929
1262.72 908.203 1733.56 -0.195272 0.192673 -0.0473678
1343.53 845.576 1724.61 -0.214742 0.210764 -0.047253
1326.35 895.012 1715.57 -0.207056 0.196721 -0.0462023
1326.6 908.194 1744.6 -0.220895 0.202174 -0.0364218
1254.68 922.061 1725.15 -0.189852 0.187486 -0.0480556
1288.77 921.945 1736.55 -0.204835 0.192375 -0.0416866
1261.59 916.287 1707.87 -0.18404 0.185709 -0.0521405
1302.95 905.196 1710.35 -0.197056 0.191528 -0.0489654
1278.76 880.944 1746.94 -0.204974 0.203537 -0.0452602
1298.29 890.319 1711.79 -0.195708 0.194263 -0.0506178
1294.78 882.516 1747.99 -0.210232 0.204446 -0.0427043
1315.8 943.504 1738.15 -0.215815 0.19228 -0.035183
1287.11 948.34 1729.33 -0.202069 0.186501 -0.0399848
1319.65 935.417 1706.88 -0.202505 0.186445 -0.0444389
1250.27 867.44 1717.25 -0.183423 0.197915 -0.0556199
1294.4 855.03 1754.75 -0.211751 0.21335 -0.0433442
1350.96 849.2 1739 -0.224989 0.215904 -0.0419429
1294.25 905.15 1743.66 -0.208808 0.198014 -0.0415039
1267.79 947.216 1703.09 -0.184424 0.179526 -0.0485279
1349.58 877.945 1751 -0.231271 0.213897 -0.0350841
1345.17 945.666 1740.71 -0.228574 0.197942 -0.0303684
1348.26 939.474 1722.53 -0.222051 0.194172 -0.0364864
1278.79 868.839 1718.26 -0.191555 0.199327 -0.0532885
1274.42 897.215 1742.29 -0.202109 0.197682 -0.0451687
1300.4 919.207 1706.76 -0.19534 0.187935 -0.0485281
1352.88 854.299 1757.69 -0.234016 0.221723 -0.0344643
1322.7 882.246 1715.29 -0.204891 0.198834 -0.0484475
1350.2 912.177 1728.92 -0.223965 0.200728 -0.0380354
1335.69 915.178 1731.4 -0.218988 0.199582 -0.0385677
1325.69 947.112 1722.56 -0.212979 0.190055 -0.0379384
1309.4 850.049 1733.75 -0.207492 0.209661 -0.0478845
1288.14 876.568 1733.56 -0.201466 0.201608 -0.0480677
1315.88 865.336 1733.19 -0.209903 0.207121 -0.0459401
1301.4 915.646 1723.01 -0.203404 0.192615 -0.0448825
1328.57 847.092 1720.3 -0.207727 0.207591 -0.0497808
1312.93 903.067 1723.03 -0.206586 0.195978 -0.0451675
1335 926.228 1724.39 -0.216183 0.194888 -0.0392472
1255.75 875.577 1743.1 -0.196067 0.202078 -0.0491983
1270.77 869.152 1747.9 -0.202211 0.205778 -0.0468672
1267.17 944.671 1722.18 -0.192863 0.183986 -0.0447076
1323.71 907.365 1710.93 -0.204929 0.192691 -0.0465163
1284.87 947.566 1702.08 -0.189083 0.180608 -0.0472344
1325.22 881.568 1751 -0.221376 0.209129 -0.0377014
1310.07 883.465 1749.44 -0.215384 0.206431 -0.0402401
1343.21 926.379 1707.99 -0.211689 0.190849 -0.0432453
1251.84 938.529 1702.67 -0.179881 0.179964 -0.0512102
1354.49 880.218 1715.87 -0.217081 0.202306 -0.0452958
1273.4 893.744 1711.5 -0.18795 0.191738 -0.053003
1293.55 933.322 1703.3 -0.191797 0.18402 -0.0478118
1309.51 948.166 1702.22 -0.196971 0.18262 -0.0447731
1271.54 921.818 1733.78 -0.198186 0.190432 -0.0443982
1348.57 953.435 1701.45 -0.211941 0.185076 -0.0410064
1319.03 916.844 1728.86 -0.211772 0.195973 -0.0410055
1320.7 930.555 1741.79 -0.218115 0.196164 -0.0349453
1246.4 936.108 1717.13 -0.184431 0.182438 -0.048944
1338.76 861.85 1756.89 -0.228099 0.217378 -0.036184
1294.62 937.805 1735.21 -0.206963 0.190101 -0.0395056
1329.82 944.023 1703.65 -0.205244 0.184971 -0.0433109
1300.56 916.248 1742.31 -0.210352 0.196374 -0.0399173
1248.61 862.81 1741.44 -0.193137 0.20536 -0.0509474
1315.2 856.292 1720.45 -0.203226 0.204457 -0.0506378
1335.69 852.838 1732.17 -0.215794 0.211372 -0.0453097
1285.41 896.81 1730.26 -0.200294 0.196443 -0.0467457
1278.78 884.474 1731.45 -0.198272 0.199319 -0.0487459
1277.87 913.595 1707.16 -0.188326 0.18729 -0.0510654
1351.7 871.091 1736.52 -0.225193 0.211058 -0.0403158
1278.48 906.663 1720.19 -0.194312 0.191343 -0.0489058
1338.75 930.141 1743.56 -0.225949 0.200697 -0.0325984
1335.45 878.372 1733.12 -0.217369 0.206689 -0.0423544
1353.01 905.022 1712.71 -0.217059 0.196757 -0.0437602
1317.09 922.176 1705.79 -0.200726 0.18817 -0.0467201
1261.57 871.438 1714.39 -0.185255 0.196659 -0.055317
1283.73 919.277 1722.71 -0.197371 0.189897 -0.0462745
1260.89 869.827 1730.59 -0.191757 0.200977 -0.052196
1247.74 912.557 1705.62 -0.179423 0.18529 -0.0539896
1261.47 933.186 1726.05 -0.192405 0.185947 -0.0459443
1313.42 897.562 1709.47 -0.199951 0.193137 -0.0491897
1291.32 863.407 1734.51 -0.202379 0.205331 -0.0487931
1325.66 867.766 1755.01 -0.222828 0.213656 -0.0381221
1303.12 871.979 1753.08 -0.214273 0.209215 -0.0410525
1337.9 900.811 1711.3 -0.21006 0.195424 -0.0457359
1294.31 886.881 1727.47 -0.201406 0.198361 -0.0477517
1275.68 951.096 1728.87 -0.198497 0.184593 -0.0411559
1297.29 893.664 1749.35 -0.211871 0.202137 -0.0408031
1270.09 857.969 1736.1 -0.196891 0.205875 -0.0507685
1342.86 857.557 1718.61 -0.212345 0.205972 -0.0478852
1248.63 887.565 1738.03 -0.192359 0.197224 -0.0496345
1289.33 941.736 1716.98 -0.197157 0.185084 -0.0439651
1254.67 946.68 1718.7 -0.187651 0.18153 -0.0462363
1254.25 881.973 1711.3 -0.182438 0.193003 -0.0556788
1334.55 847.668 1759.42 -0.227241 0.220867 -0.0372945
1312.75 898.326 1748.8 -0.216716 0.203203 -0.038179
1255.33 853.408 1717.1 -0.184078 0.201603 -0.0566366
1340.07 911.579 1707.62 -0.209586 0.192719 -0.0450425
1259.62 854.899 1730.66 -0.191382 0.205035 -0.05293
1328.82 944.5 1741.77 -0.22214 0.195174 -0.0323494
1312.29 919.709 1744.2 -0.215739 0.197892 -0.0368547
1338.77 899.985 1749.17 -0.226993 0.20758 -0.0343192
1270.88 850.947 1719.1 -0.189155 0.20277 -0.0555089
1247.23 889.606 1722.14 -0.185521 0.193416 -0.0528923
1307.68 935.984 1740.2 -0.213315 0.193005 -0.0369306
1297.37 859.337 1717.87 -0.196336 0.201971 -0.0522313
1266.52 855.055 1750.72 -0.201868 0.210292 -0.0473986
1255.8 925.922 1701.99 -0.180293 0.18213 -0.05257
1347.83 951.849 1779.19 -0.245117 0.213838 -0.0197651
1341.78 871.796 1790.8 -0.24534 0.22726 -0.0253256
1346.31 933.644 1778.54 -0.24367 0.214041 -0.022147
1343.31 903.228 1786.43 -0.245362 0.219999 -0.0235386
1325.46 847.98 1793.68 -0.241318 0.229929 -0.0289696
1329.16 884.308 1785.24 -0.240355 0.219522 -0.0278259
1323.3 934.885 1773.85 -0.234337 0.205406 -0.0262858
1315.47 864.967 1782.91 -0.23343 0.220679 -0.0321557
1326.38 914.984 1776.88 -0.236708 0.210622 -0.0273925
1342.84 887.399 1791.47 -0.247279 0.224961 -0.0237266
1347.03 847.079 1781.33 -0.241409 0.230842 -0.0283746
1312.81 944.065 1769.13 -0.230207 0.20022 -0.0281303
1312.88 898.301 1777.11 -0.231367 0.209867 -0.0313636
1299.75 854.598 1781.9 -0.227629 0.220715 -0.0354542
1299.79 876.661 1778.44 -0.227383 0.213888 -0.0345183
1313.32 925.226 1773.67 -0.230834 0.204843 -0.0296392
1351.21 889.224 1776.56 -0.243122 0.221603 -0.0255028
1342.88 941.328 1763.73 -0.237108 0.206466 -0.0249077
1333.11 946.707 1788.54 -0.244608 0.211077 -0.0207303
1353.64 904.689 1803.69 -0.256111 0.23097 -0.0182486
1290.85 949.018 1760.94 -0.219201 0.192818 -0.0318268
1328.9 898.485 1780.07 -0.237872 0.215385 -0.0274885
1300.12 933.79 1764.95 -0.222826 0.198011 -0.0323394
1325.23 864.912 1797.49 -0.244697 0.226183 -0.0273874
1301.23 908.555 1771.8 -0.225981 0.204392 -0.0335164
1329.85 859.201 1779.08 -0.23489 0.223744 -0.030694
1346.01 940.996 1794.76 -0.250236 0.219269 -0.0189777
1287.71 865.351 1778.8 -0.223466 0.215347 -0.0370633
1299.91 891.584 1775.76 -0.227483 0.209301 -0.0341584
1340.66 917.165 1771.53 -0.238147 0.211799 -0.0259521
1334.85 921.381 1789.47 -0.245052 0.215262 -0.0233918
1275.94 942.762 1757.21 -0.211647 0.189938 -0.0357359
1340.33 879.587 1777.63 -0.239492 0.220839 -0.0284141
1331.72 896.68 1794.91 -0.246449 0.22031 -0.0243821
1310.06 853.695 1796.18 -0.239597 0.226046 -0.0306935
1292.29 921.165 1765.86 -0.220169 0.198104 -0.0348774
1254.73 950.225 1745.04 -0.199153 0.184323 -0.0400591
1286.13 881.289 1775.22 -0.222478 0.209574 -0.0372391
1330 880.538 1799.09 -0.247521 0.224212 -0.0250291
1336.19 951.881 1763.1 -0.235057 0.202959 -0.0247282
1263.86 939.786 1750.03 -0.203828 0.18765 -0.0390796
1286.77 895.781 1770.62 -0.221009 0.204806 -0.0369822
1346.77 862.288 1779 -0.240764 0.226718 -0.0279732
1279.23 853.437 1779.81 -0.221052 0.218066 -0.0386982
1353.55 904.121 1771.96 -0.243026 0.218226 -0.0255088
1309.62 883.104 1786.15 -0.235702 0.215571 -0.0311979
1272.58 867.678 1775.34 -0.218268 0.21226 -0.0400027
1315.95 876.028 1774.51 -0.229836 0.215617 -0.0331815
1326.2 943.012 1763.52 -0.231122 0.201991 -0.0269626
1316.2 849.545 1779.96 -0.230583 0.223563 -0.0340831
1351.37 860.902 1794.69 -0.249393 0.234232 -0.0227759
1330.89 934.496 1787.47 -0.243831 0.210903 -0.0227912
1335.11 930.63 1765.3 -0.234451 0.206417 -0.0272717
1316.55 909.668 1766.66 -0.227301 0.206061 -0.031892
1273.32 892.4 1769.44 -0.216839 0.203332 -0.0394591
1285.19 934.226 1762.76 -0.217434 0.194297 -0.0349693
1277.29 920.692 1762.26 -0.213961 0.195126 -0.0375885
1325.11 921.284 1766.22 -0.230269 0.205785 -0.0293972
1249.96 935.581 1745.45 -0.197481 0.18692 -0.0421732
1318.07 876.564 1793.95 -0.241542 0.220743 -0.0285533
1319.98 945.32 1783.61 -0.238747 0.20524 -0.0240383
1344.97 928.79 1797.24 -0.251475 0.220638 -0.0198785
1264.91 857.502 1773.39 -0.213237 0.215247 -0.0415223
1328.17 909.488 1789.35 -0.243103 0.214702 -0.0247319
1339.63 951.797 1796.94 -0.249787 0.215528 -0.018633
1321.78 927.543 1783.9 -0.239457 0.208055 -0.0257847
1267.22 879.065 1770.27 -0.214237 0.207113 -0.0409072
1284.68 908.499 1768.86 -0.219994 0.200517 -0.0370166
1304.5 949.379 1759.82 -0.222924 0.195127 -0.0304389
1270.48 929.758 1756.24 -0.208083 0.191239 -0.0382265
1334.46 849.011 1779.43 -0.23587 0.227255 -0.0309733
1270.56 907.486 1764.42 -0.213049 0.197917 -0.0394763
1337.71 857.834 1793.17 -0.245026 0.230531 -0.0262999
1302.86 867.565 1790.64 -0.235689 0.219218 -0.0326537
1294.13 847.246 1793.01 -0.2334 0.224946 -0.0340042
1296.9 946.449 1772.88 -0.228052 0.196547 -0.0293312
1341.51 913.253 1797.77 -0.25118 0.221486 -0.02084
1315.11 911.515 1781.83 -0.235642 0.208483 -0.0285446
1252.04 885.212 1763.68 -0.206457 0.202948 -0.0427332
1257.03 867.897 1768.9 -0.209428 0.210415 -0.0429516
1340.38 902.302 1771.74 -0.237218 0.214053 -0.0276167
1305.09 864.377 1774.81 -0.225328 0.216581 -0.0355401
1316.97 934.675 1762.97 -0.227023 0.201028 -0.0298541
1263.28 918.422 1758.54 -0.207716 0.193053 -0.0399217
1260.78 894.379 1765.56 -0.210927 0.200593 -0.0413844
1309.87 885.936 1770.5 -0.226324 0.211084 -0.0341509
1252.3 923.874 1751.15 -0.200945 0.189996 -0.0422004
1317.85 951.938 1759.81 -0.226793 0.197941 -0.0280125
1318.82 854.371 1804.88 -0.247619 0.229027 -0.0275346
1354.66 895.775 1789.86 -0.250204 0.227452 -0.0215402
1301.38 922.968 1775.83 -0.229326 0.20149 -0.0316586
1350.59 931.497 1764.07 -0.240146 0.209656 -0.0252637
1306.11 954.856 1779.23 -0.233597 0.199079 -0.0253725
1337.76 891.519 1778.11 -0.239295 0.218256 -0.0273009
1350.59 873.804 1775.5 -0.241506 0.224236 -0.0272108
1328.58 871.687 1778.28 -0.235605 0.220275 -0.0307061
1245.66 872.083 1762.58 -0.203141 0.206864 -0.0442639
1340.97 845.684 1796.71 -0.24669 0.235391 -0.0251511
1308.4 936.86 1776.92 -0.232253 0.202266 -0.0284265
1325.98 887.262 1772.23 -0.231776 0.214077 -0.0309424
1245.26 898.551 1757.07 -0.200204 0.196559 -0.0438223
1341.36 896.44 1802.45 -0.253049 0.226239 -0.0208276
1252.88 853.203 1768.3 -0.205963 0.214422 -0.0442359
1255.72 907.037 1758.59 -0.205378 0.194531 -0.0421015
1332.72 927.646 1776.94 -0.238367 0.210108 -0.0251898
1307.06 918.442 1764.44 -0.223688 0.202003 -0.0331481
1326.57 905.667 1768.23 -0.231231 0.209386 -0.0302987
1333.98 942.751 1774.99 -0.238794 0.208441 -0.0231867
1320.06 892.955 1790.68 -0.241482 0.215835 -0.0273388
1280.11 952.152 1766.15 -0.219667 0.190099 -0.0322189
1312.13 864.932 1799.48 -0.243141 0.223926 -0.0290881
1298.49 931.025 1798.65 -0.245701 0.19841 -0.0277087
1303.53 944.282 1802.26 -0.248604 0.195873 -0.024224
1292.14 952.154 1796.85 -0.24327 0.189136 -0.025677
1286.08 932.22 1791.08 -0.23687 0.195397 -0.0306725
1284.5 944.963 1790.26 -0.237069 0.190408 -0.0286989
1252.61 859.205 1792.46 -0.22386 0.218181 -0.0372169
1274.96 937.281 1785.17 -0.230792 0.189876 -0.0323482
1263.99 856.848 1799.59 -0.231611 0.221932 -0.0348632
1296.58 911.687 1798.99 -0.245373 0.205627 -0.029179
1263.58 943.231 1778.54 -0.224123 0.186821 -0.0344197
1285.66 919.316 1791.67 -0.23738 0.199128 -0.0315048
1263.09 869.857 1795.37 -0.230654 0.21615 -0.035412
1274.75 867.407 1801.38 -0.236869 0.218661 -0.0333562
1248.69 876.242 1788.35 -0.22212 0.211276 -0.0378478
1269.61 909.4 1788.1 -0.230497 0.200198 -0.034685
