x y z dx dy dz  # rigid-removed deformational residual
1.27857000e+03 9.37489000e+02 1.80049000e+03 -3.96642580e-02 -2.64784501e-02 2.56206474e-02
1.27845000e+03 9.13058000e+02 1.80238000e+03 -3.18013496e-02 -4.46876711e-03 2.61042895e-02
1.27725000e+03 9.49092000e+02 1.80164000e+03 -4.46338196e-02 -3.77750028e-02 2.45405811e-02
1.26930000e+03 9.43464000e+02 1.79571000e+03 -3.39383248e-02 -2.92785549e-02 2.91131972e-02
1.26805000e+03 9.54943000e+02 1.79745000e+03 -4.42648046e-02 -3.73756331e-02 2.71951853e-02
1.27024000e+03 9.31284000e+02 1.79589000e+03 -2.69839183e-02 -1.67523478e-02 3.10093813e-02
1.26002000e+03 9.49803000e+02 1.79096000e+03 -2.91735823e-02 -3.09948985e-02 3.00199473e-02
1.25233000e+03 9.31123000e+02 1.78634000e+03 -1.24333619e-02 -1.19992318e-02 3.75663018e-02
1.25304000e+03 9.19488000e+02 1.78895000e+03 -8.56102944e-03 -4.09979498e-03 3.78771241e-02
1.25377000e+03 9.08542000e+02 1.79224000e+03 -8.92854900e-03 3.96658724e-03 3.88914621e-02
1.25458000e+03 8.97715000e+02 1.79585000e+03 -7.00558170e-03 1.12033419e-02 3.88705961e-02
1.24554000e+03 8.90874000e+02 1.79365000e+03 1.61197743e-03 1.51859991e-02 3.85572345e-02
1.25527000e+03 8.86549000e+02 1.79950000e+03 -4.44033461e-03 1.48501099e-02 3.52728328e-02
1.24614000e+03 8.79489000e+02 1.79735000e+03 2.06942824e-03 2.13807222e-02 3.77257013e-02
1.25574000e+03 8.75187000e+02 1.80304000e+03 -2.65973002e-03 2.04939892e-02 3.48309471e-02
1.24680000e+03 8.67949000e+02 1.80101000e+03 4.81447535e-03 2.66289935e-02 3.57671631e-02
1.24750000e+03 8.56469000e+02 1.80454000e+03 4.20467473e-03 2.88224975e-02 3.58435868e-02
1.26356000e+03 9.04505000e+02 1.79785000e+03 -1.49343826e-02 3.85479549e-03 3.32530470e-02
1.26528000e+03 8.82142000e+02 1.80497000e+03 -1.16913415e-02 1.43511434e-02 2.94070359e-02
1.26238000e+03 9.14611000e+02 1.79465000e+03 -1.70625191e-02 3.15362818e-03 3.91275346e-02
1.26480000e+03 8.93717000e+02 1.80144000e+03 -1.49879017e-02 8.90158018e-03 3.02441322e-02
1.27513000e+03 9.02031000e+02 1.80346000e+03 -2.69898363e-02 6.30342692e-04 2.54820712e-02
1.27918000e+03 9.25389000e+02 1.80094000e+03 -3.32484833e-02 -9.85514554e-03 2.68788750e-02
1.25136000e+03 9.43670000e+02 1.78504000e+03 -1.40142636e-02 -1.94155824e-02 3.74405026e-02
1.26092000e+03 9.37425000e+02 1.79057000e+03 -2.13181702e-02 -1.94205017e-02 3.15299405e-02
1.26173000e+03 9.25535000e+02 1.79211000e+03 -1.85366515e-02 -1.09623125e-02 3.44618804e-02
1.27125000e+03 9.19382000e+02 1.79783000e+03 -2.54234832e-02 -6.49412906e-03 2.87880739e-02
1.27088000e+03 9.10241000e+02 1.79957000e+03 -2.27199692e-02 -3.25444134e-04 3.42842728e-02
1.27901000e+03 8.49672000e+02 1.79554000e+03 -4.81884315e-03 2.28177750e-02 1.40783308e-02
1.26873000e+03 8.46087000e+02 1.79072000e+03 3.93240423e-03 2.61417337e-02 1.74190998e-02
1.27167000e+03 8.57387000e+02 1.79019000e+03 2.57735704e-04 2.12849204e-02 1.77243202e-02
1.26134000e+03 8.53871000e+02 1.78554000e+03 8.97649116e-03 2.52821303e-02 2.04973073e-02
1.26424000e+03 8.65156000e+02 1.78512000e+03 5.64874014e-03 2.09556393e-02 2.03887143e-02
1.25388000e+03 8.61726000e+02 1.78063000e+03 1.37306121e-02 2.50041906e-02 2.33593897e-02
1.25103000e+03 8.50382000e+02 1.78079000e+03 1.64352422e-02 2.90859276e-02 2.34105421e-02
1.24640000e+03 8.69696000e+02 1.77590000e+03 1.76149723e-02 2.30894438e-02 2.73961644e-02
1.28206000e+03 8.60904000e+02 1.79469000e+03 -7.75277118e-03 1.72103108e-02 1.34886565e-02
1.31989000e+03 8.94057000e+02 1.80349000e+03 -4.01915718e-02 5.14255048e-03 2.30670546e-03
1.32305000e+03 9.05217000e+02 1.80164000e+03 -4.33522457e-02 3.20302842e-04 1.75062549e-03
1.31282000e+03 9.01504000e+02 1.79725000e+03 -3.25757655e-02 4.04362731e-04 3.96903942e-03
1.31582000e+03 9.12588000e+02 1.79573000e+03 -3.58547270e-02 -3.99354352e-03 3.90116224e-03
1.30556000e+03 9.09255000e+02 1.79138000e+03 -2.61254870e-02 -2.15581267e-03 6.70562187e-03
1.24868000e+03 9.44227000e+02 1.75877000e+03 1.89747114e-02 -9.61960550e-03 2.81082499e-02
1.25851000e+03 9.47715000e+02 1.76416000e+03 9.42294704e-03 -1.28066675e-02 2.25805218e-02
1.25588000e+03 9.36001000e+02 1.76374000e+03 1.30461722e-02 -8.09589695e-03 2.39480923e-02
1.26586000e+03 9.39420000e+02 1.76834000e+03 4.26225519e-03 -1.02669435e-02 2.12171390e-02
1.26309000e+03 9.27598000e+02 1.76895000e+03 6.73094348e-03 -5.59144107e-03 2.12109230e-02
1.27337000e+03 9.30914000e+02 1.77293000e+03 -7.72332174e-04 -8.76009304e-03 1.79951902e-02
1.26976000e+03 9.18952000e+02 1.77400000e+03 1.10487876e-03 -5.00949133e-03 1.92869501e-02
1.30247000e+03 8.98022000e+02 1.79319000e+03 -2.39539494e-02 2.12438960e-03 7.21717134e-03
1.30828000e+03 9.20582000e+02 1.79027000e+03 -2.93145945e-02 -5.23947400e-03 5.96830714e-03
1.25213000e+03 9.24329000e+02 1.76483000e+03 1.62311990e-02 -2.35753975e-03 2.67339087e-02
1.27565000e+03 9.42844000e+02 1.77331000e+03 -5.68773839e-03 -1.17609777e-02 1.94665381e-02
1.31802000e+03 9.23433000e+02 1.79484000e+03 -3.91572303e-02 -5.97944173e-03 3.97041124e-03
1.29512000e+03 9.05926000e+02 1.78756000e+03 -1.76867716e-02 -6.94102465e-04 9.25900543e-03
1.29188000e+03 8.94596000e+02 1.78960000e+03 -1.62789753e-02 3.78562221e-03 1.13389743e-02
1.29919000e+03 8.86833000e+02 1.79529000e+03 -2.12177790e-02 6.23382391e-03 7.83605530e-03
1.28326000e+03 9.34295000e+02 1.77714000e+03 -8.90333288e-03 -9.09497617e-03 1.48974890e-02
1.28504000e+03 9.46146000e+02 1.77857000e+03 -1.57131531e-02 -1.36373142e-02 1.66663808e-02
1.31061000e+03 9.32209000e+02 1.79040000e+03 -3.30936049e-02 -7.68839013e-03 5.31994430e-03
1.27713000e+03 9.54374000e+02 1.77593000e+03 -1.25425276e-02 -1.58175257e-02 2.05336449e-02
1.28442000e+03 9.02568000e+02 1.78427000e+03 -1.03651394e-02 1.48333591e-03 1.18968030e-02
1.28110000e+03 8.91183000e+02 1.78632000e+03 -8.59380725e-03 5.27053193e-03 1.29313516e-02
1.27359000e+03 8.99185000e+02 1.78124000e+03 -3.82417262e-03 3.04027710e-03 1.72690163e-02
1.33154000e+03 9.46388000e+02 1.80259000e+03 -5.90110611e-02 -2.95102360e-03 4.29385250e-03
1.30289000e+03 8.68135000e+02 1.80333000e+03 -2.45845169e-02 1.39591122e-02 8.09499151e-03
1.27032000e+03 8.87770000e+02 1.78306000e+03 -2.49203777e-03 9.74388673e-03 1.84456289e-02
1.26283000e+03 8.95732000e+02 1.77816000e+03 8.71635397e-04 7.35345038e-03 2.38752824e-02
1.28767000e+03 9.14088000e+02 1.78235000e+03 -1.19160487e-02 -3.88931191e-03 1.21505052e-02
1.29414000e+03 9.49452000e+02 1.78413000e+03 -2.66705087e-02 -1.52717602e-02 1.41595555e-02
1.30071000e+03 9.29130000e+02 1.78562000e+03 -2.31129184e-02 -8.59809808e-03 8.51782557e-03
1.27778000e+03 8.79848000e+02 1.78805000e+03 -6.30013006e-03 1.04846067e-02 1.45167875e-02
1.29959000e+03 8.56957000e+02 1.80490000e+03 -2.14099316e-02 1.78644392e-02 8.13168211e-03
1.25960000e+03 8.84296000e+02 1.77953000e+03 5.23129133e-03 1.48711714e-02 2.36074094e-02
1.33116000e+03 9.34415000e+02 1.80115000e+03 -5.38256836e-02 -3.35651227e-03 7.72674984e-04
1.26613000e+03 9.07248000e+02 1.77607000e+03 7.32076508e-04 8.03551409e-04 2.13162700e-02
1.25532000e+03 9.03554000e+02 1.77295000e+03 9.77217585e-03 5.10080255e-03 2.65739528e-02
1.32383000e+03 9.42378000e+02 1.79789000e+03 -4.99704331e-02 -6.65094995e-03 5.46404466e-03
1.25853000e+03 9.15198000e+02 1.77054000e+03 8.48919206e-03 3.49124760e-04 2.51662984e-02
1.24687000e+03 9.11661000e+02 1.76659000e+03 1.73145513e-02 3.49186134e-03 2.93783984e-02
1.30291000e+03 9.41167000e+02 1.78704000e+03 -2.88022983e-02 -1.07320899e-02 9.11874800e-03
1.26795000e+03 9.51223000e+02 1.76988000e+03 -1.16220637e-03 -1.49187353e-02 2.21083767e-02
1.27699000e+03 9.10706000e+02 1.77911000e+03 -5.02663758e-03 -1.73644805e-03 1.58912355e-02
1.28855000e+03 8.83326000e+02 1.79164000e+03 -1.33756174e-02 8.33368930e-03 1.10375144e-02
1.30628000e+03 8.79281000e+02 1.80137000e+03 -2.75186297e-02 8.28126384e-03 5.90060655e-03
1.30962000e+03 8.90399000e+02 1.79925000e+03 -3.07608161e-02 4.47382285e-03 5.53934830e-03
1.33527000e+03 9.21857000e+02 1.80451000e+03 -5.59466866e-02 2.29629045e-03 -1.53015683e-03
1.32622000e+03 9.16686000e+02 1.80044000e+03 -4.63177305e-02 -1.32257340e-03 1.18011836e-03
1.29582000e+03 8.75656000e+02 1.79733000e+03 -1.85833006e-02 1.09542654e-02 9.22517868e-03
1.28034000e+03 9.22426000e+02 1.77747000e+03 -5.45625465e-03 -6.52480080e-03 1.39956797e-02
1.29811000e+03 9.17387000e+02 1.78603000e+03 -1.99567550e-02 -4.89513765e-03 8.91478927e-03
1.32207000e+03 9.52371000e+02 1.79948000e+03 -5.21493330e-02 -7.35259251e-03 8.61993861e-03
1.31387000e+03 9.44821000e+02 1.79323000e+03 -4.09169513e-02 -8.58142583e-03 8.08564457e-03
1.28929000e+03 8.53282000e+02 1.80027000e+03 -1.34058130e-02 2.14523134e-02 1.14798554e-02
1.24928000e+03 8.80939000e+02 1.77561000e+03 1.45257375e-02 1.73245330e-02 2.75007075e-02
1.29248000e+03 8.64476000e+02 1.79904000e+03 -1.64210240e-02 1.59870823e-02 1.05822167e-02
1.28524000e+03 8.72099000e+02 1.79339000e+03 -1.07213279e-02 1.25946156e-02 1.21767462e-02
1.24562000e+03 9.33034000e+02 1.75914000e+03 2.12863199e-02 -4.22122956e-03 2.95718071e-02
1.27471000e+03 8.68606000e+02 1.78937000e+03 -3.48516184e-03 1.56072174e-02 1.61909858e-02
1.26720000e+03 8.76433000e+02 1.78435000e+03 5.77889073e-04 1.71662978e-02 2.10229950e-02
1.29061000e+03 9.25811000e+02 1.78129000e+03 -1.42754460e-02 -7.21141978e-03 1.16818621e-02
1.29291000e+03 9.37740000e+02 1.78176000e+03 -1.87359051e-02 -1.08179888e-02 1.27408808e-02
1.25672000e+03 8.73044000e+02 1.78031000e+03 9.86342712e-03 2.00714866e-02 2.33062166e-02
1.25239000e+03 8.92063000e+02 1.77480000e+03 9.25400149e-03 1.29043974e-02 2.84400322e-02
1.30337000e+03 9.53258000e+02 1.79024000e+03 -3.66751448e-02 -1.37251833e-02 1.35196938e-02
1.32607000e+03 9.25806000e+02 1.79887000e+03 -4.65110789e-02 -4.21410790e-03 1.94157417e-03
1.24571000e+03 8.98893000e+02 1.77009000e+03 1.61152926e-02 9.83360752e-03 3.07030188e-02
1.32001000e+03 9.33461000e+02 1.79523000e+03 -4.22161387e-02 -6.83138942e-03 3.61740672e-03
1.34230000e+03 8.47115000e+02 1.76982000e+03 -1.28084761e-02 1.39945031e-02 -1.82741661e-02
1.33449000e+03 8.54317000e+02 1.76814000e+03 -9.58908511e-03 1.24127194e-02 -1.48041767e-02
1.34538000e+03 8.58312000e+02 1.76772000e+03 -1.43035716e-02 1.07059409e-02 -1.86822137e-02
1.33677000e+03 8.65823000e+02 1.76599000e+03 -9.96504192e-03 8.43503252e-03 -1.54031933e-02
1.34785000e+03 8.69634000e+02 1.76562000e+03 -1.47702470e-02 7.49458826e-03 -1.88893492e-02
1.33886000e+03 8.77239000e+02 1.76388000e+03 -1.11771383e-02 5.30351424e-03 -1.59761933e-02
1.35007000e+03 8.81031000e+02 1.76354000e+03 -1.59078691e-02 4.38552077e-03 -1.88320858e-02
1.34159000e+03 8.88747000e+02 1.76183000e+03 -1.21965692e-02 2.51934070e-03 -1.53954867e-02
1.35259000e+03 8.92524000e+02 1.76151000e+03 -1.71545889e-02 9.21257937e-04 -1.88834802e-02
1.34411000e+03 9.00458000e+02 1.75978000e+03 -1.30613499e-02 -4.33367216e-04 -1.46699325e-02
1.34583000e+03 9.11917000e+02 1.75781000e+03 -1.27870837e-02 -3.59280671e-03 -1.45197129e-02
1.33345000e+03 9.06839000e+02 1.75824000e+03 -7.54968360e-03 -1.49285904e-03 -1.04344179e-02
1.33665000e+03 9.19619000e+02 1.75610000e+03 -9.20941487e-03 -4.01543469e-03 -1.02163520e-02
1.32555000e+03 9.15991000e+02 1.75619000e+03 -4.55216698e-03 -4.40003430e-03 -6.74961706e-03
1.32783000e+03 9.27621000e+02 1.75423000e+03 -5.19674947e-03 -6.74399293e-03 -6.55049307e-03
1.31643000e+03 9.23854000e+02 1.75402000e+03 1.94257896e-05 -4.95646065e-03 -1.89129332e-03
1.31882000e+03 9.35405000e+02 1.75209000e+03 -6.78243991e-04 -6.86778129e-03 -8.75969181e-04
1.30781000e+03 9.31481000e+02 1.75145000e+03 4.29978081e-03 -6.91246861e-03 1.93254638e-03
1.30987000e+03 9.42970000e+02 1.74954000e+03 3.62463214e-03 -9.50075532e-03 2.94787398e-03
1.29888000e+03 9.38898000e+02 1.74824000e+03 9.58942420e-03 -7.07731737e-03 4.66288167e-03
1.30087000e+03 9.50336000e+02 1.74650000e+03 8.68366038e-03 -9.94916572e-03 6.15409925e-03
1.28999000e+03 9.45964000e+02 1.74443000e+03 1.36099890e-02 -9.02689285e-03 9.52557519e-03
1.32101000e+03 9.47044000e+02 1.75024000e+03 -9.01684329e-04 -1.02314496e-02 3.25610995e-04
1.31460000e+03 9.12487000e+02 1.75608000e+03 8.71227182e-04 -2.15798870e-03 -3.33285242e-03
1.28722000e+03 9.33457000e+02 1.74654000e+03 1.38671235e-02 -5.84500967e-03 8.07295304e-03
1.28135000e+03 9.53895000e+02 1.74024000e+03 1.70164731e-02 -1.07137648e-02 1.25423512e-02
1.32563000e+03 8.61751000e+02 1.76635000e+03 -5.24933052e-03 1.13073159e-02 -1.08821748e-02
1.25003000e+03 8.58891000e+02 1.75513000e+03 2.56084929e-02 2.27412543e-02 1.67811061e-02
1.24527000e+03 8.69083000e+02 1.75122000e+03 2.78698103e-02 2.02112961e-02 1.95642372e-02
1.25496000e+03 8.48721000e+02 1.75900000e+03 2.33696785e-02 2.56282312e-02 1.53342732e-02
1.25639000e+03 8.69416000e+02 1.75571000e+03 2.30637000e-02 1.85076311e-02 1.54761773e-02
1.25171000e+03 8.79665000e+02 1.75207000e+03 2.52694204e-02 1.44754326e-02 1.76932842e-02
1.26306000e+03 8.80114000e+02 1.75584000e+03 2.03537441e-02 1.25460920e-02 1.30106262e-02
1.25858000e+03 8.90478000e+02 1.75215000e+03 2.25512873e-02 9.51640873e-03 1.50528096e-02
1.26791000e+03 8.69566000e+02 1.75902000e+03 1.88726420e-02 1.62549625e-02 1.02701110e-02
1.27467000e+03 8.80201000e+02 1.75849000e+03 1.61604990e-02 1.17203934e-02 7.57860549e-03
1.27965000e+03 8.69420000e+02 1.76130000e+03 1.41873393e-02 1.44508132e-02 5.87641607e-03
1.28644000e+03 8.79832000e+02 1.76028000e+03 1.16881238e-02 9.78305893e-03 4.01982100e-03
1.28150000e+03 8.90908000e+02 1.75735000e+03 1.34881860e-02 7.11359428e-03 6.51189267e-03
1.24511000e+03 9.23117000e+02 1.73428000e+03 3.09756582e-02 1.58581378e-03 2.12959850e-02
1.32918000e+03 8.85439000e+02 1.76199000e+03 -6.10272099e-03 4.28756064e-03 -1.09857789e-02
1.24703000e+03 9.41564000e+02 1.72835000e+03 3.14532484e-02 -4.36862293e-03 2.17820805e-02
1.29145000e+03 8.68955000e+02 1.76282000e+03 8.69444615e-03 1.27321894e-02 2.02576579e-03
1.28472000e+03 8.58799000e+02 1.76392000e+03 1.14634637e-02 1.67481623e-02 4.10725956e-03
1.29825000e+03 8.79073000e+02 1.76151000e+03 6.84675786e-03 8.99188790e-03 -3.68087365e-04
1.33911000e+03 9.31574000e+02 1.75414000e+03 -9.25570531e-03 -7.58607815e-03 -9.21112340e-03
1.29648000e+03 8.58330000e+02 1.76525000e+03 6.84431936e-03 1.50171847e-02 -2.66898822e-04
1.28991000e+03 8.48372000e+02 1.76655000e+03 9.44370455e-03 2.00961108e-02 1.69187719e-03
1.27808000e+03 8.48660000e+02 1.76488000e+03 1.44486802e-02 2.11216773e-02 6.17771855e-03
1.35271000e+03 9.47339000e+02 1.75196000e+03 -1.39054494e-02 -1.27158894e-02 -1.13444828e-02
1.24944000e+03 9.06589000e+02 1.74333000e+03 2.79106045e-02 5.95368158e-03 1.90654851e-02
1.31319000e+03 8.47948000e+02 1.76846000e+03 -8.04326835e-04 1.65442116e-02 -7.79336080e-03
1.25334000e+03 9.52136000e+02 1.72901000e+03 2.96870513e-02 -7.76849788e-03 2.14648593e-02
1.25793000e+03 9.41898000e+02 1.73321000e+03 2.73390241e-02 -5.24649481e-03 1.83250641e-02
1.26430000e+03 9.52176000e+02 1.73382000e+03 2.52675715e-02 -8.88454406e-03 1.75696812e-02
1.26846000e+03 9.42024000e+02 1.73764000e+03 2.21644219e-02 -5.99647259e-03 1.48174031e-02
1.26268000e+03 9.32159000e+02 1.73841000e+03 2.42514895e-02 -3.82673553e-03 1.51106027e-02
1.27404000e+03 9.32456000e+02 1.74263000e+03 1.96144229e-02 -5.20815553e-03 1.14490266e-02
1.26717000e+03 9.22539000e+02 1.74374000e+03 2.08362282e-02 -1.30014962e-03 1.36641618e-02
1.27909000e+03 9.22402000e+02 1.74755000e+03 1.71187697e-02 -2.42043536e-03 9.43810365e-03
1.27176000e+03 9.12284000e+02 1.74905000e+03 1.91226717e-02 7.75055208e-04 1.08887949e-02
1.28380000e+03 9.12020000e+02 1.75202000e+03 1.48030141e-02 -1.16046979e-04 7.26170436e-03
1.27669000e+03 9.01736000e+02 1.75372000e+03 1.69598767e-02 3.20683513e-03 8.90037394e-03
1.28849000e+03 9.01212000e+02 1.75584000e+03 1.13947244e-02 2.97756362e-03 4.13378664e-03
1.29560000e+03 9.11346000e+02 1.75423000e+03 8.81016427e-03 -8.48815647e-04 3.00255513e-03
1.30036000e+03 9.00652000e+02 1.75730000e+03 5.87438764e-03 1.42944936e-03 1.80995444e-04
1.26538000e+03 9.02246000e+02 1.75079000e+03 2.04015397e-02 4.91749457e-03 1.26638376e-02
1.29335000e+03 8.90223000e+02 1.75890000e+03 8.79163577e-03 5.68717008e-03 1.50103464e-03
1.30527000e+03 8.89402000e+02 1.76001000e+03 3.97758090e-03 4.60279897e-03 -2.22470190e-03
1.30979000e+03 8.77709000e+02 1.76253000e+03 1.91266396e-03 8.36057081e-03 -4.21166275e-03
1.31281000e+03 9.00669000e+02 1.75829000e+03 5.87067935e-04 1.04494693e-03 -4.31482791e-03
1.29121000e+03 9.21441000e+02 1.75080000e+03 1.22387583e-02 -3.32205529e-03 5.86796827e-03
1.31712000e+03 8.87971000e+02 1.76098000e+03 -1.46289373e-03 4.34146754e-03 -6.51255857e-03
1.32494000e+03 8.97254000e+02 1.75961000e+03 -4.55395204e-03 9.74283500e-04 -8.48235310e-03
1.25615000e+03 9.22891000e+02 1.73936000e+03 2.58838081e-02 -6.46472679e-04 1.72416207e-02
1.33228000e+03 9.51095000e+02 1.75044000e+03 -5.35600203e-03 -1.24199876e-02 -2.48859950e-03
1.31194000e+03 9.54560000e+02 1.74784000e+03 2.91549394e-03 -1.25844623e-02 4.55510322e-03
1.33011000e+03 9.39368000e+02 1.75232000e+03 -5.36698322e-03 -9.53933888e-03 -4.69652277e-03
1.30411000e+03 9.20048000e+02 1.75336000e+03 5.60345365e-03 -3.10283127e-03 9.33990473e-04
1.25892000e+03 9.11699000e+02 1.74513000e+03 2.39610642e-02 1.94900436e-03 1.55425865e-02
1.26133000e+03 8.59066000e+02 1.75908000e+03 2.16621649e-02 2.18698874e-02 1.35360493e-02
1.26640000e+03 8.48772000e+02 1.76243000e+03 1.93285524e-02 2.36239819e-02 1.15562658e-02
1.27295000e+03 8.59051000e+02 1.76195000e+03 1.62030808e-02 1.89634911e-02 8.46409775e-03
1.34815000e+03 9.23732000e+02 1.75583000e+03 -1.41732860e-02 -6.39158483e-03 -1.33566587e-02
1.32764000e+03 8.72704000e+02 1.76433000e+03 -6.67330414e-03 8.35304923e-03 -1.10679156e-02
1.35046000e+03 9.35572000e+02 1.75388000e+03 -1.35016022e-02 -9.76160173e-03 -1.23551102e-02
1.25168000e+03 9.32013000e+02 1.73372000e+03 2.86880858e-02 -2.24464448e-03 1.91795426e-02
1.26988000e+03 8.91059000e+02 1.75516000e+03 1.80159920e-02 7.94212320e-03 1.11608177e-02
1.34139000e+03 9.43375000e+02 1.75221000e+03 -9.34953506e-03 -1.08628692e-02 -7.75285482e-03
1.30175000e+03 8.47927000e+02 1.76771000e+03 4.05617268e-03 1.74491012e-02 -2.76882104e-03
1.30325000e+03 8.68208000e+02 1.76391000e+03 4.28598248e-03 1.19604964e-02 -2.35170890e-03
1.31572000e+03 8.67430000e+02 1.76481000e+03 -1.20673500e-03 1.08963039e-02 -7.24009190e-03
1.24736000e+03 8.89487000e+02 1.74796000e+03 2.79777602e-02 1.15186859e-02 1.98361197e-02
1.27899000e+03 9.43014000e+02 1.74143000e+03 1.77076610e-02 -7.38369282e-03 1.17615148e-02
1.32421000e+03 8.50188000e+02 1.76856000e+03 -4.96035293e-03 1.50762882e-02 -1.18800016e-02
1.25499000e+03 8.99798000e+02 1.74814000e+03 2.45354356e-02 6.77377375e-03 1.64973619e-02
1.30784000e+03 8.57722000e+02 1.76621000e+03 1.74049741e-03 1.43762172e-02 -4.65008517e-03
1.33470000e+03 8.95804000e+02 1.76029000e+03 -9.11057536e-03 1.29306115e-03 -1.24174867e-02
1.32243000e+03 9.06812000e+02 1.75770000e+03 -3.02392514e-03 -2.02172737e-03 -6.71647481e-03
1.31943000e+03 8.78348000e+02 1.76291000e+03 -2.42517760e-03 6.94079552e-03 -8.48792598e-03
1.31733000e+03 8.56993000e+02 1.76690000e+03 -2.04732653e-03 1.36897446e-02 -8.35329437e-03
1.24864000e+03 9.14865000e+02 1.73951000e+03 2.88361944e-02 3.34416004e-03 1.98612699e-02
1.29790000e+03 9.29131000e+02 1.75022000e+03 9.34079606e-03 -4.74508184e-03 4.34185533e-03
1.30510000e+03 9.09991000e+02 1.75571000e+03 4.71023768e-03 -7.68012935e-05 -1.81923882e-04
1.35217000e+03 8.50273000e+02 1.76951000e+03 -1.68042390e-02 1.32412199e-02 -2.17320533e-02
1.27275000e+03 9.50877000e+02 1.73747000e+03 2.07469250e-02 -8.51641074e-03 1.47210315e-02
1.24504000e+03 8.89476000e+02 1.69991000e+03 3.27884529e-02 5.76604684e-04 8.98608130e-03
1.25291000e+03 8.98565000e+02 1.69848000e+03 3.09722744e-02 -3.16588260e-03 5.37510041e-03
1.24524000e+03 8.58145000e+02 1.70581000e+03 3.06628646e-02 9.50203028e-03 7.13715182e-03
1.24884000e+03 9.09634000e+02 1.69629000e+03 3.35907744e-02 -4.71352273e-03 8.27861531e-03
1.26072000e+03 9.07658000e+02 1.69705000e+03 2.91471334e-02 -6.22280827e-03 2.99863482e-03
1.26849000e+03 9.16754000e+02 1.69562000e+03 2.70737704e-02 -8.99435953e-03 6.89655352e-04
1.27259000e+03 9.05691000e+02 1.69779000e+03 2.46822252e-02 -7.63094528e-03 -2.67369522e-03
1.28034000e+03 9.14793000e+02 1.69636000e+03 2.28374183e-02 -1.09593093e-02 -5.01960678e-03
1.28446000e+03 9.03729000e+02 1.69853000e+03 2.06716138e-02 -9.23308230e-03 -7.57388654e-03
1.29220000e+03 9.12834000e+02 1.69710000e+03 1.79115850e-02 -1.23608528e-02 -9.49901414e-03
1.29632000e+03 9.01770000e+02 1.69925000e+03 1.58641790e-02 -9.98807079e-03 -1.33433939e-02
1.30404000e+03 9.10876000e+02 1.69782000e+03 1.36274096e-02 -1.27686540e-02 -1.44424923e-02
1.30817000e+03 8.99811000e+02 1.69996000e+03 1.08549436e-02 -1.11331882e-02 -1.78159005e-02
1.31588000e+03 9.08919000e+02 1.69854000e+03 8.43649361e-03 -1.50504553e-02 -2.01083428e-02
1.32002000e+03 8.97853000e+02 1.70067000e+03 6.01296744e-03 -1.32553056e-02 -2.25006794e-02
1.31175000e+03 9.19984000e+02 1.69641000e+03 1.04427604e-02 -1.63491986e-02 -1.64286345e-02
1.32358000e+03 9.18027000e+02 1.69713000e+03 6.13684440e-03 -1.74934063e-02 -2.13605842e-02
1.24959000e+03 8.47056000e+02 1.70808000e+03 2.82165832e-02 1.22328299e-02 4.57806187e-03
1.31945000e+03 9.29093000e+02 1.69500000e+03 8.24137057e-03 -1.93041496e-02 -1.78467483e-02
1.33128000e+03 9.27138000e+02 1.69574000e+03 3.79757470e-03 -2.04419122e-02 -2.28519425e-02
1.34311000e+03 9.25183000e+02 1.69647000e+03 -1.67002190e-03 -2.05753974e-02 -2.62323367e-02
1.31231000e+03 8.88745000e+02 1.70209000e+03 8.61641738e-03 -9.57303852e-03 -2.07252372e-02
1.32415000e+03 8.86786000e+02 1.70279000e+03 3.63638119e-03 -1.13422849e-02 -2.52365432e-02
1.31645000e+03 8.77681000e+02 1.70423000e+03 6.49021064e-03 -8.31516629e-03 -2.35953184e-02
1.32829000e+03 8.75724000e+02 1.70493000e+03 2.12069317e-03 -8.70541265e-03 -2.85253689e-02
1.32059000e+03 8.66624000e+02 1.70638000e+03 4.61162015e-03 -5.88757152e-03 -2.53051054e-02
1.33243000e+03 8.64670000e+02 1.70708000e+03 -3.97119240e-04 -6.77681789e-03 -3.05999726e-02
1.32473000e+03 8.55579000e+02 1.70856000e+03 1.47954413e-03 -3.69280914e-03 -2.79863594e-02
1.33656000e+03 8.53627000e+02 1.70928000e+03 -4.12007510e-03 -5.08901682e-03 -3.31377704e-02
1.34426000e+03 8.62716000e+02 1.70780000e+03 -6.32625719e-03 -7.67902557e-03 -3.52195391e-02
1.30874000e+03 8.68579000e+02 1.70568000e+03 9.00361890e-03 -5.17473156e-03 -2.05966098e-02
1.31703000e+03 8.46497000e+02 1.71007000e+03 3.69294390e-03 -6.32632776e-04 -2.50346965e-02
1.27670000e+03 8.94623000e+02 1.69996000e+03 2.24393831e-02 -5.00112463e-03 -5.22328525e-03
1.25742000e+03 8.56202000e+02 1.70653000e+03 2.63915796e-02 7.90804655e-03 8.10065389e-04
1.33599000e+03 8.84828000e+02 1.70349000e+03 -1.56339564e-03 -1.20815312e-02 -2.99494213e-02
1.25698000e+03 8.87487000e+02 1.70066000e+03 2.83826395e-02 -6.74965002e-04 2.41243580e-03
1.29334000e+03 8.50387000e+02 1.70866000e+03 1.35859535e-02 3.05973101e-03 -1.49660609e-02
1.28143000e+03 8.52329000e+02 1.70795000e+03 1.80747798e-02 4.69241005e-03 -1.01944216e-02
1.28915000e+03 8.61429000e+02 1.70645000e+03 1.58658493e-02 1.26076902e-03 -1.31653865e-02
1.27722000e+03 8.63378000e+02 1.70574000e+03 2.02694911e-02 2.74163526e-03 -7.94105157e-03
1.28498000e+03 8.72486000e+02 1.70427000e+03 1.81560376e-02 -1.19421256e-03 -1.06654974e-02
1.27305000e+03 8.74442000e+02 1.70356000e+03 2.23694950e-02 3.14653682e-04 -5.40176821e-03
1.30103000e+03 8.59480000e+02 1.70715000e+03 1.15284067e-02 -7.28851747e-04 -1.82395178e-02
1.28083000e+03 8.83553000e+02 1.70211000e+03 2.04494210e-02 -3.39993626e-03 -8.20143221e-03
1.29272000e+03 8.81595000e+02 1.70283000e+03 1.57572456e-02 -4.66970556e-03 -1.29365140e-02
1.28858000e+03 8.92662000e+02 1.70068000e+03 1.81744297e-02 -6.32430032e-03 -1.04768495e-02
1.26891000e+03 8.85516000e+02 1.70139000e+03 2.43578932e-02 -1.92638616e-03 -2.41090955e-03
1.26480000e+03 8.96590000e+02 1.69922000e+03 2.64292913e-02 -4.22120681e-03 1.84746955e-04
1.26108000e+03 8.76405000e+02 1.70284000e+03 2.65159672e-02 1.25317179e-03 -1.46941956e-04
1.25320000e+03 8.67286000e+02 1.70431000e+03 2.86265677e-02 5.72114282e-03 3.42540726e-03
1.33542000e+03 9.16071000e+02 1.69785000e+03 8.23187725e-04 -1.87952076e-02 -2.52819069e-02
1.34725000e+03 9.14115000e+02 1.69857000e+03 -3.84746895e-03 -1.93004153e-02 -3.00726289e-02
1.33955000e+03 9.05003000e+02 1.69996000e+03 -1.35045861e-03 -1.65139094e-02 -2.82267984e-02
1.35138000e+03 9.03047000e+02 1.70068000e+03 -6.43211528e-03 -1.80721171e-02 -3.38562204e-02
1.34369000e+03 8.93936000e+02 1.70208000e+03 -3.94204486e-03 -1.52384822e-02 -3.16684628e-02
1.34782000e+03 8.82871000e+02 1.70420000e+03 -6.10411239e-03 -1.31214615e-02 -3.46759711e-02
1.33185000e+03 8.95894000e+02 1.70137000e+03 1.39393125e-03 -1.37359584e-02 -2.68524846e-02
1.32772000e+03 9.06961000e+02 1.69925000e+03 3.33451750e-03 -1.55509792e-02 -2.45661209e-02
1.35196000e+03 8.71812000e+02 1.70635000e+03 -8.70922161e-03 -1.04588667e-02 -3.72316135e-02
1.26946000e+03 8.54269000e+02 1.70725000e+03 2.21798882e-02 7.00837323e-03 -4.40183351e-03
1.26524000e+03 8.65328000e+02 1.70503000e+03 2.44463924e-02 4.15346951e-03 -2.38388529e-03
1.24908000e+03 8.78383000e+02 1.70210000e+03 3.04367283e-02 2.62002562e-03 5.54570265e-03
1.35080000e+03 9.34298000e+02 1.69510000e+03 -4.65865272e-03 -2.43588646e-02 -2.79633833e-02
1.26170000e+03 8.45160000e+02 1.70878000e+03 2.35798867e-02 1.11805563e-02 -1.63231546e-03
1.29687000e+03 8.70532000e+02 1.70498000e+03 1.35570989e-02 -2.67870439e-03 -1.53191682e-02
1.35494000e+03 9.23229000e+02 1.69719000e+03 -6.75215985e-03 -2.27536050e-02 -3.09909032e-02
1.34013000e+03 8.73768000e+02 1.70563000e+03 -3.46156493e-03 -1.02386590e-02 -3.26191916e-02
1.30459000e+03 8.79638000e+02 1.70353000e+03 1.11257281e-02 -6.58873272e-03 -1.84602666e-02
1.31288000e+03 8.57530000e+02 1.70785000e+03 6.81670472e-03 -2.14069171e-03 -2.26903748e-02
1.30519000e+03 8.48443000e+02 1.70936000e+03 8.30980769e-03 1.46289105e-03 -2.02843513e-02
1.29991000e+03 9.21940000e+02 1.69567000e+03 1.56818157e-02 -1.57558424e-02 -1.15814118e-02
1.34839000e+03 8.51676000e+02 1.71001000e+03 -9.03763425e-03 -6.41950197e-03 -3.75682537e-02
1.30045000e+03 8.90704000e+02 1.70139000e+03 1.33944536e-02 -8.27560495e-03 -1.56593299e-02
1.28730000e+03 8.47539000e+02 1.69642000e+03 1.38702159e-02 8.97879317e-04 -1.54601477e-02
1.30111000e+03 8.49415000e+02 1.69725000e+03 9.44323515e-03 -1.92491352e-03 -2.18771887e-02
1.34586000e+03 8.65149000e+02 1.69608000e+03 -6.65067653e-03 -1.24858167e-02 -3.88694477e-02
1.29358000e+03 8.61594000e+02 1.69742000e+03 1.37825945e-02 -2.99264852e-03 -1.71723269e-02
1.31930000e+03 8.62281000e+02 1.69673000e+03 4.14152532e-03 -7.46524645e-03 -2.80840143e-02
1.26413000e+03 8.53935000e+02 1.69706000e+03 2.34313293e-02 4.27149620e-03 -4.77741755e-03
1.32979000e+03 8.50201000e+02 1.69973000e+03 -1.46632949e-03 -6.46217280e-03 -3.36251421e-02
1.33681000e+03 8.76297000e+02 1.69645000e+03 -1.93770310e-03 -1.24638736e-02 -3.34749828e-02
1.34303000e+03 8.53724000e+02 1.69908000e+03 -6.64465045e-03 -9.03806604e-03 -3.83230442e-02
1.29886000e+03 8.72698000e+02 1.69557000e+03 1.26273965e-02 -6.44573965e-03 -1.79973130e-02
1.31502000e+03 8.46448000e+02 1.69962000e+03 3.66048400e-03 -3.57837147e-03 -2.70319116e-02
1.28193000e+03 8.57644000e+02 1.69842000e+03 1.74511938e-02 5.85150934e-04 -1.21030867e-02
1.32271000e+03 8.53920000e+02 1.73832000e+03 -1.29279487e-03 7.72637247e-03 -2.00576451e-02
1.32772000e+03 9.06159000e+02 1.72593000e+03 -5.46171284e-04 -7.18924684e-03 -1.75622734e-02
1.34071000e+03 9.52242000e+02 1.71885000e+03 -2.88498697e-03 -1.82448922e-02 -1.42736807e-02
1.34798000e+03 9.25086000e+02 1.72783000e+03 -8.53812534e-03 -1.24666010e-02 -2.11128782e-02
1.34814000e+03 8.83610000e+02 1.73138000e+03 -9.92709126e-03 -3.99659749e-03 -2.70869896e-02
1.29402000e+03 8.47393000e+02 1.73613000e+03 9.72900406e-03 1.25571790e-02 -9.10108178e-03
1.32008000e+03 9.31312000e+02 1.72391000e+03 4.16676908e-03 -1.16996881e-02 -1.00301248e-02
1.30351000e+03 8.74844000e+02 1.73625000e+03 7.78430787e-03 4.95752170e-03 -1.04291040e-02
1.29539000e+03 9.04356000e+02 1.72604000e+03 1.23140103e-02 -3.25018562e-03 -5.43557546e-03
1.27640000e+03 8.69222000e+02 1.73490000e+03 1.79080881e-02 9.51323240e-03 -1.37144026e-04
1.29465000e+03 9.29581000e+02 1.71907000e+03 1.46432687e-02 -9.16686835e-03 -2.63902525e-03
1.27264000e+03 8.95286000e+02 1.72544000e+03 2.11615707e-02 1.50690524e-03 1.80420233e-03
1.27956000e+03 9.53942000e+02 1.71551000e+03 2.24044851e-02 -1.32283475e-02 7.18078391e-03
1.31874000e+03 8.78538000e+02 1.73384000e+03 2.34041097e-03 1.51433504e-03 -1.67604046e-02
1.26960000e+03 9.18528000e+02 1.72047000e+03 2.33526618e-02 -4.36774149e-03 5.77839725e-03
1.25329000e+03 8.80126000e+02 1.72581000e+03 2.73342976e-02 8.62225786e-03 8.83166155e-03
1.34599000e+03 8.60793000e+02 1.73227000e+03 -1.01326476e-02 1.10833273e-03 -2.91144193e-02
1.24707000e+03 8.59069000e+02 1.72795000e+03 2.79853050e-02 1.63961011e-02 1.14293577e-02
1.25233000e+03 9.07554000e+02 1.71888000e+03 2.97791293e-02 6.15524516e-04 1.13302524e-02
1.26488000e+03 9.30848000e+02 1.70894000e+03 2.72237498e-02 -8.44064835e-03 7.12546933e-03
1.34185000e+03 8.99042000e+02 1.73104000e+03 -6.83187003e-03 -6.01278851e-03 -2.28380586e-02
1.31237000e+03 9.15537000e+02 1.71443000e+03 7.57228136e-03 -1.02459878e-02 -1.33376663e-02
1.32052000e+03 9.54368000e+02 1.73573000e+03 2.35602620e-03 -1.47067663e-02 -2.07244087e-03
1.34173000e+03 8.52025000e+02 1.74801000e+03 -1.04553857e-02 8.33848228e-03 -2.44437914e-02
1.30897000e+03 8.87958000e+02 1.72033000e+03 7.60181223e-03 -3.04486571e-03 -1.52745334e-02
1.28734000e+03 8.91093000e+02 1.74169000e+03 1.32462419e-02 3.76443601e-03 -1.06349413e-03
1.30893000e+03 8.46512000e+02 1.74815000e+03 2.88097190e-03 1.36746104e-02 -1.24260980e-02
1.33418000e+03 9.37490000e+02 1.73107000e+03 -3.04158924e-03 -1.19453286e-02 -1.20037227e-02
1.34075000e+03 9.12999000e+02 1.71906000e+03 -4.32524182e-03 -1.16720933e-02 -2.27862263e-02
1.30420000e+03 8.61189000e+02 1.72956000e+03 7.27606422e-03 5.05718505e-03 -1.41927275e-02
1.33400000e+03 9.35527000e+02 1.71320000e+03 -3.15978843e-05 -1.61718198e-02 -1.71847754e-02
1.32369000e+03 8.93046000e+02 1.73558000e+03 1.75329560e-05 -1.84477598e-03 -1.62101191e-02
1.31598000e+03 8.72209000e+02 1.74803000e+03 7.66140775e-04 5.80045094e-03 -1.26687117e-02
1.28375000e+03 8.82741000e+02 1.71693000e+03 1.72064860e-02 4.39533964e-04 -6.37857202e-03
1.33461000e+03 8.67491000e+02 1.74360000e+03 -6.46423884e-03 4.37448706e-03 -2.10207574e-02
1.30664000e+03 9.44942000e+02 1.72368000e+03 1.03044312e-02 -1.23565062e-02 -2.76527837e-03
1.32806000e+03 9.21742000e+02 1.74095000e+03 -2.31288244e-03 -6.71117669e-03 -1.07798293e-02
1.31985000e+03 9.50851000e+02 1.70918000e+03 7.71794789e-03 -1.82673343e-02 -9.35257596e-03
1.30646000e+03 9.26024000e+02 1.73069000e+03 8.03016008e-03 -7.82832203e-03 -5.08676739e-03
1.28919000e+03 8.69788000e+02 1.74899000e+03 1.13930989e-02 1.11010728e-02 -1.44865918e-03
1.34637000e+03 9.42672000e+02 1.70600000e+03 -4.05398730e-03 -2.10133324e-02 -2.18661184e-02
1.33903000e+03 8.84280000e+02 1.71710000e+03 -4.09874656e-03 -6.79461138e-03 -2.74477448e-02
1.24797000e+03 9.23663000e+02 1.71384000e+03 3.27815994e-02 -2.79382460e-03 1.51148288e-02
1.24913000e+03 9.52730000e+02 1.70802000e+03 3.46114022e-02 -1.05141997e-02 1.81114432e-02
1.29885000e+03 9.44237000e+02 1.70649000e+03 1.59521465e-02 -1.48971342e-02 -4.84847939e-03
1.32925000e+03 9.20098000e+02 1.71250000e+03 9.77684204e-04 -1.34864369e-02 -1.90738296e-02
1.28080000e+03 8.54381000e+02 1.72865000e+03 1.55224750e-02 1.10644613e-02 -4.93224118e-03
1.35252000e+03 8.64884000e+02 1.74952000e+03 -1.50393651e-02 4.24808967e-03 -2.62636792e-02
1.28991000e+03 9.13657000e+02 1.71107000e+03 1.71326427e-02 -8.37353197e-03 -5.55731442e-03
1.31078000e+03 9.07576000e+02 1.73794000e+03 5.19200544e-03 -3.01491753e-03 -8.13833921e-03
1.27938000e+03 9.10024000e+02 1.73489000e+03 1.83196998e-02 -7.69383354e-04 3.76874077e-03
1.25995000e+03 8.60517000e+02 1.74284000e+03 2.25361289e-02 1.67144021e-02 8.69800821e-03
1.28043000e+03 8.58201000e+02 1.74823000e+03 1.47310383e-02 1.51771547e-02 1.11447577e-03
1.26554000e+03 8.61421000e+02 1.72011000e+03 2.26035564e-02 9.55324929e-03 2.98388873e-04
1.33651000e+03 8.87053000e+02 1.74902000e+03 -7.33364615e-03 1.33731858e-03 -1.80004235e-02
1.29582000e+03 8.74331000e+02 1.71759000e+03 1.23631146e-02 3.98744614e-04 -1.21879850e-02
1.27804000e+03 9.34682000e+02 1.72793000e+03 2.01767017e-02 -7.00872746e-03 6.67670204e-03
1.25655000e+03 8.95150000e+02 1.73185000e+03 2.61115585e-02 5.31715697e-03 1.06633856e-02
1.26547000e+03 8.84238000e+02 1.73875000e+03 2.14929167e-02 8.26021598e-03 7.19727816e-03
1.26821000e+03 8.82137000e+02 1.71817000e+03 2.27221216e-02 3.82358528e-03 2.41886482e-04
1.30635000e+03 9.29724000e+02 1.70992000e+03 1.14426994e-02 -1.27595046e-02 -8.78679867e-03
1.32922000e+03 8.66478000e+02 1.72098000e+03 -1.61419683e-03 -1.25494354e-03 -2.59916768e-02
1.28012000e+03 9.32617000e+02 1.70885000e+03 2.22543514e-02 -1.04017997e-02 1.02705668e-03
1.30778000e+03 8.60328000e+02 1.74739000e+03 3.73243695e-03 1.02269616e-02 -1.06037743e-02
1.34472000e+03 8.69561000e+02 1.71879000e+03 -7.71494696e-03 -5.24526159e-03 -3.18227496e-02
1.31159000e+03 8.71203000e+02 1.71841000e+03 6.31949507e-03 -1.11711664e-03 -1.81794087e-02
1.34374000e+03 9.14953000e+02 1.74437000e+03 -1.02478326e-02 -6.47483556e-03 -1.64630253e-02
1.35146000e+03 8.92305000e+02 1.71875000e+03 -9.56026283e-03 -9.25923908e-03 -3.08954754e-02
1.26537000e+03 9.04767000e+02 1.71028000e+03 2.58686743e-02 -2.91391468e-03 2.73898637e-03
1.28630000e+03 8.96558000e+02 1.71248000e+03 1.76907451e-02 -4.02636396e-03 -6.59088657e-03
1.25263000e+03 8.48138000e+02 1.74354000e+03 2.47215601e-02 2.18774960e-02 1.17807647e-02
1.25977000e+03 8.93627000e+02 1.71452000e+03 2.63759072e-02 1.52385836e-03 5.19399668e-03
1.30332000e+03 8.92946000e+02 1.73683000e+03 7.93468681e-03 1.08770735e-03 -7.80262930e-03
1.32412000e+03 8.54915000e+02 1.75498000e+03 -3.51973383e-03 1.12884236e-02 -1.51618390e-02
1.35336000e+03 9.33710000e+02 1.74113000e+03 -1.28474473e-02 -1.15869825e-02 -1.72700820e-02
1.35171000e+03 8.92310000e+02 1.74869000e+03 -1.45036136e-02 -1.37079930e-03 -2.23463547e-02
1.26272000e+03 9.08203000e+02 1.73356000e+03 2.44549094e-02 1.62445896e-03 1.03871127e-02
1.34353000e+03 8.45576000e+02 1.72461000e+03 -8.92968149e-03 1.98889429e-03 -3.23157559e-02
1.32635000e+03 8.95012000e+02 1.71557000e+03 1.56919646e-03 -7.70747318e-03 -2.17054614e-02
1.32660000e+03 9.08194000e+02 1.74460000e+03 -2.51043120e-03 -3.95278439e-03 -1.13444294e-02
1.25468000e+03 9.22061000e+02 1.72515000e+03 2.85917176e-02 -1.87694027e-03 1.40792971e-02
1.28877000e+03 9.21945000e+02 1.73655000e+03 1.45034514e-02 -4.52483370e-03 2.94012775e-03
1.26159000e+03 9.16287000e+02 1.70787000e+03 2.77895299e-02 -5.49266509e-03 5.81019394e-03
1.30295000e+03 9.05196000e+02 1.71035000e+03 1.19855448e-02 -8.32461094e-03 -1.26544122e-02
1.27876000e+03 8.80944000e+02 1.74694000e+03 1.55943732e-02 8.97207864e-03 3.06772686e-03
1.29829000e+03 8.90319000e+02 1.71179000e+03 1.27713476e-02 -4.62194717e-03 -1.21531569e-02
1.29478000e+03 8.82516000e+02 1.74799000e+03 9.73016285e-03 6.11399574e-03 -3.17990786e-03
1.31580000e+03 9.43504000e+02 1.73815000e+03 3.79811162e-03 -1.18937321e-02 -2.41153588e-03
1.28711000e+03 9.48340000e+02 1.72933000e+03 1.73261432e-02 -1.03239686e-02 7.12640712e-03
1.31965000e+03 9.35417000e+02 1.70688000e+03 7.21681815e-03 -1.65406461e-02 -1.37085959e-02
1.25027000e+03 8.67440000e+02 1.71725000e+03 2.86496395e-02 1.01130327e-02 7.81319081e-03
1.29440000e+03 8.55030000e+02 1.75475000e+03 8.04267605e-03 1.52849885e-02 -3.47181163e-03
1.35096000e+03 8.49200000e+02 1.73900000e+03 -1.38625258e-02 4.36858114e-03 -3.11766379e-02
1.29425000e+03 9.05150000e+02 1.74366000e+03 1.09448090e-02 -3.73402493e-04 -4.02363053e-04
1.26779000e+03 9.47216000e+02 1.70309000e+03 2.82395360e-02 -1.34110713e-02 7.25730936e-03
1.34958000e+03 8.77945000e+02 1.75100000e+03 -1.41653560e-02 2.24654415e-03 -2.32153752e-02
1.34517000e+03 9.45666000e+02 1.74071000e+03 -8.63416772e-03 -1.32761696e-02 -1.17147601e-02
1.34826000e+03 9.39474000e+02 1.72253000e+03 -7.62083267e-03 -1.56751671e-02 -1.91816865e-02
1.27879000e+03 8.68839000e+02 1.71826000e+03 1.83743569e-02 5.08205785e-03 -5.33244263e-03
1.27442000e+03 8.97215000e+02 1.74229000e+03 1.85120878e-02 3.99272131e-03 5.78149672e-03
1.30040000e+03 9.19207000e+02 1.70676000e+03 1.37649817e-02 -1.11606339e-02 -1.00166773e-02
1.35288000e+03 8.54299000e+02 1.75769000e+03 -1.67365049e-02 8.80703385e-03 -2.50047983e-02
1.32270000e+03 8.82246000e+02 1.71529000e+03 2.69678479e-03 -5.18103975e-03 -2.29475065e-02
1.35020000e+03 9.12177000e+02 1.72892000e+03 -9.83892701e-03 -1.01046238e-02 -2.34136130e-02
1.33569000e+03 9.15178000e+02 1.73140000e+03 -3.76900895e-03 -7.22511868e-03 -1.73095037e-02
1.32569000e+03 9.47112000e+02 1.72256000e+03 2.63756223e-03 -1.48542412e-02 -8.61553871e-03
1.30940000e+03 8.50049000e+02 1.73375000e+03 3.95429349e-03 8.35625589e-03 -1.56277936e-02
1.28814000e+03 8.76568000e+02 1.73356000e+03 1.39770514e-02 4.83652423e-03 -4.95946469e-03
1.31588000e+03 8.65336000e+02 1.73319000e+03 2.68029168e-03 4.48314005e-03 -1.71507039e-02
1.30140000e+03 9.15646000e+02 1.72301000e+03 1.06785684e-02 -6.97086918e-03 -6.85225332e-03
1.32857000e+03 8.47092000e+02 1.72030000e+03 -2.73760137e-03 1.72950795e-03 -2.75794172e-02
1.31293000e+03 9.03067000e+02 1.72303000e+03 6.09967868e-03 -5.58884651e-03 -1.39038012e-02
1.33500000e+03 9.26228000e+02 1.72439000e+03 -1.94838336e-03 -1.17896596e-02 -1.68927589e-02
1.25575000e+03 8.75577000e+02 1.74310000e+03 2.51899113e-02 1.33105007e-02 1.19960674e-02
1.27077000e+03 8.69152000e+02 1.74790000e+03 1.85448675e-02 1.34987298e-02 5.58041849e-03
1.26717000e+03 9.44671000e+02 1.72218000e+03 2.56740368e-02 -8.78094230e-03 1.20282399e-02
1.32371000e+03 9.07365000e+02 1.71093000e+03 3.01153868e-03 -1.13720202e-02 -1.99245232e-02
1.28487000e+03 9.47566000e+02 1.70208000e+03 2.22254394e-02 -1.51839188e-02 5.18892623e-04
1.32522000e+03 8.81568000e+02 1.75100000e+03 -3.24769417e-03 3.20255714e-03 -1.38739996e-02
1.31007000e+03 8.83465000e+02 1.74944000e+03 3.69739987e-03 4.22214727e-03 -8.11017596e-03
1.34321000e+03 9.26379000e+02 1.70799000e+03 -3.31039899e-03 -1.71579692e-02 -2.40938595e-02
1.25184000e+03 9.38529000e+02 1.70267000e+03 3.32608442e-02 -9.41862368e-03 1.26575251e-02
1.35449000e+03 8.80218000e+02 1.71587000e+03 -1.07077559e-02 -8.21919135e-03 -3.47077611e-02
1.27340000e+03 8.93744000e+02 1.71150000e+03 2.25194352e-02 -1.60342692e-03 -1.84623689e-03
1.29355000e+03 9.33322000e+02 1.70330000e+03 1.78438013e-02 -1.39210152e-02 -4.92334776e-03
1.30951000e+03 9.48166000e+02 1.70222000e+03 1.26652656e-02 -1.83954371e-02 -7.75943106e-03
1.27154000e+03 9.21818000e+02 1.73378000e+03 2.14027135e-02 -2.98520162e-03 8.75094267e-03
1.34857000e+03 9.53435000e+02 1.70145000e+03 -3.09382123e-03 -2.44796796e-02 -2.12208446e-02
1.31903000e+03 9.16844000e+02 1.72886000e+03 3.82370244e-03 -7.30970350e-03 -1.15863808e-02
1.32070000e+03 9.30555000e+02 1.74179000e+03 1.30511886e-03 -8.52659285e-03 -5.42387324e-03
1.24640000e+03 9.36108000e+02 1.71713000e+03 3.36287729e-02 -5.07391407e-03 1.81277427e-02
1.33876000e+03 8.61850000e+02 1.75689000e+03 -9.84213396e-03 8.03839595e-03 -1.88983719e-02
1.29462000e+03 9.37805000e+02 1.73521000e+03 1.26406068e-02 -8.23691065e-03 2.96046137e-03
1.32982000e+03 9.44023000e+02 1.70365000e+03 3.52723930e-03 -1.99047186e-02 -1.57211435e-02
1.30056000e+03 9.16248000e+02 1.74231000e+03 9.13709073e-03 -3.50150765e-03 -1.71658974e-03
1.24861000e+03 8.62810000e+02 1.74144000e+03 2.66947411e-02 1.84923907e-02 1.40269454e-02
1.31520000e+03 8.56292000e+02 1.72045000e+03 3.92852269e-03 1.77799108e-03 -2.14265913e-02
1.33569000e+03 8.52838000e+02 1.73217000e+03 -6.06886467e-03 3.79651678e-03 -2.65166996e-02
1.28541000e+03 8.96810000e+02 1.73026000e+03 1.57407821e-02 5.72139751e-04 -1.53213056e-03
1.27878000e+03 8.84474000e+02 1.73145000e+03 1.76236009e-02 4.99067954e-03 -7.16430615e-04
1.27787000e+03 9.13595000e+02 1.70716000e+03 2.19394813e-02 -7.24534838e-03 -1.60326912e-03
1.35170000e+03 8.71091000e+02 1.73652000e+03 -1.26204513e-02 -1.91534871e-04 -2.91846998e-02
1.27848000e+03 9.06663000e+02 1.72019000e+03 1.95859336e-02 -3.23209060e-03 2.67550611e-04
1.33875000e+03 9.30141000e+02 1.74356000e+03 -6.56052899e-03 -8.35215407e-03 -1.20280578e-02
1.33545000e+03 8.78372000e+02 1.73312000e+03 -4.91829458e-03 -4.50595647e-04 -2.33973118e-02
1.35301000e+03 9.05022000e+02 1.71271000e+03 -9.08461416e-03 -1.35006605e-02 -3.06649389e-02
1.31709000e+03 9.22176000e+02 1.70579000e+03 7.23435219e-03 -1.44364408e-02 -1.61577988e-02
1.26157000e+03 8.71438000e+02 1.71439000e+03 2.50915557e-02 6.35761711e-03 1.74930762e-03
1.28373000e+03 9.19277000e+02 1.72271000e+03 1.80152835e-02 -5.72965167e-03 1.44463312e-04
1.26089000e+03 8.69827000e+02 1.73059000e+03 2.42698911e-02 1.10054941e-02 5.51085743e-03
1.24774000e+03 9.12557000e+02 1.70562000e+03 3.27659548e-02 -2.64009830e-03 1.11206964e-02
1.26147000e+03 9.33186000e+02 1.72605000e+03 2.65881638e-02 -5.60196716e-03 1.33308850e-02
1.31342000e+03 8.97562000e+02 1.70947000e+03 7.48012628e-03 -9.22369497e-03 -1.80835791e-02
1.29132000e+03 8.63407000e+02 1.73451000e+03 1.18156809e-02 8.43340013e-03 -7.47016059e-03
1.32566000e+03 8.67766000e+02 1.75501000e+03 -4.22129453e-03 7.56117656e-03 -1.43222838e-02
1.30312000e+03 8.71979000e+02 1.75308000e+03 5.51685099e-03 8.58770420e-03 -5.10736877e-03
1.33790000e+03 9.00811000e+02 1.71130000e+03 -2.51968107e-03 -1.17326067e-02 -2.60248917e-02
1.29431000e+03 8.86881000e+02 1.72747000e+03 1.25151947e-02 4.95246313e-04 -7.22116206e-03
1.27568000e+03 9.51096000e+02 1.72887000e+03 2.15031067e-02 -9.81571892e-03 1.11716973e-02
1.29729000e+03 8.93664000e+02 1.74935000e+03 8.47340746e-03 3.31226700e-03 -2.00567405e-03
1.27009000e+03 8.57969000e+02 1.73610000e+03 1.90405947e-02 1.41804995e-02 1.92148201e-03
1.34286000e+03 8.57557000e+02 1.71861000e+03 -7.76171901e-03 -3.00885742e-03 -3.23974809e-02
1.24863000e+03 8.87565000e+02 1.73803000e+03 2.84711562e-02 9.60581797e-03 1.53478003e-02
1.28933000e+03 9.41736000e+02 1.71698000e+03 1.80034410e-02 -1.17580829e-02 1.35571185e-03
1.25467000e+03 9.46680000e+02 1.71870000e+03 3.09034411e-02 -8.21138390e-03 1.71936806e-02
1.25425000e+03 8.81973000e+02 1.71130000e+03 2.82684926e-02 4.09086898e-03 5.40023971e-03
1.33455000e+03 8.47668000e+02 1.75942000e+03 -9.15579757e-03 1.25431043e-02 -1.84274653e-02
1.31275000e+03 8.98326000e+02 1.74880000e+03 2.65050489e-03 1.03819643e-04 -6.96823286e-03
1.25533000e+03 8.53408000e+02 1.71710000e+03 2.59452872e-02 1.27338323e-02 4.01149286e-03
1.34007000e+03 9.11579000e+02 1.70762000e+03 -2.46555565e-03 -1.54093123e-02 -2.57767770e-02
1.25962000e+03 8.54899000e+02 1.73066000e+03 2.32467680e-02 1.54459393e-02 5.35805398e-03
1.32882000e+03 9.44500000e+02 1.74177000e+03 -2.08170544e-03 -1.19930423e-02 -5.57193672e-03
1.31229000e+03 9.19709000e+02 1.74420000e+03 3.88607205e-03 -4.77124233e-03 -3.99410354e-03
1.33877000e+03 8.99985000e+02 1.74917000e+03 -8.56659004e-03 -1.42799726e-03 -1.57672726e-02
1.27088000e+03 8.50947000e+02 1.71910000e+03 1.97741457e-02 1.05812898e-02 -3.10930836e-03
1.24723000e+03 8.89606000e+02 1.72214000e+03 3.03181679e-02 6.45080873e-03 1.24964309e-02
1.30768000e+03 9.35984000e+02 1.74020000e+03 6.35187075e-03 -8.91160743e-03 -1.03820329e-03
1.29737000e+03 8.59337000e+02 1.71787000e+03 1.14106888e-02 3.14196747e-03 -1.40697224e-02
1.26652000e+03 8.55055000e+02 1.75072000e+03 1.94114703e-02 1.91907662e-02 7.71808633e-03
1.25580000e+03 9.25922000e+02 1.70199000e+03 3.09206421e-02 -7.71882244e-03 8.56024449e-03
1.34783000e+03 9.51849000e+02 1.77919000e+03 -4.39353776e-02 -4.31374000e-03 -4.59249679e-03
1.34178000e+03 8.71796000e+02 1.79080000e+03 -3.22173002e-02 1.14442559e-02 -1.09267256e-02
1.34631000e+03 9.33644000e+02 1.77854000e+03 -3.77100757e-02 -2.79647758e-03 -8.32070645e-03
1.34331000e+03 9.03228000e+02 1.78643000e+03 -3.59550065e-02 3.27368559e-03 -9.01171814e-03
1.32546000e+03 8.47980000e+02 1.79368000e+03 -2.25046142e-02 1.80721044e-02 -6.13925502e-03
1.32916000e+03 8.84308000e+02 1.78524000e+03 -2.51033858e-02 7.07164950e-03 -6.53915833e-03
1.32330000e+03 9.34885000e+02 1.77385000e+03 -2.31217469e-02 -6.01647126e-03 9.79980743e-04
1.31547000e+03 8.64967000e+02 1.78291000e+03 -1.37252378e-02 1.26339384e-02 -3.22811273e-03
1.32638000e+03 9.14984000e+02 1.77688000e+03 -2.31176552e-02 -1.23737137e-03 -3.32341711e-03
1.34284000e+03 8.87399000e+02 1.79147000e+03 -3.67908558e-02 8.31474419e-03 -9.92797840e-03
1.34703000e+03 8.47079000e+02 1.78133000e+03 -2.36461856e-02 1.61383713e-02 -1.76818050e-02
1.31281000e+03 9.44065000e+02 1.76913000e+03 -1.60747602e-02 -7.54482150e-03 5.32614467e-03
1.31288000e+03 8.98301000e+02 1.77711000e+03 -1.38861439e-02 1.85260889e-03 -7.08735862e-04
1.29975000e+03 8.54598000e+02 1.78190000e+03 -4.56341570e-03 1.72671034e-02 1.51281741e-03
1.29979000e+03 8.76661000e+02 1.77844000e+03 -6.03320169e-03 9.10373071e-03 2.83747817e-03
1.31332000e+03 9.25226000e+02 1.77367000e+03 -1.58103194e-02 -3.02006276e-03 2.16399800e-03
1.35121000e+03 8.89224000e+02 1.77656000e+03 -2.90023954e-02 6.20259514e-03 -1.51484434e-02
1.34288000e+03 9.41328000e+02 1.76373000e+03 -2.34320171e-02 -6.95095160e-03 -6.82385834e-03
1.33311000e+03 9.46707000e+02 1.78854000e+03 -4.40693353e-02 -4.45838540e-03 2.03159066e-03
1.35364000e+03 9.04689000e+02 1.80369000e+03 -5.76470405e-02 1.13565965e-02 -8.91872362e-03
1.29085000e+03 9.49018000e+02 1.76094000e+03 9.73061816e-04 -9.59003175e-03 1.25367501e-02
1.32890000e+03 8.98485000e+02 1.78007000e+03 -2.33364088e-02 2.76653081e-03 -4.99598226e-03
1.30012000e+03 9.33790000e+02 1.76495000e+03 -4.19738610e-03 -6.28056237e-03 7.05916512e-03
1.32523000e+03 8.64912000e+02 1.79749000e+03 -2.91770544e-02 1.28650443e-02 -3.90864042e-03
1.30123000e+03 9.08555000e+02 1.77180000e+03 -6.51284676e-03 -5.13513352e-04 3.70461084e-03
1.32985000e+03 8.59201000e+02 1.77908000e+03 -1.58103837e-02 1.30426074e-02 -9.72763091e-03
1.34601000e+03 9.40996000e+02 1.79476000e+03 -5.45854939e-02 1.27028766e-03 -4.22859508e-03
1.28771000e+03 8.65351000e+02 1.77880000e+03 3.20261017e-04 1.49658126e-02 6.52593748e-03
1.29991000e+03 8.91584000e+02 1.77576000e+03 -7.23036300e-03 5.03796722e-03 3.36592557e-03
1.34066000e+03 9.17165000e+02 1.77153000e+03 -2.55663754e-02 -1.52359218e-03 -9.79312933e-03
1.33485000e+03 9.21381000e+02 1.78947000e+03 -3.86684233e-02 -3.98475971e-04 -3.35443381e-03
1.27594000e+03 9.42762000e+02 1.75721000e+03 1.15198366e-02 -7.43847888e-03 1.70494420e-02
1.34033000e+03 8.79587000e+02 1.77763000e+03 -2.31671722e-02 7.18574506e-03 -1.27740510e-02
1.33172000e+03 8.96680000e+02 1.79491000e+03 -3.71772870e-02 5.25538213e-03 -4.02316682e-03
1.31006000e+03 8.53695000e+02 1.79618000e+03 -1.87961913e-02 1.75288851e-02 1.09042143e-03
1.29229000e+03 9.21165000e+02 1.76586000e+03 4.36057561e-04 -4.17102149e-03 7.92483269e-03
1.25473000e+03 9.50225000e+02 1.74504000e+03 2.63879664e-02 -6.98177950e-03 2.35983365e-02
1.28613000e+03 8.81289000e+02 1.77522000e+03 9.81285547e-04 8.99993287e-03 7.98246945e-03
1.33000000e+03 8.80538000e+02 1.79909000e+03 -3.61841779e-02 9.59450260e-03 -4.16462176e-03
1.33619000e+03 9.51881000e+02 1.76310000e+03 -2.15404348e-02 -9.01235218e-03 -2.34967211e-03
1.26386000e+03 9.39786000e+02 1.75003000e+03 2.16780647e-02 -5.93519093e-03 1.91291379e-02
1.28677000e+03 8.95781000e+02 1.77062000e+03 1.84760199e-03 4.08757474e-03 7.47482087e-03
1.34677000e+03 8.62288000e+02 1.77900000e+03 -2.41401447e-02 1.20464535e-02 -1.58968949e-02
1.27923000e+03 8.53437000e+02 1.77981000e+03 5.18511693e-03 1.98671629e-02 9.82737931e-03
1.35355000e+03 9.04121000e+02 1.77196000e+03 -2.96420381e-02 2.18832478e-03 -1.68843770e-02
1.30962000e+03 8.83104000e+02 1.78615000e+03 -1.74097900e-02 7.37929761e-03 6.91740029e-04
1.27258000e+03 8.67678000e+02 1.77534000e+03 7.73774332e-03 1.67779332e-02 1.24798905e-02
1.31595000e+03 8.76028000e+02 1.77451000e+03 -9.68205919e-03 8.41251329e-03 -4.64434690e-03
1.32620000e+03 9.43012000e+02 1.76352000e+03 -1.62190697e-02 -8.27199778e-03 -1.54534656e-04
1.31620000e+03 8.49545000e+02 1.77996000e+03 -8.97630195e-03 1.68284567e-02 -6.16796657e-03
1.35137000e+03 8.60902000e+02 1.79469000e+03 -3.80372899e-02 1.67630595e-02 -1.35145818e-02
1.33089000e+03 9.34496000e+02 1.78747000e+03 -3.89490589e-02 -3.87991749e-03 1.76341834e-04
1.33511000e+03 9.30630000e+02 1.76530000e+03 -2.06079390e-02 -4.98228480e-03 -6.74032822e-03
1.31655000e+03 9.09668000e+02 1.76666000e+03 -8.54074845e-03 -1.94729540e-03 -3.09270904e-03
1.27332000e+03 8.92400000e+02 1.76944000e+03 7.90822053e-03 6.91070908e-03 1.27340780e-02
1.28519000e+03 9.34226000e+02 1.76276000e+03 3.97133748e-03 -5.96755139e-03 1.21019358e-02
1.27729000e+03 9.20692000e+02 1.76226000e+03 9.48612141e-03 -3.85473320e-03 1.31248871e-02
1.32511000e+03 9.21284000e+02 1.76622000e+03 -1.38212527e-02 -3.53020987e-03 -4.25922497e-03
1.24996000e+03 9.35581000e+02 1.74545000e+03 2.83347260e-02 -2.90600756e-03 2.36607645e-02
1.31807000e+03 8.76564000e+02 1.79395000e+03 -2.59534446e-02 9.88928435e-03 -1.04582737e-03
1.31998000e+03 9.45320000e+02 1.78361000e+03 -3.30528222e-02 -7.38019817e-03 5.77715065e-03
1.34497000e+03 9.28790000e+02 1.79724000e+03 -5.29316654e-02 3.02421172e-03 -5.33949001e-03
1.26491000e+03 8.57502000e+02 1.77339000e+03 1.35083544e-02 2.27053305e-02 1.57549969e-02
1.32817000e+03 9.09488000e+02 1.78935000e+03 -3.32746021e-02 -1.06207012e-05 -1.60943872e-03
1.33963000e+03 9.51797000e+02 1.79694000e+03 -5.69075883e-02 -1.30348129e-03 8.77049913e-04
1.32178000e+03 9.27543000e+02 1.78390000e+03 -3.02582466e-02 -4.29909281e-03 1.50117767e-03
1.26722000e+03 8.79065000e+02 1.77027000e+03 1.13981127e-02 1.36977766e-02 1.50489214e-02
1.28468000e+03 9.08499000e+02 1.76886000e+03 2.16321771e-03 -6.59529323e-04 9.21544685e-03
1.30450000e+03 9.49379000e+02 1.75982000e+03 -4.36498969e-03 -9.44622195e-03 7.57558521e-03
1.27048000e+03 9.29758000e+02 1.75624000e+03 1.68214476e-02 -4.00545874e-03 1.68022234e-02
1.33446000e+03 8.49011000e+02 1.77943000e+03 -1.64992384e-02 1.54012460e-02 -1.30624957e-02
1.27056000e+03 9.07486000e+02 1.76442000e+03 1.13589667e-02 1.98582882e-03 1.48428551e-02
1.33771000e+03 8.57834000e+02 1.79317000e+03 -2.94247161e-02 1.55740932e-02 -1.01670250e-02
1.30286000e+03 8.67565000e+02 1.79064000e+03 -1.46644644e-02 1.31899919e-02 3.23007835e-03
1.29413000e+03 8.47246000e+02 1.79301000e+03 -8.66063274e-03 2.10434475e-02 6.18553163e-03
1.29690000e+03 9.46449000e+02 1.77288000e+03 -1.37541760e-02 -9.15244981e-03 1.23871353e-02
1.34151000e+03 9.13253000e+02 1.79777000e+03 -4.83769058e-02 4.01889233e-03 -4.19173343e-03
1.31511000e+03 9.11515000e+02 1.78183000e+03 -2.12250197e-02 -1.87372612e-03 1.46674165e-03
1.25204000e+03 8.85212000e+02 1.76368000e+03 2.18547258e-02 1.47827108e-02 2.23062684e-02
1.25703000e+03 8.67897000e+02 1.76890000e+03 1.76148802e-02 2.08536687e-02 1.82895848e-02
1.34038000e+03 9.02302000e+02 1.77174000e+03 -2.15864300e-02 2.24220197e-03 -1.15902005e-02
1.30509000e+03 8.64377000e+02 1.77481000e+03 -3.22484260e-03 1.24748406e-02 -6.15336741e-04
1.31697000e+03 9.34675000e+02 1.76297000e+03 -1.02723947e-02 -6.31984330e-03 8.92709116e-04
1.26328000e+03 9.18422000e+02 1.75854000e+03 1.83975065e-02 -1.09088192e-03 1.77145105e-02
1.26078000e+03 8.94379000e+02 1.76556000e+03 1.56348153e-02 8.63874035e-03 1.79450892e-02
1.30987000e+03 8.85936000e+02 1.77050000e+03 -5.54340721e-03 6.45668506e-03 -1.59560080e-03
1.25230000e+03 9.23874000e+02 1.75115000e+03 2.52588067e-02 -1.24063430e-04 2.23867720e-02
1.31785000e+03 9.51938000e+02 1.75981000e+03 -1.03310878e-02 -1.01694023e-02 4.19752790e-03
1.31882000e+03 8.54371000e+02 1.80488000e+03 -2.99252384e-02 1.69794987e-02 -4.77251929e-04
1.35466000e+03 8.95775000e+02 1.78986000e+03 -4.31893710e-02 8.95277867e-03 -1.29773263e-02
1.30138000e+03 9.22968000e+02 1.77583000e+03 -1.27969994e-02 -4.90423442e-03 6.46150554e-03
1.35059000e+03 9.31497000e+02 1.76407000e+03 -2.60235622e-02 -5.68805197e-03 -1.27253852e-02
1.30611000e+03 9.54856000e+02 1.77923000e+03 -2.59692788e-02 -9.89734484e-03 1.17939352e-02
1.33776000e+03 8.91519000e+02 1.77811000e+03 -2.46820525e-02 4.28598246e-03 -1.08910990e-02
1.35059000e+03 8.73804000e+02 1.77550000e+03 -2.50316050e-02 9.54180937e-03 -1.64549447e-02
1.32858000e+03 8.71687000e+02 1.77828000e+03 -1.76000705e-02 9.79119169e-03 -8.60770099e-03
1.24566000e+03 8.72083000e+02 1.76258000e+03 2.46355074e-02 2.18049492e-02 2.40201477e-02
1.34097000e+03 8.45684000e+02 1.79671000e+03 -3.08524873e-02 1.94633577e-02 -1.11707752e-02
1.30840000e+03 9.36860000e+02 1.77692000e+03 -2.00486899e-02 -5.65118592e-03 6.46685059e-03
1.32598000e+03 8.87262000e+02 1.77223000e+03 -1.35199713e-02 5.07939235e-03 -7.94396755e-03
1.24526000e+03 8.98551000e+02 1.75707000e+03 2.74060555e-02 8.69357465e-03 2.47854619e-02
1.34136000e+03 8.96440000e+02 1.80245000e+03 -4.91087914e-02 8.94594430e-03 -6.12901892e-03
1.25288000e+03 8.53203000e+02 1.76830000e+03 2.13767992e-02 2.63286610e-02 1.88179810e-02
1.25572000e+03 9.07037000e+02 1.75859000e+03 2.12546949e-02 3.10449343e-03 2.09587639e-02
1.33272000e+03 9.27646000e+02 1.77694000e+03 -2.75768328e-02 -2.96337942e-03 -3.24485096e-03
1.30706000e+03 9.18442000e+02 1.76444000e+03 -4.14788218e-03 -2.77237119e-03 1.38851805e-03
1.32657000e+03 9.05667000e+02 1.76823000e+03 -1.36367355e-02 4.07354530e-04 -6.08094179e-03
1.33398000e+03 9.42751000e+02 1.77499000e+03 -3.15143381e-02 -4.82806818e-03 -7.64435715e-04
1.32006000e+03 8.92955000e+02 1.79068000e+03 -2.74871076e-02 4.00188763e-03 -9.80183037e-04
1.28011000e+03 9.52152000e+02 1.76615000e+03 -1.41392896e-03 -1.23240614e-02 1.77113787e-02
1.31213000e+03 8.64932000e+02 1.79948000e+03 -2.47785242e-02 1.42884473e-02 1.89785627e-03
1.29849000e+03 9.31025000e+02 1.79865000e+03 -3.82030942e-02 -1.36048511e-02 1.35215642e-02
1.30353000e+03 9.44282000e+02 1.80226000e+03 -4.75076973e-02 -1.98821899e-02 1.36559327e-02
1.29214000e+03 9.52154000e+02 1.79685000e+03 -4.12102032e-02 -2.49889711e-02 1.68875694e-02
1.28608000e+03 9.32220000e+02 1.79108000e+03 -2.54503030e-02 -1.49931533e-02 1.64264130e-02
1.28450000e+03 9.44963000e+02 1.79026000e+03 -2.95559357e-02 -2.04116124e-02 1.78657960e-02
1.25261000e+03 8.59205000e+02 1.79246000e+03 7.73901563e-03 2.50233408e-02 2.81225329e-02
1.27496000e+03 9.37281000e+02 1.78517000e+03 -1.74759062e-02 -1.78420887e-02 2.07271358e-02
1.26399000e+03 8.56848000e+02 1.79959000e+03 -1.15638364e-03 2.40339923e-02 2.61718171e-02
1.29658000e+03 9.11687000e+02 1.79899000e+03 -3.30893761e-02 -4.69890694e-03 1.36284461e-02
1.26358000e+03 9.43231000e+02 1.77854000e+03 -8.97559003e-03 -1.70446133e-02 2.36957436e-02
1.28566000e+03 9.19316000e+02 1.79167000e+03 -2.20968438e-02 -8.40759229e-03 1.69191067e-02
1.26309000e+03 8.69857000e+02 1.79537000e+03 -2.13327097e-03 1.94215052e-02 2.64128317e-02
1.27475000e+03 8.67407000e+02 1.80138000e+03 -1.01674712e-02 1.78306116e-02 2.16808153e-02
1.24869000e+03 8.76242000e+02 1.78835000e+03 8.41063885e-03 2.10780693e-02 3.18124261e-02
1.26961000e+03 9.09400000e+02 1.78810000e+03 -1.04435156e-02 -1.86808243e-04 2.43042295e-02
