x y z dx dy dz  # rigid-removed deformational residual
1.27857000e+03 9.37489000e+02 1.80049000e+03 -9.41043438e-03 -1.90240119e-02 2.13079929e-02
1.27845000e+03 9.13058000e+02 1.80238000e+03 -1.20397792e-02 -2.58115426e-03 1.69643905e-02
1.27725000e+03 9.49092000e+02 1.80164000e+03 -7.34858263e-03 -2.53238254e-02 2.23006473e-02
1.26930000e+03 9.43464000e+02 1.79571000e+03 -5.08803777e-03 -2.29704400e-02 2.26921370e-02
1.26805000e+03 9.54943000e+02 1.79745000e+03 -6.26925756e-03 -2.75237886e-02 2.38973128e-02
1.27024000e+03 9.31284000e+02 1.79589000e+03 -4.30611150e-03 -1.42526527e-02 2.12043824e-02
1.26002000e+03 9.49803000e+02 1.79096000e+03 -1.73102072e-03 -2.34684148e-02 2.22905222e-02
1.25233000e+03 9.31123000e+02 1.78634000e+03 3.12014244e-03 -1.34535480e-02 2.18026236e-02
1.25304000e+03 9.19488000e+02 1.78895000e+03 2.05479215e-03 -7.97135036e-03 2.17921289e-02
1.25377000e+03 9.08542000e+02 1.79224000e+03 -1.88606645e-03 -8.82869527e-04 2.23022431e-02
1.25458000e+03 8.97715000e+02 1.79585000e+03 -2.87198249e-03 4.93183169e-03 2.11541742e-02
1.24554000e+03 8.90874000e+02 1.79365000e+03 2.40007906e-04 9.13438483e-03 2.07542750e-02
1.25527000e+03 8.86549000e+02 1.79950000e+03 -3.31240830e-03 1.03399166e-02 2.01585279e-02
1.24614000e+03 8.79489000e+02 1.79735000e+03 -1.99488477e-03 1.56175735e-02 2.09011827e-02
1.25574000e+03 8.75187000e+02 1.80304000e+03 -4.37013036e-03 1.58965590e-02 1.93620810e-02
1.24680000e+03 8.67949000e+02 1.80101000e+03 -1.74799612e-03 2.02157544e-02 1.94353676e-02
1.24750000e+03 8.56469000e+02 1.80454000e+03 -3.80151522e-03 2.40347144e-02 1.91834404e-02
1.26356000e+03 9.04505000e+02 1.79785000e+03 -6.26706345e-03 1.44049513e-03 1.88721003e-02
1.26528000e+03 8.82142000e+02 1.80497000e+03 -8.09996488e-03 1.24995247e-02 1.81866768e-02
1.26238000e+03 9.14611000e+02 1.79465000e+03 -3.51984833e-03 -5.61399456e-03 2.22367526e-02
1.26480000e+03 8.93717000e+02 1.80144000e+03 -7.56476724e-03 6.92551962e-03 1.81650251e-02
1.27513000e+03 9.02031000e+02 1.80346000e+03 -1.18669176e-02 1.59504069e-03 1.62906851e-02
1.27918000e+03 9.25389000e+02 1.80094000e+03 -1.06638152e-02 -9.60464197e-03 2.00563792e-02
1.25136000e+03 9.43670000e+02 1.78504000e+03 5.33073450e-03 -1.81953397e-02 2.30471790e-02
1.26092000e+03 9.37425000e+02 1.79057000e+03 -3.10249298e-05 -1.71429644e-02 2.14992095e-02
1.26173000e+03 9.25535000e+02 1.79211000e+03 -1.35486539e-03 -1.11207124e-02 2.14383075e-02
1.27125000e+03 9.19382000e+02 1.79783000e+03 -8.15378509e-03 -5.95766845e-03 1.82136489e-02
1.27088000e+03 9.10241000e+02 1.79957000e+03 -7.74286425e-03 -8.34197275e-04 1.89565407e-02
1.27901000e+03 8.49672000e+02 1.79554000e+03 -8.13403070e-03 2.14409541e-02 8.96173315e-03
1.26873000e+03 8.46087000e+02 1.79072000e+03 -3.30102891e-03 2.22960556e-02 9.35969017e-03
1.27167000e+03 8.57387000e+02 1.79019000e+03 -4.02732220e-03 1.82700131e-02 9.90681804e-03
1.26134000e+03 8.53871000e+02 1.78554000e+03 6.23109772e-04 1.90671966e-02 1.04708153e-02
1.26424000e+03 8.65156000e+02 1.78512000e+03 -1.76825931e-04 1.49055589e-02 1.06336194e-02
1.25388000e+03 8.61726000e+02 1.78063000e+03 4.91883502e-03 1.65999579e-02 1.19040813e-02
1.25103000e+03 8.50382000e+02 1.78079000e+03 5.14495040e-03 2.02848418e-02 1.12161290e-02
1.24640000e+03 8.69696000e+02 1.77590000e+03 8.39193638e-03 1.29915213e-02 1.32887377e-02
1.28206000e+03 8.60904000e+02 1.79469000e+03 -8.29899701e-03 1.65463341e-02 9.33543363e-03
1.31989000e+03 8.94057000e+02 1.80349000e+03 -1.78573048e-02 1.04528250e-02 9.11265254e-03
1.32305000e+03 9.05217000e+02 1.80164000e+03 -1.77322274e-02 7.33488567e-03 9.32628882e-03
1.31282000e+03 9.01504000e+02 1.79725000e+03 -1.42904457e-02 5.61438314e-03 9.29901256e-03
1.31582000e+03 9.12588000e+02 1.79573000e+03 -1.39721064e-02 2.28357588e-03 9.90130621e-03
1.30556000e+03 9.09255000e+02 1.79138000e+03 -1.06514463e-02 1.31339318e-03 9.88120035e-03
1.24868000e+03 9.44227000e+02 1.75877000e+03 1.80946159e-02 -1.48416118e-02 1.82701569e-02
1.25851000e+03 9.47715000e+02 1.76416000e+03 1.32562796e-02 -1.58021397e-02 1.77070545e-02
1.25588000e+03 9.36001000e+02 1.76374000e+03 1.32310291e-02 -1.24309630e-02 1.68516939e-02
1.26586000e+03 9.39420000e+02 1.76834000e+03 9.04421750e-03 -1.28431602e-02 1.62777407e-02
1.26309000e+03 9.27598000e+02 1.76895000e+03 8.91866866e-03 -9.46875230e-03 1.56411608e-02
1.27337000e+03 9.30914000e+02 1.77293000e+03 5.39514983e-03 -1.01141230e-02 1.43731781e-02
1.26976000e+03 9.18952000e+02 1.77400000e+03 5.19477886e-03 -7.00868575e-03 1.36710581e-02
1.30247000e+03 8.98022000e+02 1.79319000e+03 -1.13256620e-02 5.23909537e-03 9.36970488e-03
1.30828000e+03 9.20582000e+02 1.79027000e+03 -9.92830139e-03 -1.35526643e-03 1.03422298e-02
1.25213000e+03 9.24329000e+02 1.76483000e+03 1.36558906e-02 -9.12949930e-03 1.63277176e-02
1.27565000e+03 9.42844000e+02 1.77331000e+03 5.24878942e-03 -1.28109054e-02 1.63157134e-02
1.31802000e+03 9.23433000e+02 1.79484000e+03 -1.37738116e-02 -1.65183767e-04 1.04448344e-02
1.29512000e+03 9.05926000e+02 1.78756000e+03 -7.13286876e-03 7.93960525e-04 1.04384702e-02
1.29188000e+03 8.94596000e+02 1.78960000e+03 -8.23731469e-03 4.74948577e-03 1.02128978e-02
1.29919000e+03 8.86833000e+02 1.79529000e+03 -1.15750282e-02 8.46298571e-03 8.95734432e-03
1.28326000e+03 9.34295000e+02 1.77714000e+03 2.01731578e-03 -9.22516701e-03 1.39012946e-02
1.28504000e+03 9.46146000e+02 1.77857000e+03 7.77804119e-04 -1.22576468e-02 1.64737055e-02
1.31061000e+03 9.32209000e+02 1.79040000e+03 -8.97818650e-03 -3.02739458e-03 1.11225713e-02
1.27713000e+03 9.54374000e+02 1.77593000e+03 4.78745168e-03 -1.55869574e-02 1.87888515e-02
1.28442000e+03 9.02568000e+02 1.78427000e+03 -4.09943055e-03 8.59112471e-04 1.06509905e-02
1.28110000e+03 8.91183000e+02 1.78632000e+03 -4.43734669e-03 3.91588025e-03 1.03344904e-02
1.27359000e+03 8.99185000e+02 1.78124000e+03 -3.99498299e-04 1.88527373e-05 1.14791145e-02
1.33154000e+03 9.46388000e+02 1.80259000e+03 -1.46393411e-02 2.93594926e-03 1.29629441e-02
1.30289000e+03 8.68135000e+02 1.80333000e+03 -1.54056069e-02 1.67581427e-02 9.05747260e-03
1.27032000e+03 8.87770000e+02 1.78306000e+03 -1.48779658e-03 5.49209067e-03 1.17276829e-02
1.26283000e+03 8.95732000e+02 1.77816000e+03 2.24337345e-03 1.48594792e-03 1.33073568e-02
1.28767000e+03 9.14088000e+02 1.78235000e+03 -2.78313491e-03 -2.84974649e-03 1.15234205e-02
1.29414000e+03 9.49452000e+02 1.78413000e+03 -2.69295792e-03 -1.22144988e-02 1.63571748e-02
1.30071000e+03 9.29130000e+02 1.78562000e+03 -5.33581688e-03 -4.96037542e-03 1.15498252e-02
1.27778000e+03 8.79848000e+02 1.78805000e+03 -5.14942987e-03 8.27659308e-03 1.01695503e-02
1.29959000e+03 8.56957000e+02 1.80490000e+03 -1.59320465e-02 2.07328695e-02 8.08774539e-03
1.25960000e+03 8.84296000e+02 1.77953000e+03 2.59539628e-03 7.12591004e-03 1.27348177e-02
1.33116000e+03 9.34415000e+02 1.80115000e+03 -1.59981182e-02 3.88791615e-03 1.04904633e-02
1.26613000e+03 9.07248000e+02 1.77607000e+03 3.19922949e-03 -3.19899309e-03 1.31235947e-02
1.25532000e+03 9.03554000e+02 1.77295000e+03 8.18931040e-03 -1.64538317e-03 1.44704243e-02
1.32383000e+03 9.42378000e+02 1.79789000e+03 -1.29780928e-02 -3.32989088e-04 1.33856395e-02
1.25853000e+03 9.15198000e+02 1.77054000e+03 8.74058810e-03 -5.81131525e-03 1.51021597e-02
1.24687000e+03 9.11661000e+02 1.76659000e+03 1.29628121e-02 -5.22207435e-03 1.63891235e-02
1.30291000e+03 9.41167000e+02 1.78704000e+03 -5.15775422e-03 -6.53589463e-03 1.34855237e-02
1.26795000e+03 9.51223000e+02 1.76988000e+03 9.25800667e-03 -1.58162612e-02 1.80707871e-02
1.27699000e+03 9.10706000e+02 1.77911000e+03 3.35808195e-04 -3.55501335e-03 1.19269379e-02
1.28855000e+03 8.83326000e+02 1.79164000e+03 -7.97838470e-03 8.58307491e-03 9.08829704e-03
1.30628000e+03 8.79281000e+02 1.80137000e+03 -1.54284520e-02 1.22224414e-02 8.65348585e-03
1.30962000e+03 8.90399000e+02 1.79925000e+03 -1.47163961e-02 9.13335923e-03 9.09119667e-03
1.33527000e+03 9.21857000e+02 1.80451000e+03 -1.91151059e-02 8.81874234e-03 9.31756653e-03
1.32622000e+03 9.16686000e+02 1.80044000e+03 -1.72132456e-02 5.19123492e-03 9.52442785e-03
1.29582000e+03 8.75656000e+02 1.79733000e+03 -1.17856655e-02 1.24164921e-02 8.64131367e-03
1.28034000e+03 9.22426000e+02 1.77747000e+03 1.98783969e-03 -6.83374243e-03 1.22203980e-02
1.29811000e+03 9.17387000e+02 1.78603000e+03 -6.54947512e-03 -2.31502537e-03 1.03679746e-02
1.32207000e+03 9.52371000e+02 1.79948000e+03 -1.02983554e-02 -1.66576184e-03 1.58180828e-02
1.31387000e+03 9.44821000e+02 1.79323000e+03 -8.90639966e-03 -3.93269840e-03 1.40742602e-02
1.28929000e+03 8.53282000e+02 1.80027000e+03 -1.22815786e-02 2.13971810e-02 8.54585622e-03
1.24928000e+03 8.80939000e+02 1.77561000e+03 7.45962120e-03 8.03464586e-03 1.38919373e-02
1.29248000e+03 8.64476000e+02 1.79904000e+03 -1.23192763e-02 1.67778477e-02 8.70003225e-03
1.28524000e+03 8.72099000e+02 1.79339000e+03 -8.41460911e-03 1.17143744e-02 9.28045992e-03
1.24562000e+03 9.33034000e+02 1.75914000e+03 1.77054061e-02 -1.16853449e-02 1.78914564e-02
1.27471000e+03 8.68606000e+02 1.78937000e+03 -5.13401347e-03 1.33218462e-02 1.01551399e-02
1.26720000e+03 8.76433000e+02 1.78435000e+03 -1.20793189e-03 1.06562665e-02 1.11811034e-02
1.29061000e+03 9.25811000e+02 1.78129000e+03 -1.85385365e-03 -5.89441132e-03 1.17807914e-02
1.29291000e+03 9.37740000e+02 1.78176000e+03 -1.77771753e-03 -8.42598063e-03 1.38533854e-02
1.25672000e+03 8.73044000e+02 1.78031000e+03 3.52286659e-03 1.23097759e-02 1.21320853e-02
1.25239000e+03 8.92063000e+02 1.77480000e+03 6.51654243e-03 3.50728176e-03 1.47817975e-02
1.30337000e+03 9.53258000e+02 1.79024000e+03 -5.45624610e-03 -8.54589385e-03 1.72877621e-02
1.32607000e+03 9.25806000e+02 1.79887000e+03 -1.54038001e-02 2.69962386e-03 1.02214274e-02
1.24571000e+03 8.98893000e+02 1.77009000e+03 1.15560833e-02 4.69315410e-04 1.61781781e-02
1.32001000e+03 9.33461000e+02 1.79523000e+03 -1.26326978e-02 -9.75907869e-04 1.15830056e-02
1.34230000e+03 8.47115000e+02 1.76982000e+03 -1.84749520e-02 2.01342913e-02 -9.07351332e-03
1.33449000e+03 8.54317000e+02 1.76814000e+03 -1.48234918e-02 1.70078523e-02 -7.26882030e-03
1.34538000e+03 8.58312000e+02 1.76772000e+03 -1.88236023e-02 1.70039874e-02 -8.60365811e-03
1.33677000e+03 8.65823000e+02 1.76599000e+03 -1.45016114e-02 1.34138542e-02 -6.73728718e-03
1.34785000e+03 8.69634000e+02 1.76562000e+03 -1.87298862e-02 1.41936720e-02 -8.09514837e-03
1.33886000e+03 8.77239000e+02 1.76388000e+03 -1.49706307e-02 1.01168450e-02 -6.34175238e-03
1.35007000e+03 8.81031000e+02 1.76354000e+03 -1.90723680e-02 1.08149056e-02 -7.54002209e-03
1.34159000e+03 8.88747000e+02 1.76183000e+03 -1.53025939e-02 7.65660718e-03 -5.40379816e-03
1.35259000e+03 8.92524000e+02 1.76151000e+03 -1.97725931e-02 7.82129942e-03 -7.08004384e-03
1.34411000e+03 9.00458000e+02 1.75978000e+03 -1.53196019e-02 4.66818506e-03 -4.47071359e-03
1.34583000e+03 9.11917000e+02 1.75781000e+03 -1.46092603e-02 2.12637234e-03 -3.57256415e-03
1.33345000e+03 9.06839000e+02 1.75824000e+03 -1.04169942e-02 1.57481400e-03 -1.81647684e-03
1.33665000e+03 9.19619000e+02 1.75610000e+03 -1.14352073e-02 -8.68873636e-04 -1.25169547e-03
1.32555000e+03 9.15991000e+02 1.75619000e+03 -7.20058539e-03 -1.85265591e-03 3.14882016e-04
1.32783000e+03 9.27621000e+02 1.75423000e+03 -7.46493143e-03 -4.40490263e-03 9.75756344e-04
1.31643000e+03 9.23854000e+02 1.75402000e+03 -2.64012863e-03 -4.79804430e-03 2.90503612e-03
1.31882000e+03 9.35405000e+02 1.75209000e+03 -2.93831314e-03 -6.74058965e-03 3.88303182e-03
1.30781000e+03 9.31481000e+02 1.75145000e+03 1.21967412e-03 -8.16021742e-03 4.60376568e-03
1.30987000e+03 9.42970000e+02 1.74954000e+03 1.18544991e-03 -9.71337925e-03 6.09849548e-03
1.29888000e+03 9.38898000e+02 1.74824000e+03 6.30703384e-03 -1.04183915e-02 6.23178515e-03
1.30087000e+03 9.50336000e+02 1.74650000e+03 6.00448797e-03 -1.22190126e-02 8.00433293e-03
1.28999000e+03 9.45964000e+02 1.74443000e+03 1.02377813e-02 -1.23339609e-02 9.23596006e-03
1.32101000e+03 9.47044000e+02 1.75024000e+03 -2.95035123e-03 -9.04128484e-03 5.46635844e-03
1.31460000e+03 9.12487000e+02 1.75608000e+03 -2.64654094e-03 -2.48103734e-03 1.57283494e-03
1.28722000e+03 9.33457000e+02 1.74654000e+03 9.36668170e-03 -9.75835797e-03 7.16202598e-03
1.28135000e+03 9.53895000e+02 1.74024000e+03 1.35698051e-02 -1.46357661e-02 1.08103695e-02
1.32563000e+03 8.61751000e+02 1.76635000e+03 -1.06647129e-02 1.35470043e-02 -5.08963174e-03
1.25003000e+03 8.58891000e+02 1.75513000e+03 1.37311418e-02 1.35429298e-02 5.28609478e-03
1.24527000e+03 8.69083000e+02 1.75122000e+03 1.59972644e-02 1.00345712e-02 6.51543493e-03
1.25496000e+03 8.48721000e+02 1.75900000e+03 1.10905594e-02 1.72697580e-02 4.09100924e-03
1.25639000e+03 8.69416000e+02 1.75571000e+03 1.21568828e-02 9.89474388e-03 5.30460056e-03
1.25171000e+03 8.79665000e+02 1.75207000e+03 1.44838710e-02 5.19656589e-03 6.47308689e-03
1.26306000e+03 8.80114000e+02 1.75584000e+03 1.04697938e-02 4.85109052e-03 4.94852592e-03
1.25858000e+03 8.90478000e+02 1.75215000e+03 1.31364639e-02 1.28328628e-03 6.52599959e-03
1.26791000e+03 8.69566000e+02 1.75902000e+03 8.89166061e-03 9.00260357e-03 3.38528995e-03
1.27467000e+03 8.80201000e+02 1.75849000e+03 7.25661749e-03 5.66196048e-03 3.43326604e-03
1.27965000e+03 8.69420000e+02 1.76130000e+03 5.14507222e-03 9.16939757e-03 2.15685204e-03
1.28644000e+03 8.79832000e+02 1.76028000e+03 3.92935374e-03 5.35007612e-03 2.22705265e-03
1.28150000e+03 8.90908000e+02 1.75735000e+03 6.17467136e-03 1.71382615e-03 4.01506741e-03
1.24511000e+03 9.23117000e+02 1.73428000e+03 2.31997352e-02 -8.57885626e-03 1.05779812e-02
1.32918000e+03 8.85439000e+02 1.76199000e+03 -1.01025963e-02 6.56772170e-03 -3.77064790e-03
1.24703000e+03 9.41564000e+02 1.72835000e+03 2.48828697e-02 -1.34678105e-02 1.19212221e-02
1.29145000e+03 8.68955000e+02 1.76282000e+03 8.89148606e-04 9.24481013e-03 7.69681978e-04
1.28472000e+03 8.58799000e+02 1.76392000e+03 2.57266611e-03 1.31410194e-02 8.18491100e-04
1.29825000e+03 8.79073000e+02 1.76151000e+03 5.98476070e-05 6.14442831e-03 5.43985772e-04
1.33911000e+03 9.31574000e+02 1.75414000e+03 -1.10396004e-02 -2.82524813e-03 -2.38519004e-04
1.29648000e+03 8.58330000e+02 1.76525000e+03 -1.21927921e-03 1.30155979e-02 -8.89351569e-04
1.28991000e+03 8.48372000e+02 1.76655000e+03 1.99399868e-04 1.73182973e-02 -9.05877020e-04
1.27808000e+03 8.48660000e+02 1.76488000e+03 4.19819874e-03 1.63864532e-02 9.08887217e-04
1.35271000e+03 9.47339000e+02 1.75196000e+03 -1.56450254e-02 -4.42806120e-03 -2.56109234e-04
1.24944000e+03 9.06589000e+02 1.74333000e+03 1.90953153e-02 -3.61794173e-03 8.54054436e-03
1.31319000e+03 8.47948000e+02 1.76846000e+03 -8.07313253e-03 1.78333604e-02 -4.66744665e-03
1.25334000e+03 9.52136000e+02 1.72901000e+03 2.41997170e-02 -1.59595860e-02 1.29507657e-02
1.25793000e+03 9.41898000e+02 1.73321000e+03 2.14883799e-02 -1.35974979e-02 1.07832501e-02
1.26430000e+03 9.52176000e+02 1.73382000e+03 2.02516299e-02 -1.57116893e-02 1.19657416e-02
1.26846000e+03 9.42024000e+02 1.73764000e+03 1.71038051e-02 -1.30132432e-02 9.93243264e-03
1.26268000e+03 9.32159000e+02 1.73841000e+03 1.83074912e-02 -1.10692823e-02 9.20962004e-03
1.27404000e+03 9.32456000e+02 1.74263000e+03 1.42498256e-02 -1.07696285e-02 8.17326913e-03
1.26717000e+03 9.22539000e+02 1.74374000e+03 1.49480150e-02 -8.45480074e-03 8.22880255e-03
1.27909000e+03 9.22402000e+02 1.74755000e+03 1.15110638e-02 -8.04571551e-03 6.54465854e-03
1.27176000e+03 9.12284000e+02 1.74905000e+03 1.24458948e-02 -5.67342832e-03 6.43958047e-03
1.28380000e+03 9.12020000e+02 1.75202000e+03 9.05188295e-03 -5.23036420e-03 5.27452503e-03
1.27669000e+03 9.01736000e+02 1.75372000e+03 9.85412823e-03 -2.37696271e-03 5.63971609e-03
1.28849000e+03 9.01212000e+02 1.75584000e+03 5.36341470e-03 -1.39707211e-03 3.31415303e-03
1.29560000e+03 9.11346000e+02 1.75423000e+03 4.08434907e-03 -4.20780189e-03 3.41708149e-03
1.30036000e+03 9.00652000e+02 1.75730000e+03 9.24066227e-04 -7.86712602e-04 1.82232130e-03
1.26538000e+03 9.02246000e+02 1.75079000e+03 1.25165456e-02 -2.34613538e-03 6.25848878e-03
1.29335000e+03 8.90223000e+02 1.75890000e+03 2.51457584e-03 1.84931600e-03 2.01071737e-03
1.30527000e+03 8.89402000e+02 1.76001000e+03 -1.48304470e-03 3.13825005e-03 2.02678328e-04
1.30979000e+03 8.77709000e+02 1.76253000e+03 -3.95014451e-03 7.68940484e-03 -1.30504069e-03
1.31281000e+03 9.00669000e+02 1.75829000e+03 -3.33102985e-03 4.72171842e-04 2.54468882e-04
1.29121000e+03 9.21441000e+02 1.75080000e+03 7.48351776e-03 -7.35106287e-03 4.97671002e-03
1.31712000e+03 8.87971000e+02 1.76098000e+03 -6.01472852e-03 5.06207781e-03 -1.40383735e-03
1.32494000e+03 8.97254000e+02 1.75961000e+03 -8.00742411e-03 2.46285747e-03 -1.82215552e-03
1.25615000e+03 9.22891000e+02 1.73936000e+03 1.90398066e-02 -9.05577896e-03 9.04338064e-03
1.33228000e+03 9.51095000e+02 1.75044000e+03 -7.11153237e-03 -8.32156997e-03 4.26677606e-03
1.31194000e+03 9.54560000e+02 1.74784000e+03 1.27075392e-03 -1.21412031e-02 7.69921375e-03
1.33011000e+03 9.39368000e+02 1.75232000e+03 -7.28443916e-03 -6.99110951e-03 2.45695745e-03
1.30411000e+03 9.20048000e+02 1.75336000e+03 1.81078252e-03 -5.51544700e-03 3.41488368e-03
1.25892000e+03 9.11699000e+02 1.74513000e+03 1.64058874e-02 -5.96690367e-03 7.91775643e-03
1.26133000e+03 8.59066000e+02 1.75908000e+03 1.04186201e-02 1.37419444e-02 4.17456738e-03
1.26640000e+03 8.48772000e+02 1.76243000e+03 7.96665956e-03 1.67683478e-02 3.07556591e-03
1.27295000e+03 8.59051000e+02 1.76195000e+03 6.07830788e-03 1.27725603e-02 2.27677771e-03
1.34815000e+03 9.23732000e+02 1.75583000e+03 -1.59774461e-02 6.39239864e-06 -2.46830142e-03
1.32764000e+03 8.72704000e+02 1.76433000e+03 -1.11070303e-02 1.05495014e-02 -4.59667964e-03
1.35046000e+03 9.35572000e+02 1.75388000e+03 -1.54406853e-02 -2.56613432e-03 -1.08146756e-03
1.25168000e+03 9.32013000e+02 1.73372000e+03 2.19580400e-02 -1.10413662e-02 1.03614328e-02
1.26988000e+03 8.91059000e+02 1.75516000e+03 9.73249386e-03 1.26795200e-03 5.29960872e-03
1.34139000e+03 9.43375000e+02 1.75221000e+03 -1.12620519e-02 -5.42327095e-03 1.37907908e-03
1.30175000e+03 8.47927000e+02 1.76771000e+03 -4.14454295e-03 1.72831058e-02 -2.54182722e-03
1.30325000e+03 8.68208000e+02 1.76391000e+03 -2.53195706e-03 1.05586801e-02 -1.41468341e-03
1.31572000e+03 8.67430000e+02 1.76481000e+03 -6.72140360e-03 1.13694342e-02 -3.03858453e-03
1.24736000e+03 8.89487000e+02 1.74796000e+03 1.75566877e-02 1.57564585e-03 7.94028872e-03
1.27899000e+03 9.43014000e+02 1.74143000e+03 1.32718163e-02 -1.24450983e-02 9.14096685e-03
1.32421000e+03 8.50188000e+02 1.76856000e+03 -1.12508542e-02 1.78757286e-02 -5.92556986e-03
1.25499000e+03 8.99798000e+02 1.74814000e+03 1.58304792e-02 -1.79598247e-03 7.25916148e-03
1.30784000e+03 8.57722000e+02 1.76621000e+03 -5.06708099e-03 1.45192544e-02 -2.81458144e-03
1.33470000e+03 8.95804000e+02 1.76029000e+03 -1.21828841e-02 4.91778221e-03 -3.88816633e-03
1.32243000e+03 9.06812000e+02 1.75770000e+03 -6.49103015e-03 -1.32504778e-04 -4.21036789e-04
1.31943000e+03 8.78348000e+02 1.76291000e+03 -7.53553096e-03 8.09584241e-03 -2.67738326e-03
1.31733000e+03 8.56993000e+02 1.76690000e+03 -8.36661593e-03 1.50187787e-02 -4.41704831e-03
1.24864000e+03 9.14865000e+02 1.73951000e+03 2.07045195e-02 -6.32943958e-03 9.36449473e-03
1.29790000e+03 9.29131000e+02 1.75022000e+03 5.42898443e-03 -8.64514055e-03 5.60266984e-03
1.30510000e+03 9.09991000e+02 1.75571000e+03 6.17851706e-04 -2.76027743e-03 2.34696232e-03
1.35217000e+03 8.50273000e+02 1.76951000e+03 -2.15997551e-02 2.08423047e-02 -1.03384170e-02
1.27275000e+03 9.50877000e+02 1.73747000e+03 1.64291749e-02 -1.45675572e-02 1.09243982e-02
1.24504000e+03 8.89476000e+02 1.69991000e+03 2.50278339e-02 -5.51043464e-03 -3.34063862e-03
1.25291000e+03 8.98565000e+02 1.69848000e+03 2.40025432e-02 -8.36124938e-03 -4.41979748e-03
1.24524000e+03 8.58145000e+02 1.70581000e+03 2.19139694e-02 3.88867966e-03 -6.68335728e-03
1.24884000e+03 9.09634000e+02 1.69629000e+03 2.69665381e-02 -1.07472607e-02 -2.15041860e-03
1.26072000e+03 9.07658000e+02 1.69705000e+03 2.27967442e-02 -1.08026882e-02 -4.76857321e-03
1.26849000e+03 9.16754000e+02 1.69562000e+03 2.13073140e-02 -1.28112097e-02 -5.32150714e-03
1.27259000e+03 9.05691000e+02 1.69779000e+03 1.88044746e-02 -1.07467023e-02 -7.94030395e-03
1.28034000e+03 9.14793000e+02 1.69636000e+03 1.74107820e-02 -1.29477652e-02 -8.30570055e-03
1.28446000e+03 9.03729000e+02 1.69853000e+03 1.49558197e-02 -1.06127165e-02 -1.05679387e-02
1.29220000e+03 9.12834000e+02 1.69710000e+03 1.25904959e-02 -1.30995500e-02 -1.08571666e-02
1.29632000e+03 9.01770000e+02 1.69925000e+03 1.04669515e-02 -1.00623172e-02 -1.35023047e-02
1.30404000e+03 9.10876000e+02 1.69782000e+03 8.59475058e-03 -1.23376922e-02 -1.36517913e-02
1.30817000e+03 8.99811000e+02 1.69996000e+03 5.65179217e-03 -9.62509662e-03 -1.59652797e-02
1.31588000e+03 9.08919000e+02 1.69854000e+03 3.48212821e-03 -1.25028343e-02 -1.68218569e-02
1.32002000e+03 8.97853000e+02 1.70067000e+03 9.64755808e-04 -1.01188760e-02 -1.87384955e-02
1.31175000e+03 9.19984000e+02 1.69641000e+03 5.77937768e-03 -1.46610218e-02 -1.42840685e-02
1.32358000e+03 9.18027000e+02 1.69713000e+03 1.50175530e-03 -1.41089346e-02 -1.66936430e-02
1.24959000e+03 8.47056000e+02 1.70808000e+03 1.92528443e-02 7.27653371e-03 -8.81876966e-03
1.31945000e+03 9.29093000e+02 1.69500000e+03 3.85112770e-03 -1.63251222e-02 -1.45704954e-02
1.33128000e+03 9.27138000e+02 1.69574000e+03 -6.99666706e-04 -1.61602190e-02 -1.73596515e-02
1.34311000e+03 9.25183000e+02 1.69647000e+03 -5.93275216e-03 -1.48707239e-02 -1.98139076e-02
1.31231000e+03 8.88745000e+02 1.70209000e+03 3.21841977e-03 -7.64313837e-03 -1.84730183e-02
1.32415000e+03 8.86786000e+02 1.70279000e+03 -1.34103058e-03 -6.99409641e-03 -2.11093023e-02
1.31645000e+03 8.77681000e+02 1.70423000e+03 9.76584281e-04 -5.22477215e-03 -2.06231386e-02
1.32829000e+03 8.75724000e+02 1.70493000e+03 -3.19362020e-03 -4.04373019e-03 -2.33568041e-02
1.32059000e+03 8.66624000e+02 1.70638000e+03 -9.50099628e-04 -1.59899796e-03 -2.23676443e-02
1.33243000e+03 8.64670000e+02 1.70708000e+03 -5.81893531e-03 -1.50295601e-03 -2.53719323e-02
1.32473000e+03 8.55579000e+02 1.70856000e+03 -4.12643520e-03 1.16000012e-03 -2.45288397e-02
1.33656000e+03 8.53627000e+02 1.70928000e+03 -9.18844291e-03 1.59308734e-03 -2.74249182e-02
1.34426000e+03 8.62716000e+02 1.70780000e+03 -1.11821889e-02 -2.68868794e-04 -2.77393292e-02
1.30874000e+03 8.68579000e+02 1.70568000e+03 3.28085898e-03 -2.91281060e-03 -1.98802062e-02
1.31703000e+03 8.46497000e+02 1.71007000e+03 -2.20095555e-03 3.46018015e-03 -2.35128143e-02
1.27670000e+03 8.94623000e+02 1.69996000e+03 1.64200206e-02 -8.04442426e-03 -1.00036878e-02
1.25742000e+03 8.56202000e+02 1.70653000e+03 1.83300681e-02 3.63374064e-03 -9.87098973e-03
1.33599000e+03 8.84828000e+02 1.70349000e+03 -6.44435798e-03 -6.19405445e-03 -2.36429270e-02
1.25698000e+03 8.87487000e+02 1.70066000e+03 2.14471509e-02 -5.45164605e-03 -6.61070918e-03
1.29334000e+03 8.50387000e+02 1.70866000e+03 6.82621199e-03 3.52591759e-03 -1.83919130e-02
1.28143000e+03 8.52329000e+02 1.70795000e+03 1.11002814e-02 3.47207291e-03 -1.55424982e-02
1.28915000e+03 8.61429000e+02 1.70645000e+03 9.33130561e-03 8.86842206e-04 -1.62341400e-02
1.27722000e+03 8.63378000e+02 1.70574000e+03 1.33732356e-02 7.84456167e-04 -1.35376286e-02
1.28498000e+03 8.72486000e+02 1.70427000e+03 1.18201164e-02 -2.11546792e-03 -1.43983611e-02
1.27305000e+03 8.74442000e+02 1.70356000e+03 1.55609069e-02 -2.53385396e-03 -1.15950353e-02
1.30103000e+03 8.59480000e+02 1.70715000e+03 5.37908459e-03 2.18966881e-04 -1.93035962e-02
1.28083000e+03 8.83553000e+02 1.70211000e+03 1.41847385e-02 -5.09242075e-03 -1.22591722e-02
1.29272000e+03 8.81595000e+02 1.70283000e+03 9.83399323e-03 -4.64970946e-03 -1.51681522e-02
1.28858000e+03 8.92662000e+02 1.70068000e+03 1.24699065e-02 -7.43548365e-03 -1.27892544e-02
1.26891000e+03 8.85516000e+02 1.70139000e+03 1.77770985e-02 -5.44544408e-03 -9.39322303e-03
1.26480000e+03 8.96590000e+02 1.69922000e+03 2.00202902e-02 -8.41372216e-03 -7.30718394e-03
1.26108000e+03 8.76405000e+02 1.70284000e+03 1.92722668e-02 -2.78673068e-03 -8.88743085e-03
1.25320000e+03 8.67286000e+02 1.70431000e+03 2.06520338e-02 9.31945255e-04 -7.78755703e-03
1.33542000e+03 9.16071000e+02 1.69785000e+03 -3.65574414e-03 -1.36850767e-02 -1.94425494e-02
1.34725000e+03 9.14115000e+02 1.69857000e+03 -8.54924358e-03 -1.25379895e-02 -2.23500647e-02
1.33955000e+03 9.05003000e+02 1.69996000e+03 -6.11494451e-03 -1.04827051e-02 -2.20090153e-02
1.35138000e+03 9.03047000e+02 1.70068000e+03 -1.09204439e-02 -1.05106179e-02 -2.50748306e-02
1.34369000e+03 8.93936000e+02 1.70208000e+03 -8.66773089e-03 -8.60815481e-03 -2.40750132e-02
1.34782000e+03 8.82871000e+02 1.70420000e+03 -1.11582714e-02 -5.62737521e-03 -2.65779015e-02
1.33185000e+03 8.95894000e+02 1.70137000e+03 -3.46469453e-03 -8.71060473e-03 -2.15964884e-02
1.32772000e+03 9.06961000e+02 1.69925000e+03 -1.46990815e-03 -1.15013843e-02 -1.94404816e-02
1.35196000e+03 8.71812000e+02 1.70635000e+03 -1.35082012e-02 -2.56360102e-03 -2.86449257e-02
1.26946000e+03 8.54269000e+02 1.70725000e+03 1.45633961e-02 3.89501212e-03 -1.24975554e-02
1.26524000e+03 8.65328000e+02 1.70503000e+03 1.70772885e-02 5.93216732e-04 -1.08638028e-02
1.24908000e+03 8.78383000e+02 1.70210000e+03 2.27108887e-02 -2.39773538e-03 -5.84396521e-03
1.35080000e+03 9.34298000e+02 1.69510000e+03 -9.08510034e-03 -1.72489630e-02 -2.02326883e-02
1.26170000e+03 8.45160000e+02 1.70878000e+03 1.53831387e-02 7.47938401e-03 -1.18741822e-02
1.29687000e+03 8.70532000e+02 1.70498000e+03 7.55457173e-03 -2.38816460e-03 -1.70529043e-02
1.35494000e+03 9.23229000e+02 1.69719000e+03 -1.12960057e-02 -1.46076367e-02 -2.26943045e-02
1.34013000e+03 8.73768000e+02 1.70563000e+03 -8.53170174e-03 -3.57168823e-03 -2.57639104e-02
1.30459000e+03 8.79638000e+02 1.70353000e+03 5.39378876e-03 -5.44335547e-03 -1.79598909e-02
1.31288000e+03 8.57530000e+02 1.70785000e+03 8.86740635e-04 8.72779518e-04 -2.18204383e-02
1.30519000e+03 8.48443000e+02 1.70936000e+03 1.92260563e-03 3.44273023e-03 -2.11640000e-02
1.29991000e+03 9.21940000e+02 1.69567000e+03 1.08352950e-02 -1.53516957e-02 -1.14796622e-02
1.34839000e+03 8.51676000e+02 1.71001000e+03 -1.40440366e-02 2.17758252e-03 -2.99233375e-02
1.30045000e+03 8.90704000e+02 1.70139000e+03 7.72487011e-03 -7.74072168e-03 -1.58572523e-02
1.28730000e+03 8.47539000e+02 1.69642000e+03 8.62585464e-03 2.35707534e-03 -2.08269290e-02
1.30111000e+03 8.49415000e+02 1.69725000e+03 4.74363247e-03 1.10924468e-03 -2.38225055e-02
1.34586000e+03 8.65149000e+02 1.69608000e+03 -9.99120728e-03 -3.69269779e-03 -3.17107558e-02
1.29358000e+03 8.61594000e+02 1.69742000e+03 8.65977007e-03 -1.47214136e-03 -2.00291072e-02
1.31930000e+03 8.62281000e+02 1.69673000e+03 3.41418653e-05 -2.24110404e-03 -2.61353185e-02
1.26413000e+03 8.53935000e+02 1.69706000e+03 1.69107555e-02 2.23052139e-03 -1.44221990e-02
1.32979000e+03 8.50201000e+02 1.69973000e+03 -5.64556219e-03 4.23728700e-04 -2.95114068e-02
1.33681000e+03 8.76297000e+02 1.69645000e+03 -5.99299163e-03 -5.74306773e-03 -2.75715563e-02
1.34303000e+03 8.53724000e+02 1.69908000e+03 -1.01023908e-02 -2.61409832e-04 -3.18128857e-02
1.29886000e+03 8.72698000e+02 1.69557000e+03 7.75696333e-03 -4.41769666e-03 -1.98154892e-02
1.31502000e+03 8.46448000e+02 1.69962000e+03 -7.71127831e-04 1.66194779e-03 -2.65129139e-02
1.28193000e+03 8.57644000e+02 1.69842000e+03 1.16012935e-02 5.36814034e-04 -1.76545854e-02
1.32271000e+03 8.53920000e+02 1.73832000e+03 -7.79521082e-03 9.85643361e-03 -1.55439656e-02
1.32772000e+03 9.06159000e+02 1.72593000e+03 -5.77897479e-03 -4.96292757e-03 -1.13494627e-02
1.34071000e+03 9.52242000e+02 1.71885000e+03 -7.59796036e-03 -1.40296561e-02 -7.24037404e-03
1.34798000e+03 9.25086000e+02 1.72783000e+03 -1.36519397e-02 -6.78701760e-03 -1.15563923e-02
1.34814000e+03 8.83610000e+02 1.73138000e+03 -1.55803472e-02 2.53014166e-03 -1.76399640e-02
1.29402000e+03 8.47393000e+02 1.73613000e+03 1.74067130e-03 1.08410100e-02 -1.11712591e-02
1.32008000e+03 9.31312000e+02 1.72391000e+03 -4.00656701e-04 -1.08921359e-02 -5.57935963e-03
1.30351000e+03 8.74844000e+02 1.73625000e+03 9.21772269e-04 3.59228019e-03 -9.14237784e-03
1.29539000e+03 9.04356000e+02 1.72604000e+03 6.38058025e-03 -5.73004599e-03 -5.37903729e-03
1.27640000e+03 8.69222000e+02 1.73490000e+03 9.42135622e-03 4.85389313e-03 -4.82427853e-03
1.29465000e+03 9.29581000e+02 1.71907000e+03 9.47667905e-03 -1.24674295e-02 -2.61909701e-03
1.27264000e+03 8.95286000e+02 1.72544000e+03 1.38711233e-02 -3.53181935e-03 -3.06366922e-03
1.27956000e+03 9.53942000e+02 1.71551000e+03 1.73358130e-02 -1.75266208e-02 4.58455026e-03
1.31874000e+03 8.78538000e+02 1.73384000e+03 -3.93926002e-03 2.22770459e-03 -1.19992521e-02
1.26960000e+03 9.18528000e+02 1.72047000e+03 1.69916580e-02 -9.92486559e-03 7.20212767e-04
1.25329000e+03 8.80126000e+02 1.72581000e+03 1.83742419e-02 1.07201107e-03 -1.07990651e-03
1.34599000e+03 8.60793000e+02 1.73227000e+03 -1.59803847e-02 7.35375471e-03 -2.06600289e-02
1.24707000e+03 8.59069000e+02 1.72795000e+03 1.77369462e-02 8.25095357e-03 -1.46231585e-03
1.25233000e+03 9.07554000e+02 1.71888000e+03 2.19013243e-02 -6.63769548e-03 1.76276169e-03
1.26488000e+03 9.30848000e+02 1.70894000e+03 2.10475990e-02 -1.37200125e-02 1.06917327e-03
1.34185000e+03 8.99042000e+02 1.73104000e+03 -1.20581551e-02 -1.20048648e-03 -1.39379678e-02
1.31237000e+03 9.15537000e+02 1.71443000e+03 2.34417320e-03 -1.01250826e-02 -1.03461906e-02
1.32052000e+03 9.54368000e+02 1.73573000e+03 -6.85312165e-04 -1.36060087e-02 2.55852470e-03
1.34173000e+03 8.52025000e+02 1.74801000e+03 -1.63541384e-02 1.39845859e-02 -1.61910353e-02
1.30897000e+03 8.87958000e+02 1.72033000e+03 1.57554981e-03 -3.09541288e-03 -1.27694002e-02
1.28734000e+03 8.91093000e+02 1.74169000e+03 6.44962745e-03 -3.28973963e-04 -2.11495395e-03
1.30893000e+03 8.46512000e+02 1.74815000e+03 -4.66578819e-03 1.41234694e-02 -1.07670747e-02
1.33418000e+03 9.37490000e+02 1.73107000e+03 -7.00478961e-03 -8.90537357e-03 -4.90468417e-03
1.34075000e+03 9.12999000e+02 1.71906000e+03 -9.49107165e-03 -6.93000603e-03 -1.52635522e-02
1.30420000e+03 8.61189000e+02 1.72956000e+03 3.57421478e-04 5.17452693e-03 -1.32724810e-02
1.33400000e+03 9.35527000e+02 1.71320000e+03 -4.83021396e-03 -1.31192834e-02 -1.10058613e-02
1.32369000e+03 8.93046000e+02 1.73558000e+03 -5.52811856e-03 -3.98822867e-04 -1.01714015e-02
1.31598000e+03 8.72209000e+02 1.74803000e+03 -5.46429531e-03 6.31790271e-03 -8.27811944e-03
1.28375000e+03 8.82741000e+02 1.71693000e+03 1.02562557e-02 -2.44477486e-03 -9.50543224e-03
1.33461000e+03 8.67491000e+02 1.74360000e+03 -1.23712246e-02 8.16394867e-03 -1.40971690e-02
1.30664000e+03 9.44942000e+02 1.72368000e+03 5.72921328e-03 -1.38053121e-02 -5.64246105e-04
1.32806000e+03 9.21742000e+02 1.74095000e+03 -6.16516522e-03 -4.96895759e-03 -4.07539386e-03
1.31985000e+03 9.50851000e+02 1.70918000e+03 3.13459451e-03 -1.70817974e-02 -6.22319276e-03
1.30646000e+03 9.26024000e+02 1.73069000e+03 3.25861128e-03 -9.23519925e-03 -2.56691464e-03
1.28919000e+03 8.69788000e+02 1.74899000e+03 3.47102707e-03 7.41341783e-03 -3.13282410e-03
1.34637000e+03 9.42672000e+02 1.70600000e+03 -8.74442123e-03 -1.54226896e-02 -1.45081844e-02
1.33903000e+03 8.84280000e+02 1.71710000e+03 -9.61160393e-03 -1.79252446e-03 -2.00722500e-02
1.24797000e+03 9.23663000e+02 1.71384000e+03 2.55949472e-02 -1.06343272e-02 4.66096553e-03
1.24913000e+03 9.52730000e+02 1.70802000e+03 2.82168219e-02 -1.78213653e-02 8.51506502e-03
1.29885000e+03 9.44237000e+02 1.70649000e+03 1.10732290e-02 -1.64699670e-02 -3.97275544e-03
1.32925000e+03 9.20098000e+02 1.71250000e+03 -4.07730652e-03 -1.05129137e-02 -1.32614591e-02
1.28080000e+03 8.54381000e+02 1.72865000e+03 7.26101425e-03 7.64201244e-03 -9.57917683e-03
1.35252000e+03 8.64884000e+02 1.74952000e+03 -2.02224061e-02 1.14377519e-02 -1.54952849e-02
1.28991000e+03 9.13657000e+02 1.71107000e+03 1.12312677e-02 -1.07661053e-02 -6.62279156e-03
1.31078000e+03 9.07576000e+02 1.73794000e+03 1.57725779e-05 -3.78848951e-03 -4.47563072e-03
1.27938000e+03 9.10024000e+02 1.73489000e+03 1.19019396e-02 -6.18085242e-03 8.83299985e-04
1.25995000e+03 8.60517000e+02 1.74284000e+03 1.23073273e-02 9.76305178e-03 -4.68663598e-04
1.28043000e+03 8.58201000e+02 1.74823000e+03 5.89249323e-03 1.04542973e-02 -3.23435144e-03
1.26554000e+03 8.61421000e+02 1.72011000e+03 1.41688982e-02 4.63555180e-03 -7.81634152e-03
1.33651000e+03 8.87053000e+02 1.74902000e+03 -1.20726775e-02 5.15349600e-03 -9.34763443e-03
1.29582000e+03 8.74331000e+02 1.71759000e+03 5.74160638e-03 -7.32639150e-04 -1.31986307e-02
1.27804000e+03 9.34682000e+02 1.72793000e+03 1.48686270e-02 -1.21080687e-02 4.31653508e-03
1.25655000e+03 8.95150000e+02 1.73185000e+03 1.77219684e-02 -2.26033524e-03 1.92768068e-03
1.26547000e+03 8.84238000e+02 1.73875000e+03 1.29083590e-02 1.73960810e-03 4.27736840e-04
1.26821000e+03 8.82137000e+02 1.71817000e+03 1.50940951e-02 -1.26882249e-03 -6.14309729e-03
1.30635000e+03 9.29724000e+02 1.70992000e+03 6.52594639e-03 -1.34540248e-02 -7.32736097e-03
1.32922000e+03 8.66478000e+02 1.72098000e+03 -7.45611280e-03 2.59673050e-03 -2.03444653e-02
1.28012000e+03 9.32617000e+02 1.70885000e+03 1.66714464e-02 -1.41311690e-02 -1.82685834e-03
1.30778000e+03 8.60328000e+02 1.74739000e+03 -3.33147856e-03 9.58983581e-03 -8.67555141e-03
1.34472000e+03 8.69561000e+02 1.71879000e+03 -1.33188535e-02 1.62093852e-03 -2.34221711e-02
1.31159000e+03 8.71203000e+02 1.71841000e+03 -9.30589415e-05 1.03175366e-04 -1.61977064e-02
1.34374000e+03 9.14953000e+02 1.74437000e+03 -1.39452115e-02 -1.26600769e-03 -6.86659330e-03
1.35146000e+03 8.92305000e+02 1.71875000e+03 -1.50570506e-02 -2.54825553e-03 -2.15897206e-02
1.26537000e+03 9.04767000e+02 1.71028000e+03 1.90794085e-02 -8.34358160e-03 -3.69236872e-03
1.28630000e+03 8.96558000e+02 1.71248000e+03 1.13652904e-02 -6.69679710e-03 -8.84153875e-03
1.25263000e+03 8.48138000e+02 1.74354000e+03 1.34829247e-02 1.44074723e-02 2.04808683e-04
1.25977000e+03 8.93627000e+02 1.71452000e+03 1.87693509e-02 -4.54418385e-03 -2.96440442e-03
1.30332000e+03 8.92946000e+02 1.73683000e+03 1.93996964e-03 -7.69700611e-04 -5.68325028e-03
1.32412000e+03 8.54915000e+02 1.75498000e+03 -9.87900193e-03 1.32137729e-02 -1.00267965e-02
1.35336000e+03 9.33710000e+02 1.74113000e+03 -1.65716752e-02 -4.60379564e-03 -6.34940893e-03
1.35171000e+03 8.92310000e+02 1.74869000e+03 -1.86060283e-02 5.29246556e-03 -1.11749008e-02
1.26272000e+03 9.08203000e+02 1.73356000e+03 1.69753705e-02 -5.49806372e-03 3.39768231e-03
1.34353000e+03 8.45576000e+02 1.72461000e+03 -1.46699874e-02 8.53966466e-03 -2.50278265e-02
1.32635000e+03 8.95012000e+02 1.71557000e+03 -3.85882777e-03 -5.08216476e-03 -1.60576275e-02
1.32660000e+03 9.08194000e+02 1.74460000e+03 -7.01841523e-03 -2.13456869e-03 -4.88928626e-03
1.25468000e+03 9.22061000e+02 1.72515000e+03 2.15231890e-02 -9.54079035e-03 5.73672647e-03
1.28877000e+03 9.21945000e+02 1.73655000e+03 9.22172741e-03 -8.76746202e-03 2.08086499e-03
1.26159000e+03 9.16287000e+02 1.70787000e+03 2.12834426e-02 -1.09402185e-02 -1.25322966e-03
1.30295000e+03 9.05196000e+02 1.71035000e+03 6.51118369e-03 -8.83851316e-03 -1.11638413e-02
1.27876000e+03 8.80944000e+02 1.74694000e+03 7.60579176e-03 3.89196606e-03 -5.03585915e-04
1.29829000e+03 8.90319000e+02 1.71179000e+03 6.76623462e-03 -5.33290241e-03 -1.23110785e-02
1.29478000e+03 8.82516000e+02 1.74799000e+03 2.70760137e-03 3.04843081e-03 -2.72778257e-03
1.31580000e+03 9.43504000e+02 1.73815000e+03 2.54588202e-04 -1.15960412e-02 1.65511660e-03
1.28711000e+03 9.48340000e+02 1.72933000e+03 1.26563805e-02 -1.43969472e-02 5.76444981e-03
1.31965000e+03 9.35417000e+02 1.70688000e+03 2.53531909e-03 -1.51900435e-02 -9.96821500e-03
1.25027000e+03 8.67440000e+02 1.71725000e+03 1.93795857e-02 3.26804592e-03 -3.79686170e-03
1.29440000e+03 8.55030000e+02 1.75475000e+03 -3.65589253e-05 1.27399309e-02 -4.56718369e-03
1.35096000e+03 8.49200000e+02 1.73900000e+03 -1.97736587e-02 1.24073443e-02 -2.15295249e-02
1.29425000e+03 9.05150000e+02 1.74366000e+03 5.19902071e-03 -3.70906503e-03 -1.78650043e-04
1.26779000e+03 9.47216000e+02 1.70309000e+03 2.29434862e-02 -1.78904057e-02 2.31231645e-03
1.34958000e+03 8.77945000e+02 1.75100000e+03 -1.88117147e-02 8.63955133e-03 -1.23821619e-02
1.34517000e+03 9.45666000e+02 1.74071000e+03 -1.19111235e-02 -7.72311658e-03 -2.46830362e-03
1.34826000e+03 9.39474000e+02 1.72253000e+03 -1.23204502e-02 -1.03546613e-02 -1.01642251e-02
1.27879000e+03 8.68839000e+02 1.71826000e+03 1.10189639e-02 1.82522788e-03 -1.00798146e-02
1.27442000e+03 8.97215000e+02 1.74229000e+03 1.11106807e-02 -1.96221353e-03 1.68752675e-03
1.30040000e+03 9.19207000e+02 1.70676000e+03 8.50809756e-03 -1.22934966e-02 -9.20452623e-03
1.35288000e+03 8.54299000e+02 1.75769000e+03 -2.19148532e-02 1.64488056e-02 -1.40153293e-02
1.32270000e+03 8.82246000e+02 1.71529000e+03 -2.95132806e-03 -2.42188577e-03 -1.79609827e-02
1.35020000e+03 9.12177000e+02 1.72892000e+03 -1.50151452e-02 -4.10145837e-03 -1.39620607e-02
1.33569000e+03 9.15178000e+02 1.73140000e+03 -8.60204535e-03 -4.33053808e-03 -9.70127627e-03
1.32569000e+03 9.47112000e+02 1.72256000e+03 -1.70262186e-03 -1.32248604e-02 -4.21282775e-03
1.30940000e+03 8.50049000e+02 1.73375000e+03 -3.18809133e-03 9.20021845e-03 -1.46100521e-02
1.28814000e+03 8.76568000e+02 1.73356000e+03 6.54041436e-03 2.09200296e-03 -6.79346555e-03
1.31588000e+03 8.65336000e+02 1.73319000e+03 -3.97412759e-03 5.55677244e-03 -1.38232130e-02
1.30140000e+03 9.15646000e+02 1.72301000e+03 5.26629481e-03 -8.76248184e-03 -5.66675421e-03
1.32857000e+03 8.47092000e+02 1.72030000e+03 -8.62006548e-03 6.40489457e-03 -2.29716616e-02
1.31293000e+03 9.03067000e+02 1.72303000e+03 4.26514360e-04 -5.66307272e-03 -1.01961543e-02
1.33500000e+03 9.26228000e+02 1.72439000e+03 -6.89667290e-03 -8.62870003e-03 -9.61929760e-03
1.25575000e+03 8.75577000e+02 1.74310000e+03 1.51582516e-02 5.09397364e-03 2.10327919e-03
1.27077000e+03 8.69152000e+02 1.74790000e+03 9.39911768e-03 7.25135820e-03 -2.95860877e-04
1.26717000e+03 9.44671000e+02 1.72218000e+03 1.99392410e-02 -1.45573782e-02 6.63018931e-03
1.32371000e+03 9.07365000e+02 1.71093000e+03 -2.06629567e-03 -9.04292091e-03 -1.49124519e-02
1.28487000e+03 9.47566000e+02 1.70208000e+03 1.72071162e-02 -1.83892902e-02 -1.58917803e-03
1.32522000e+03 8.81568000e+02 1.75100000e+03 -8.23033179e-03 5.04517664e-03 -7.14796744e-03
1.31007000e+03 8.83465000e+02 1.74944000e+03 -2.22053365e-03 3.58495466e-03 -4.87811611e-03
1.34321000e+03 9.26379000e+02 1.70799000e+03 -8.18443430e-03 -1.21430387e-02 -1.65653110e-02
1.25184000e+03 9.38529000e+02 1.70267000e+03 2.69783511e-02 -1.56307738e-02 3.85594448e-03
1.35449000e+03 8.80218000e+02 1.71587000e+03 -1.61677533e-02 -8.25234294e-04 -2.47382990e-02
1.27340000e+03 8.93744000e+02 1.71150000e+03 1.57058365e-02 -5.78195414e-03 -6.91498056e-03
1.29355000e+03 9.33322000e+02 1.70330000e+03 1.27385800e-02 -1.54945686e-02 -5.65000194e-03
1.30951000e+03 9.48166000e+02 1.70222000e+03 8.26995019e-03 -1.80426250e-02 -6.48670649e-03
1.27154000e+03 9.21818000e+02 1.73378000e+03 1.54104938e-02 -8.88734933e-03 4.50672757e-03
1.34857000e+03 9.53435000e+02 1.70145000e+03 -7.94873167e-03 -1.81697653e-02 -1.42461109e-02
1.31903000e+03 9.16844000e+02 1.72886000e+03 -1.36916755e-03 -6.83411343e-03 -6.95885214e-03
1.32070000e+03 9.30555000e+02 1.74179000e+03 -2.39831655e-03 -7.79690827e-03 -2.79721682e-04
1.24640000e+03 9.36108000e+02 1.71713000e+03 2.65885927e-02 -1.34431026e-02 8.02804528e-03
1.33876000e+03 8.61850000e+02 1.75689000e+03 -1.51738772e-02 1.30049691e-02 -1.08019210e-02
1.29462000e+03 9.37805000e+02 1.73521000e+03 8.04342923e-03 -1.16892823e-02 3.46406383e-03
1.32982000e+03 9.44023000e+02 1.70365000e+03 -8.81737057e-04 -1.70730361e-02 -1.14014108e-02
1.30056000e+03 9.16248000e+02 1.74231000e+03 4.36202894e-03 -6.03184201e-03 3.38344696e-05
1.24861000e+03 8.62810000e+02 1.74144000e+03 1.59234633e-02 9.67198607e-03 1.80824168e-03
1.31520000e+03 8.56292000e+02 1.72045000e+03 -2.64572463e-03 4.10561591e-03 -1.91772559e-02
1.33569000e+03 8.52838000e+02 1.73217000e+03 -1.21592199e-02 8.91087540e-03 -2.00304081e-02
1.28541000e+03 8.96810000e+02 1.73026000e+03 9.05775847e-03 -3.50302169e-03 -3.54971596e-03
1.27878000e+03 8.84474000e+02 1.73145000e+03 1.01099035e-02 4.87566070e-04 -4.25068048e-03
1.27787000e+03 9.13595000e+02 1.70716000e+03 1.60318448e-02 -1.07165183e-02 -5.24333639e-03
1.35170000e+03 8.71091000e+02 1.73652000e+03 -1.82907334e-02 6.80919867e-03 -1.89682440e-02
1.27848000e+03 9.06663000e+02 1.72019000e+03 1.32329195e-02 -7.48192549e-03 -3.34448759e-03
1.33875000e+03 9.30141000e+02 1.74356000e+03 -1.01066943e-02 -4.48862199e-03 -3.58717944e-03
1.33545000e+03 8.78372000e+02 1.73312000e+03 -1.04776224e-02 3.66813599e-03 -1.55680266e-02
1.35301000e+03 9.05022000e+02 1.71271000e+03 -1.44025184e-02 -6.74621249e-03 -2.12775455e-02
1.31709000e+03 9.22176000e+02 1.70579000e+03 2.36085091e-03 -1.30348058e-02 -1.23197164e-02
1.26157000e+03 8.71438000e+02 1.71439000e+03 1.69358275e-02 9.46234839e-04 -6.85185500e-03
1.28373000e+03 9.19277000e+02 1.72271000e+03 1.22379296e-02 -9.86151112e-03 -1.49819948e-03
1.26089000e+03 8.69827000e+02 1.73059000e+03 1.50362870e-02 4.33973568e-03 -3.07473998e-03
1.24774000e+03 9.12557000e+02 1.70562000e+03 2.52964194e-02 -9.54040191e-03 8.30648199e-04
1.26147000e+03 9.33186000e+02 1.72605000e+03 2.05020030e-02 -1.19907821e-02 6.47433901e-03
1.31342000e+03 8.97562000e+02 1.70947000e+03 1.98910772e-03 -7.78051310e-03 -1.51180298e-02
1.29132000e+03 8.63407000e+02 1.73451000e+03 4.25815521e-03 5.97683586e-03 -9.20739409e-03
1.32566000e+03 8.67766000e+02 1.75501000e+03 -9.83732870e-03 9.79568142e-03 -8.34919723e-03
1.30312000e+03 8.71979000e+02 1.75308000e+03 -1.13558878e-03 7.23783267e-03 -4.07544421e-03
1.33790000e+03 9.00811000e+02 1.71130000e+03 -8.00222358e-03 -6.92123225e-03 -1.89116720e-02
1.29431000e+03 8.86881000e+02 1.72747000e+03 5.84696259e-03 -1.84794002e-03 -7.92868088e-03
1.27568000e+03 9.51096000e+02 1.72887000e+03 1.66957929e-02 -1.53296001e-02 8.18828566e-03
1.29729000e+03 8.93664000e+02 1.74935000e+03 2.66163111e-03 3.33548578e-05 -9.60938395e-04
1.27009000e+03 8.57969000e+02 1.73610000e+03 9.79892775e-03 8.53855059e-03 -4.91333955e-03
1.34286000e+03 8.57557000e+02 1.71861000e+03 -1.30837690e-02 3.81824876e-03 -2.49678117e-02
1.24863000e+03 8.87565000e+02 1.73803000e+03 1.87893983e-02 9.38410580e-04 4.37583652e-03
1.28933000e+03 9.41736000e+02 1.71698000e+03 1.29610887e-02 -1.50566960e-02 3.79858023e-04
1.25467000e+03 9.46680000e+02 1.71870000e+03 2.47279257e-02 -1.55156999e-02 8.95454281e-03
1.25425000e+03 8.81973000e+02 1.71130000e+03 2.02859820e-02 -2.07096428e-03 -4.49929900e-03
1.33455000e+03 8.47668000e+02 1.75942000e+03 -1.51816639e-02 1.71497289e-02 -1.12907092e-02
1.31275000e+03 8.98326000e+02 1.74880000e+03 -2.30626739e-03 -1.53613204e-04 -2.82779807e-03
1.25533000e+03 8.53408000e+02 1.71710000e+03 1.67562371e-02 7.24989012e-03 -7.11357394e-03
1.34007000e+03 9.11579000e+02 1.70762000e+03 -7.62959789e-03 -9.80112682e-03 -1.83375293e-02
1.25962000e+03 8.54899000e+02 1.73066000e+03 1.36521944e-02 9.21671519e-03 -4.23836287e-03
1.32882000e+03 9.44500000e+02 1.74177000e+03 -5.03361088e-03 -9.55393264e-03 6.26634253e-04
1.31229000e+03 9.19709000e+02 1.74420000e+03 -3.43494454e-04 -5.67372941e-03 -2.23166196e-04
1.33877000e+03 8.99985000e+02 1.74917000e+03 -1.24895542e-02 2.55478903e-03 -6.94199534e-03
1.27088000e+03 8.50947000e+02 1.71910000e+03 1.16129115e-02 6.67188983e-03 -1.08263580e-02
1.24723000e+03 8.89606000e+02 1.72214000e+03 2.13218221e-02 -1.89574456e-03 1.25471757e-03
1.30768000e+03 9.35984000e+02 1.74020000e+03 2.57080452e-03 -1.02161995e-02 2.02074167e-03
1.29737000e+03 8.59337000e+02 1.71787000e+03 4.51351230e-03 3.15623922e-03 -1.52014374e-02
1.26652000e+03 8.55055000e+02 1.75072000e+03 8.95322070e-03 1.24778663e-02 -2.18652565e-04
1.25580000e+03 9.25922000e+02 1.70199000e+03 2.47007550e-02 -1.35873266e-02 4.88312545e-04
1.34783000e+03 9.51849000e+02 1.77919000e+03 -1.52790691e-02 4.92674228e-03 7.98533055e-03
1.34178000e+03 8.71796000e+02 1.79080000e+03 -1.96092398e-02 1.99941314e-02 3.52617245e-04
1.34631000e+03 9.33644000e+02 1.77854000e+03 -1.56949658e-02 5.20008116e-03 5.01337482e-03
1.34331000e+03 9.03228000e+02 1.78643000e+03 -1.80204283e-02 1.19487636e-02 3.15146357e-03
1.32546000e+03 8.47980000e+02 1.79368000e+03 -1.72511673e-02 2.48418774e-02 7.56927906e-04
1.32916000e+03 8.84308000e+02 1.78524000e+03 -1.52039382e-02 1.30147043e-02 2.35567530e-03
1.32330000e+03 9.34885000e+02 1.77385000e+03 -7.98191018e-03 -1.42858849e-03 8.29825514e-03
1.31547000e+03 8.64967000e+02 1.78291000e+03 -1.14953824e-02 1.61835880e-02 1.34217410e-03
1.32638000e+03 9.14984000e+02 1.77688000e+03 -1.11711928e-02 3.75739482e-03 5.09760707e-03
1.34284000e+03 8.87399000e+02 1.79147000e+03 -1.97706302e-02 1.71371572e-02 2.34861442e-03
1.34703000e+03 8.47079000e+02 1.78133000e+03 -2.19093775e-02 2.46683929e-02 -5.84981191e-03
1.31281000e+03 9.44065000e+02 1.76913000e+03 -4.03276996e-03 -5.48859160e-03 1.02499540e-02
1.31288000e+03 8.98301000e+02 1.77711000e+03 -7.58737444e-03 4.71236106e-03 4.56743818e-03
1.29975000e+03 8.54598000e+02 1.78190000e+03 -6.84046129e-03 1.79638755e-02 2.44322805e-03
1.29979000e+03 8.76661000e+02 1.77844000e+03 -5.34391469e-03 9.80480156e-03 4.27096558e-03
1.31332000e+03 9.25226000e+02 1.77367000e+03 -5.38455000e-03 -7.93069802e-04 7.51197996e-03
1.35121000e+03 8.89224000e+02 1.77656000e+03 -2.08982367e-02 1.41949365e-02 -2.31924955e-03
1.34288000e+03 9.41328000e+02 1.76373000e+03 -1.35444028e-02 -8.82461403e-04 3.72872335e-03
1.33311000e+03 9.46707000e+02 1.78854000e+03 -1.15050528e-02 2.38775184e-03 1.15612349e-02
1.35364000e+03 9.04689000e+02 1.80369000e+03 -2.25384700e-02 2.09700268e-02 5.38680354e-03
1.29085000e+03 9.49018000e+02 1.76094000e+03 5.35374158e-03 -1.06791285e-02 1.34399364e-02
1.32890000e+03 8.98485000e+02 1.78007000e+03 -1.32086038e-02 9.10074756e-03 3.44796739e-03
1.30012000e+03 9.33790000e+02 1.76495000e+03 9.98443537e-04 -6.38311392e-03 9.32348448e-03
1.32523000e+03 8.64912000e+02 1.79749000e+03 -1.75787909e-02 2.02615873e-02 3.37685185e-03
1.30123000e+03 9.08555000e+02 1.77180000e+03 -2.77037720e-03 -5.31109163e-05 6.45028328e-03
1.32985000e+03 8.59201000e+02 1.77908000e+03 -1.50276814e-02 1.84945733e-02 -2.12612373e-03
1.34601000e+03 9.40996000e+02 1.79476000e+03 -1.58520840e-02 9.38868375e-03 8.86546880e-03
1.28771000e+03 8.65351000e+02 1.77880000e+03 -2.60379860e-03 1.30515078e-02 4.94446658e-03
1.29991000e+03 8.91584000e+02 1.77576000e+03 -4.70840111e-03 5.26871447e-03 5.38876336e-03
1.34066000e+03 9.17165000e+02 1.77153000e+03 -1.47237904e-02 4.49666230e-03 2.08760813e-03
1.33485000e+03 9.21381000e+02 1.78947000e+03 -1.46293628e-02 6.96079099e-03 6.96870993e-03
1.27594000e+03 9.42762000e+02 1.75721000e+03 1.12661164e-02 -1.15433831e-02 1.36864183e-02
1.34033000e+03 8.79587000e+02 1.77763000e+03 -1.77357906e-02 1.44740899e-02 -2.17142764e-03
1.33172000e+03 8.96680000e+02 1.79491000e+03 -1.67085760e-02 1.26365026e-02 5.83402902e-03
1.31006000e+03 8.53695000e+02 1.79618000e+03 -1.43198477e-02 2.15800232e-02 4.21499360e-03
1.29229000e+03 9.21165000e+02 1.76586000e+03 2.51691177e-03 -5.53943076e-03 8.51713638e-03
1.25473000e+03 9.50225000e+02 1.74504000e+03 2.16403490e-02 -1.46174900e-02 1.59350721e-02
1.28613000e+03 8.81289000e+02 1.77522000e+03 -8.29703577e-04 7.04768822e-03 5.95843440e-03
1.33000000e+03 8.80538000e+02 1.79909000e+03 -1.82362861e-02 1.72504761e-02 5.09893067e-03
1.33619000e+03 9.51881000e+02 1.76310000e+03 -1.04154368e-02 -4.00174777e-03 6.69580877e-03
1.26386000e+03 9.39786000e+02 1.75003000e+03 1.68932957e-02 -1.23472841e-02 1.36214193e-02
1.28677000e+03 8.95781000e+02 1.77062000e+03 5.43944435e-04 2.10334673e-03 6.78018090e-03
1.34677000e+03 8.62288000e+02 1.77900000e+03 -2.04405185e-02 2.02182989e-02 -4.68642204e-03
1.27923000e+03 8.53437000e+02 1.77981000e+03 -1.09301515e-03 1.71891765e-02 5.40453034e-03
1.35355000e+03 9.04121000e+02 1.77196000e+03 -2.08418012e-02 1.03936105e-02 -2.37690445e-03
1.30962000e+03 8.83104000e+02 1.78615000e+03 -1.07534628e-02 1.04039221e-02 5.14950882e-03
1.27258000e+03 8.67678000e+02 1.77534000e+03 1.66456058e-03 1.18313134e-02 6.72949322e-03
1.31595000e+03 8.76028000e+02 1.77451000e+03 -9.35911386e-03 1.10148881e-02 5.25251005e-04
1.32620000e+03 9.43012000e+02 1.76352000e+03 -7.04849722e-03 -4.38252173e-03 7.04909523e-03
1.31620000e+03 8.49545000e+02 1.77996000e+03 -1.12021010e-02 2.00244973e-02 -1.64720547e-03
1.35137000e+03 8.60902000e+02 1.79469000e+03 -2.34542429e-02 2.68029121e-02 -6.34461377e-04
1.33089000e+03 9.34496000e+02 1.78747000e+03 -1.23753189e-02 2.72300854e-03 9.49451712e-03
1.33511000e+03 9.30630000e+02 1.76530000e+03 -1.15348350e-02 -2.19228323e-04 3.19831363e-03
1.31655000e+03 9.09668000e+02 1.76666000e+03 -5.71315417e-03 5.41874520e-04 3.32788592e-03
1.27332000e+03 8.92400000e+02 1.76944000e+03 3.91596704e-03 2.27964298e-03 8.15267865e-03
1.28519000e+03 9.34226000e+02 1.76276000e+03 5.86130168e-03 -8.55108290e-03 1.12205367e-02
1.27729000e+03 9.20692000e+02 1.76226000e+03 7.91698643e-03 -6.59931788e-03 1.02241102e-02
1.32511000e+03 9.21284000e+02 1.76622000e+03 -7.88698146e-03 -1.89374593e-04 3.77145118e-03
1.24996000e+03 9.35581000e+02 1.74545000e+03 2.17370648e-02 -1.12493773e-02 1.44030309e-02
1.31807000e+03 8.76564000e+02 1.79395000e+03 -1.47404185e-02 1.52253605e-02 4.97658108e-03
1.31998000e+03 9.45320000e+02 1.78361000e+03 -7.56004792e-03 -2.21527791e-03 1.23270703e-02
1.34497000e+03 9.28790000e+02 1.79724000e+03 -1.74184122e-02 1.08747090e-02 7.67250303e-03
1.26491000e+03 8.57502000e+02 1.77339000e+03 4.81684880e-03 1.61686488e-02 6.92497710e-03
1.32817000e+03 9.09488000e+02 1.78935000e+03 -1.39538865e-02 6.97508163e-03 7.15042771e-03
1.33963000e+03 9.51797000e+02 1.79694000e+03 -1.32278455e-02 5.65792725e-03 1.19625141e-02
1.32178000e+03 9.27543000e+02 1.78390000e+03 -1.02499709e-02 9.17275405e-04 8.97742453e-03
1.26722000e+03 8.79065000e+02 1.77027000e+03 5.39282509e-03 7.16438992e-03 7.87614435e-03
1.28468000e+03 9.08499000e+02 1.76886000e+03 2.46416952e-03 -2.21852748e-03 8.07435781e-03
1.30450000e+03 9.49379000e+02 1.75982000e+03 1.07552231e-03 -9.65584363e-03 1.07106238e-02
1.27048000e+03 9.29758000e+02 1.75624000e+03 1.32172757e-02 -9.56474677e-03 1.20909530e-02
1.33446000e+03 8.49011000e+02 1.77943000e+03 -1.69291725e-02 2.19921353e-02 -4.34697970e-03
1.27056000e+03 9.07486000e+02 1.76442000e+03 8.12541255e-03 -2.83986408e-03 9.66874934e-03
1.33771000e+03 8.57834000e+02 1.79317000e+03 -1.99506383e-02 2.40921532e-02 2.04790759e-05
1.30286000e+03 8.67565000e+02 1.79064000e+03 -1.08540222e-02 1.51231202e-02 5.09499989e-03
1.29413000e+03 8.47246000e+02 1.79301000e+03 -1.02218999e-02 2.25220055e-02 5.47453645e-03
1.29690000e+03 9.46449000e+02 1.77288000e+03 -1.06555656e-04 -8.54875457e-03 1.41464572e-02
1.34151000e+03 9.13253000e+02 1.79777000e+03 -1.87609821e-02 1.25316762e-02 7.08316558e-03
1.31511000e+03 9.11515000e+02 1.78183000e+03 -8.99957380e-03 2.13778311e-03 7.41194574e-03
1.25204000e+03 8.85212000e+02 1.76368000e+03 1.19766857e-02 5.07264834e-03 1.09090827e-02
1.25703000e+03 8.67897000e+02 1.76890000e+03 8.40704567e-03 1.22171762e-02 8.30674351e-03
1.34038000e+03 9.02302000e+02 1.77174000e+03 -1.52078178e-02 7.47765059e-03 -3.36680628e-04
1.30509000e+03 8.64377000e+02 1.77481000e+03 -5.90966391e-03 1.30511694e-02 9.36055429e-04
1.31697000e+03 9.34675000e+02 1.76297000e+03 -4.11938974e-03 -4.34229689e-03 6.58735793e-03
1.26328000e+03 9.18422000e+02 1.75854000e+03 1.30776595e-02 -6.83680336e-03 1.18579816e-02
1.26078000e+03 8.94379000e+02 1.76556000e+03 8.86232171e-03 9.73919870e-04 1.00532203e-02
1.30987000e+03 8.85936000e+02 1.77050000e+03 -6.31381445e-03 7.02372022e-03 1.84979619e-03
1.25230000e+03 9.23874000e+02 1.75115000e+03 1.84437983e-02 -8.53749703e-03 1.30707322e-02
1.31785000e+03 9.51938000e+02 1.75981000e+03 -2.70818556e-03 -7.66439478e-03 9.12207146e-03
1.31882000e+03 8.54371000e+02 1.80488000e+03 -1.93115310e-02 2.37000697e-02 4.83105407e-03
1.35466000e+03 8.95775000e+02 1.78986000e+03 -2.25278104e-02 1.85884173e-02 1.03617837e-03
1.30138000e+03 9.22968000e+02 1.77583000e+03 -3.29326355e-03 -3.51613990e-03 9.11891423e-03
1.35059000e+03 9.31497000e+02 1.76407000e+03 -1.75650522e-02 2.00260320e-03 2.85695445e-04
1.30611000e+03 9.54856000e+02 1.77923000e+03 -2.66624813e-03 -6.98889973e-03 1.58832208e-02
1.33776000e+03 8.91519000e+02 1.77811000e+03 -1.62759946e-02 1.15986078e-02 4.03785957e-04
1.35059000e+03 8.73804000e+02 1.77550000e+03 -2.10317007e-02 1.74449098e-02 -4.63991879e-03
1.32858000e+03 8.71687000e+02 1.77828000e+03 -1.44400357e-02 1.45420597e-02 -1.13424819e-03
1.24566000e+03 8.72083000e+02 1.76258000e+03 1.33046949e-02 1.05060786e-02 1.05282937e-02
1.34097000e+03 8.45684000e+02 1.79671000e+03 -2.18002308e-02 2.89868150e-02 -3.84323376e-04
1.30840000e+03 9.36860000e+02 1.77692000e+03 -4.26076658e-03 -3.35865463e-03 1.08978480e-02
1.32598000e+03 8.87262000e+02 1.77223000e+03 -1.09324546e-02 8.66886285e-03 1.62716076e-04
1.24526000e+03 8.98551000e+02 1.75707000e+03 1.77850918e-02 -7.38538586e-04 1.23422279e-02
1.34136000e+03 8.96440000e+02 1.80245000e+03 -2.06736270e-02 1.75920447e-02 6.36854678e-03
1.25288000e+03 8.53203000e+02 1.76830000e+03 9.96521870e-03 1.75398663e-02 7.44999696e-03
1.25572000e+03 9.07037000e+02 1.75859000e+03 1.40435331e-02 -4.68539705e-03 1.13525872e-02
1.33272000e+03 9.27646000e+02 1.77694000e+03 -1.14348806e-02 2.84945327e-03 6.05541234e-03
1.30706000e+03 9.18442000e+02 1.76444000e+03 -1.86716155e-03 -2.57206884e-03 5.44934309e-03
1.32657000e+03 9.05667000e+02 1.76823000e+03 -9.71831035e-03 3.27414601e-03 1.59598023e-03
1.33398000e+03 9.42751000e+02 1.77499000e+03 -1.11437466e-02 8.55005238e-04 8.44490526e-03
1.32006000e+03 8.92955000e+02 1.79068000e+03 -1.35866127e-02 9.29632040e-03 6.30136266e-03
1.28011000e+03 9.52152000e+02 1.76615000e+03 6.96264843e-03 -1.30132870e-02 1.66202686e-02
1.31213000e+03 8.64932000e+02 1.79948000e+03 -1.55604130e-02 1.86771830e-02 5.75361312e-03
1.29849000e+03 9.31025000e+02 1.79865000e+03 -1.09286207e-02 -7.70688482e-03 1.46669288e-02
1.30353000e+03 9.44282000e+02 1.80226000e+03 -1.09448407e-02 -1.14541863e-02 1.73601967e-02
1.29214000e+03 9.52154000e+02 1.79685000e+03 -6.53457820e-03 -1.72937003e-02 1.96742523e-02
1.28608000e+03 9.32220000e+02 1.79108000e+03 -4.66604276e-03 -1.00421290e-02 1.54236714e-02
1.28450000e+03 9.44963000e+02 1.79026000e+03 -3.69438555e-03 -1.52403497e-02 1.84744848e-02
1.25261000e+03 8.59205000e+02 1.79246000e+03 1.62369568e-05 2.00207070e-02 1.52899934e-02
1.27496000e+03 9.37281000e+02 1.78517000e+03 -5.28948535e-05 -1.46472331e-02 1.74309482e-02
1.26399000e+03 8.56848000e+02 1.79959000e+03 -5.51399436e-03 2.16566206e-02 1.43544349e-02
1.29658000e+03 9.11687000e+02 1.79899000e+03 -1.28369854e-02 6.78632529e-06 1.28679468e-02
1.26358000e+03 9.43231000e+02 1.77854000e+03 5.35258397e-03 -1.59207484e-02 1.91138240e-02
1.28566000e+03 9.19316000e+02 1.79167000e+03 -6.48418621e-03 -5.48442750e-03 1.40135365e-02
1.26309000e+03 8.69857000e+02 1.79537000e+03 -4.49859466e-03 1.55690973e-02 1.45329048e-02
1.27475000e+03 8.67407000e+02 1.80138000e+03 -8.88985641e-03 1.62658977e-02 1.31571910e-02
1.24869000e+03 8.76242000e+02 1.78835000e+03 2.24500861e-03 1.36429261e-02 1.67661316e-02
1.26961000e+03 9.09400000e+02 1.78810000e+03 -2.08408597e-03 -2.50301204e-03 1.52825143e-02
