x y z dx dy dz
1278.57 937.489 1800.49 -0.393771 0.299738 -0.0279864
1278.45 913.058 1802.38 -0.382539 0.321588 -0.026443
1277.25 949.092 1801.64 -0.401303 0.288623 -0.0299622
1269.3 943.464 1795.71 -0.38654 0.294567 -0.0305764
1268.05 954.943 1797.45 -0.399096 0.286823 -0.0331853
1270.24 931.284 1795.89 -0.377651 0.307412 -0.0270827
1260.02 949.803 1790.96 -0.379581 0.290976 -0.0352163
1252.33 931.123 1786.34 -0.357521 0.307283 -0.0302038
1253.04 919.488 1788.95 -0.35235 0.31496 -0.0296962
1253.77 908.542 1792.24 -0.352543 0.323238 -0.0282283
1254.58 897.715 1795.85 -0.350144 0.330518 -0.0273535
1245.54 890.874 1793.65 -0.3389 0.332151 -0.0323084
1255.27 886.549 1799.5 -0.347766 0.3344 -0.0297777
1246.14 879.489 1797.35 -0.338386 0.338741 -0.0323411
1255.74 875.187 1803.04 -0.345528 0.340264 -0.029384
1246.8 867.949 1801.01 -0.335271 0.344187 -0.0334698
1247.5 856.469 1804.54 -0.335245 0.346578 -0.0324133
1263.56 904.505 1797.85 -0.360966 0.325752 -0.0280416
1265.28 882.142 1804.97 -0.357384 0.336538 -0.0294745
1262.38 914.611 1794.65 -0.36319 0.324707 -0.0231053
1264.8 893.717 1801.44 -0.360888 0.330938 -0.0295727
1275.13 902.031 1803.46 -0.37622 0.325568 -0.0285663
1279.18 925.389 1800.94 -0.385362 0.316384 -0.0257017
1251.36 943.67 1785.04 -0.360697 0.299813 -0.0314744
1260.92 937.425 1790.57 -0.370176 0.302108 -0.0322582
1261.73 925.535 1792.11 -0.365894 0.310737 -0.028107
1271.25 919.382 1797.83 -0.374183 0.317754 -0.0288352
1270.88 910.241 1799.57 -0.371164 0.32371 -0.0228441
1279.01 849.672 1795.54 -0.337809 0.347781 -0.0356239
1268.73 846.087 1790.72 -0.325323 0.34843 -0.0382511
1271.67 857.387 1790.19 -0.330987 0.344251 -0.0367622
1261.34 853.871 1785.54 -0.319021 0.345666 -0.0397674
1264.24 865.156 1785.12 -0.324441 0.341881 -0.0387265
1253.88 861.726 1780.63 -0.312983 0.343389 -0.0412872
1251.03 850.382 1780.79 -0.307823 0.346829 -0.0425623
1246.4 869.696 1775.9 -0.307929 0.339555 -0.0420696
1282.06 860.904 1794.69 -0.342684 0.343109 -0.0345601
1319.89 894.057 1803.49 -0.388564 0.34021 -0.0250969
1323.05 905.217 1801.64 -0.393262 0.336271 -0.0240892
1312.82 901.504 1797.25 -0.378869 0.333968 -0.0279273
1315.82 912.588 1795.73 -0.383771 0.33041 -0.0263794
1305.56 909.255 1791.38 -0.370936 0.329865 -0.0293673
1248.68 944.227 1758.77 -0.315117 0.308065 -0.0419603
1258.51 947.715 1764.16 -0.328777 0.307601 -0.042145
1255.88 936.001 1763.74 -0.321874 0.311453 -0.0419508
1265.86 939.42 1768.34 -0.334255 0.312008 -0.0392124
1263.09 927.598 1768.95 -0.328834 0.315779 -0.0404943
1273.37 930.914 1772.93 -0.339549 0.315414 -0.0380892
1269.76 918.952 1774 -0.335035 0.318209 -0.0382346
1302.47 898.022 1793.19 -0.367031 0.333099 -0.0304123
1308.28 920.582 1790.27 -0.376012 0.327576 -0.0286295
1252.13 924.329 1764.83 -0.315901 0.316209 -0.0406404
1275.65 942.844 1773.31 -0.347486 0.313227 -0.0353302
1318.02 923.433 1794.84 -0.388878 0.328986 -0.0250564
1295.12 905.926 1787.56 -0.359342 0.328663 -0.0326557
1291.88 894.596 1789.6 -0.356254 0.332229 -0.0320402
1299.19 886.833 1795.29 -0.362995 0.336397 -0.0313447
1283.26 934.295 1777.14 -0.350869 0.317931 -0.034722
1285.04 946.146 1778.57 -0.360991 0.313991 -0.0319913
1310.61 932.209 1790.4 -0.382046 0.325761 -0.0281469
1277.13 954.374 1775.93 -0.357955 0.309742 -0.0330155
1284.42 902.568 1784.27 -0.348928 0.328078 -0.0360233
1281.1 891.183 1786.32 -0.345547 0.330962 -0.036592
1273.59 899.185 1781.24 -0.339331 0.326827 -0.0372117
1331.54 946.388 1802.59 -0.418132 0.334937 -0.0168708
1302.89 868.135 1803.33 -0.366326 0.345039 -0.028617
1270.32 887.77 1783.06 -0.336493 0.332537 -0.0375168
1262.83 895.732 1778.16 -0.332234 0.328344 -0.0368572
1287.67 914.088 1782.35 -0.35239 0.32379 -0.0342261
1294.14 949.452 1784.13 -0.37519 0.314677 -0.0289253
1300.71 929.13 1785.62 -0.368948 0.322532 -0.0308491
1277.78 879.848 1788.05 -0.34174 0.335168 -0.0368912
1299.59 856.957 1804.9 -0.36147 0.348107 -0.0298766
1259.6 884.296 1779.53 -0.325341 0.334837 -0.0387643
1331.16 934.415 1801.15 -0.409706 0.334515 -0.020486
1266.13 907.248 1776.07 -0.333455 0.322638 -0.0380788
1255.32 903.554 1772.95 -0.321486 0.324171 -0.0391139
1323.83 942.378 1797.89 -0.405194 0.329666 -0.0204182
1258.53 915.198 1770.54 -0.324441 0.320527 -0.0386631
1246.87 911.661 1766.59 -0.312753 0.320423 -0.0412624
1302.91 941.167 1787.04 -0.377499 0.321189 -0.0288866
1267.95 951.223 1769.88 -0.343186 0.308141 -0.0372263
1276.99 910.706 1779.11 -0.34243 0.32317 -0.0369305
1288.55 883.326 1791.64 -0.351905 0.335881 -0.0337658
1306.28 879.281 1801.37 -0.371041 0.340136 -0.0291291
1309.62 890.399 1799.25 -0.375766 0.337198 -0.0278324
1335.27 921.857 1804.51 -0.411027 0.341104 -0.0200884
1326.22 916.686 1800.44 -0.39763 0.335445 -0.0226116
1295.82 875.656 1797.33 -0.358789 0.340309 -0.0314975
1280.34 922.426 1777.47 -0.344647 0.319509 -0.0372674
1298.11 917.387 1786.03 -0.363467 0.325427 -0.0317622
1322.07 952.371 1799.48 -0.410423 0.328558 -0.0181678
1313.87 944.821 1793.23 -0.393737 0.325556 -0.0236557
1289.29 853.282 1800.27 -0.349496 0.348785 -0.0326909
1249.28 880.939 1775.61 -0.313418 0.334482 -0.0407008
1292.48 864.476 1799.04 -0.354746 0.344551 -0.0315778
1285.24 872.099 1793.39 -0.347532 0.339299 -0.0341886
1245.62 933.034 1759.14 -0.310082 0.312579 -0.0420351
1274.71 868.606 1789.37 -0.336918 0.33952 -0.0365888
1267.2 876.433 1784.35 -0.331563 0.339035 -0.0360947
1290.61 925.811 1781.29 -0.356681 0.321441 -0.0336145
1292.91 937.74 1781.76 -0.363991 0.318704 -0.0312746
1256.72 873.044 1780.31 -0.31898 0.339105 -0.0402117
1252.39 892.063 1774.8 -0.320807 0.330971 -0.0382142
1303.37 953.258 1790.24 -0.389225 0.318175 -0.0243119
1326.07 925.806 1798.87 -0.399225 0.332638 -0.0222618
1245.71 898.893 1770.09 -0.312431 0.326301 -0.0400294
1320.01 933.461 1795.23 -0.394154 0.328637 -0.0244228
1342.3 847.115 1769.82 -0.330597 0.354379 -0.0309501
1334.49 854.317 1768.14 -0.328127 0.35088 -0.0323152
1345.38 858.312 1767.72 -0.333697 0.351835 -0.0298933
1336.77 865.823 1765.99 -0.330128 0.347501 -0.0318619
1347.85 869.634 1765.62 -0.335758 0.349208 -0.0289755
1338.86 877.239 1763.88 -0.332969 0.344909 -0.0315267
1350.07 881.031 1763.54 -0.338559 0.346613 -0.0279482
1341.59 888.747 1761.83 -0.335681 0.342816 -0.0296427
1352.59 892.524 1761.51 -0.341541 0.34393 -0.0268414
1344.11 900.458 1759.78 -0.338301 0.340502 -0.0278063
1345.83 911.917 1757.81 -0.33988 0.337811 -0.026927
1333.45 906.839 1758.24 -0.333438 0.336913 -0.0299878
1336.65 919.619 1756.1 -0.337172 0.335199 -0.0283925
1325.55 915.991 1756.19 -0.331372 0.332093 -0.0311665
1327.83 927.621 1754.23 -0.333926 0.330379 -0.0299813
1316.43 923.854 1754.02 -0.327353 0.329279 -0.0318574
1318.82 935.405 1752.09 -0.33 0.328066 -0.0297011
1307.81 931.481 1751.45 -0.323379 0.325219 -0.0331853
1309.87 942.97 1749.54 -0.325851 0.323181 -0.0313787
1298.88 938.898 1748.24 -0.317955 0.322788 -0.0358281
1300.87 950.336 1746.5 -0.320779 0.320391 -0.0336306
1289.99 945.964 1744.43 -0.313363 0.318492 -0.0364604
1321.01 947.044 1750.24 -0.332316 0.325384 -0.0276386
1314.6 912.487 1756.08 -0.324888 0.331632 -0.034029
1287.22 933.457 1746.54 -0.311231 0.32099 -0.0392082
1281.35 953.895 1740.24 -0.309317 0.314585 -0.0387257
1325.63 861.751 1766.35 -0.324509 0.347626 -0.033794
1250.03 858.891 1755.13 -0.285861 0.339908 -0.0500613
1245.27 869.083 1751.22 -0.283875 0.336192 -0.0503442
1254.96 848.721 1759 -0.287838 0.344039 -0.0484411
1256.39 869.416 1755.71 -0.291412 0.337393 -0.0479141
1251.71 879.665 1752.07 -0.289637 0.332168 -0.048762
1263.06 880.114 1755.84 -0.296895 0.333181 -0.0468105
1258.58 890.478 1752.15 -0.295068 0.328972 -0.0477709
1267.91 869.566 1759.02 -0.297654 0.338142 -0.0463966
1274.67 880.201 1758.49 -0.302753 0.335352 -0.0454081
1279.65 869.42 1761.3 -0.303699 0.339349 -0.0439566
1286.44 879.832 1760.28 -0.308227 0.336435 -0.0421505
1281.5 890.908 1757.35 -0.307379 0.332534 -0.042874
1245.11 923.117 1734.28 -0.284271 0.317443 -0.0500564
1329.18 885.439 1761.99 -0.328698 0.341558 -0.0324015
1247.03 941.564 1728.35 -0.284818 0.311893 -0.0490344
1291.45 868.955 1762.82 -0.310069 0.340582 -0.0409355
1284.72 858.799 1763.92 -0.305355 0.34287 -0.0425166
1298.25 879.073 1761.51 -0.313669 0.338594 -0.0396924
1339.11 931.574 1754.14 -0.339258 0.332289 -0.026301
1296.48 858.33 1765.25 -0.310735 0.344088 -0.0400981
1289.91 848.372 1766.55 -0.306376 0.347529 -0.0416937
1278.08 848.66 1764.88 -0.300363 0.345578 -0.0440157
1352.71 947.339 1751.96 -0.347165 0.330849 -0.0208639
1249.44 906.589 1743.33 -0.288551 0.323042 -0.0493629
1313.19 847.948 1768.46 -0.317772 0.349771 -0.0375469
1253.34 952.136 1729.01 -0.289554 0.310148 -0.0460473
1257.93 941.898 1733.21 -0.291823 0.313881 -0.046278
1264.3 952.176 1733.82 -0.29678 0.311914 -0.0436304
1268.46 942.024 1737.64 -0.299626 0.315912 -0.043693
1262.68 932.159 1738.41 -0.295566 0.316588 -0.0464636
1274.04 932.456 1742.63 -0.302782 0.318185 -0.0435377
1267.17 922.539 1743.74 -0.299746 0.320345 -0.0450086
1279.09 922.402 1747.55 -0.305703 0.322305 -0.0422382
1271.76 912.284 1749.05 -0.302108 0.323679 -0.0447648
1283.8 912.02 1752.02 -0.308143 0.32585 -0.0413256
1276.69 901.736 1753.72 -0.304443 0.32737 -0.0434999
1288.49 901.212 1755.84 -0.311198 0.33018 -0.041444
1295.6 911.346 1754.23 -0.315376 0.32813 -0.0387256
1300.36 900.652 1757.3 -0.317535 0.331627 -0.0384929
1265.38 902.246 1750.79 -0.299388 0.326169 -0.0465066
1293.35 890.223 1758.9 -0.312925 0.334094 -0.0409418
1305.27 889.402 1760.01 -0.318252 0.335982 -0.0377417
1309.79 877.709 1762.53 -0.318946 0.34081 -0.0367755
1312.81 900.669 1758.29 -0.32348 0.334322 -0.0357298
1291.21 921.441 1750.8 -0.312388 0.324561 -0.0386464
1317.12 887.971 1760.98 -0.323998 0.338644 -0.0350652
1324.94 897.254 1759.61 -0.328652 0.33725 -0.0327077
1256.15 922.891 1739.36 -0.292219 0.31813 -0.0478056
1332.28 951.095 1750.44 -0.338296 0.326068 -0.0240002
1311.94 954.56 1747.84 -0.328736 0.320692 -0.0289118
1330.11 939.368 1752.32 -0.336211 0.32829 -0.0271417
1304.11 920.048 1753.36 -0.320304 0.328045 -0.0360563
1258.92 911.699 1745.13 -0.29478 0.321518 -0.0476101
1261.33 859.066 1759.08 -0.292257 0.342038 -0.0467816
1266.4 848.772 1762.43 -0.294009 0.345089 -0.0454382
1272.95 859.051 1761.95 -0.299428 0.342123 -0.0450447
1348.15 923.732 1755.83 -0.343319 0.335788 -0.0248177
1327.64 872.704 1764.33 -0.327472 0.345175 -0.0331153
1350.46 935.572 1753.88 -0.34479 0.333088 -0.022905
1251.68 932.013 1733.72 -0.28837 0.315282 -0.0487088
1269.88 891.059 1755.16 -0.301535 0.33034 -0.0450791
1341.39 943.375 1752.21 -0.34152 0.329831 -0.02383
1301.75 847.927 1767.71 -0.312424 0.347846 -0.0391977
1303.25 868.208 1763.91 -0.314984 0.34279 -0.0384905
1315.72 867.43 1764.81 -0.320883 0.344792 -0.0360608
1247.36 889.487 1747.96 -0.286976 0.328072 -0.0493997
1278.99 943.014 1741.43 -0.306645 0.317303 -0.0406257
1324.21 850.188 1768.56 -0.322611 0.351037 -0.0352769
1254.99 899.798 1748.14 -0.293074 0.325338 -0.0486286
1307.84 857.722 1766.21 -0.316306 0.346289 -0.0378104
1334.7 895.804 1760.29 -0.333359 0.339968 -0.0308855
1322.43 906.812 1757.7 -0.32838 0.333679 -0.032727
1319.43 878.348 1762.91 -0.323723 0.341787 -0.0354485
1317.33 856.993 1766.9 -0.320376 0.347947 -0.0359593
1248.64 914.865 1739.51 -0.287405 0.320213 -0.0492548
1297.9 929.131 1750.22 -0.316933 0.324852 -0.0363928
1305.1 909.991 1755.71 -0.320106 0.331313 -0.0363279
1352.17 850.273 1769.51 -0.335317 0.355994 -0.0287188
1272.75 950.877 1737.47 -0.303149 0.314521 -0.0415025
1245.04 889.476 1699.91 -0.254532 0.315435 -0.0613395
1252.91 898.565 1698.48 -0.257767 0.313652 -0.0606743
1245.24 858.145 1705.81 -0.252208 0.324475 -0.0622253
1248.84 909.634 1696.29 -0.256635 0.311063 -0.0604391
1260.72 907.658 1697.05 -0.260986 0.312542 -0.0588136
1268.49 916.754 1695.62 -0.264461 0.311708 -0.0569157
1272.59 905.691 1697.79 -0.265363 0.314119 -0.0575753
1280.34 914.793 1696.36 -0.268616 0.312722 -0.0557133
1284.46 903.729 1698.53 -0.2693 0.3155 -0.0555476
1292.2 912.834 1697.1 -0.273471 0.314295 -0.0532685
1296.32 901.77 1699.25 -0.274041 0.31772 -0.0543816
1304.04 910.876 1697.82 -0.277696 0.316847 -0.0512805
1308.17 899.811 1699.96 -0.278981 0.31954 -0.0519112
1315.88 908.919 1698.54 -0.28285 0.317525 -0.0500091
1320.02 897.853 1700.67 -0.283763 0.320372 -0.0496499
1311.75 919.984 1696.41 -0.28233 0.315177 -0.0490762
1323.58 918.027 1697.13 -0.28659 0.316985 -0.0470604
1249.59 847.056 1708.08 -0.253163 0.32832 -0.0619868
1319.45 929.093 1695 -0.285955 0.314133 -0.0463002
1331.28 927.138 1695.74 -0.290381 0.315946 -0.0443506
1343.11 925.183 1696.47 -0.295829 0.31871 -0.0407443
1312.31 888.745 1702.09 -0.279712 0.322152 -0.0520861
1324.15 886.786 1702.79 -0.284636 0.323318 -0.0496511
1316.45 877.681 1704.23 -0.280336 0.32445 -0.0522253
1328.29 875.724 1704.93 -0.284645 0.326994 -0.0502022
1320.59 866.624 1706.38 -0.280707 0.327921 -0.0512065
1332.43 864.67 1707.08 -0.285662 0.329954 -0.0495474
1324.73 855.579 1708.56 -0.282344 0.331146 -0.0511569
1336.56 853.627 1709.28 -0.287916 0.332669 -0.0493486
1344.26 862.716 1707.8 -0.291577 0.331958 -0.0471919
1308.74 868.579 1705.68 -0.27638 0.325692 -0.0534488
1317.03 846.497 1710.07 -0.278721 0.332314 -0.0524366
1276.7 894.623 1699.96 -0.266117 0.317803 -0.0574138
1257.42 856.202 1706.53 -0.25639 0.325952 -0.0614693
1335.99 884.828 1703.49 -0.289796 0.325514 -0.0474059
1256.98 887.487 1700.66 -0.25885 0.317192 -0.0609704
1293.34 850.387 1708.66 -0.268953 0.330126 -0.0562656
1281.43 852.329 1707.95 -0.264543 0.328769 -0.0584633
1289.15 861.429 1706.45 -0.268163 0.32726 -0.0571997
1277.22 863.378 1705.74 -0.26384 0.325747 -0.0589474
1284.98 872.486 1704.27 -0.267378 0.32374 -0.057426
1273.05 874.442 1703.56 -0.263251 0.322252 -0.0591268
1301.03 859.48 1707.15 -0.272425 0.328238 -0.055319
1280.83 883.553 1702.11 -0.2666 0.320468 -0.0576765
1292.72 881.595 1702.83 -0.271211 0.32218 -0.0554664
1288.58 892.662 1700.68 -0.270301 0.319466 -0.05573
1268.91 885.516 1701.39 -0.262777 0.318943 -0.0588436
1264.8 896.59 1699.22 -0.262213 0.315592 -0.0589459
1261.08 876.405 1702.84 -0.259196 0.320173 -0.0608527
1253.2 867.286 1704.31 -0.255667 0.32268 -0.0615876
1335.42 916.071 1697.85 -0.291879 0.318631 -0.0440114
1347.25 914.115 1698.57 -0.296554 0.320923 -0.0418118
1339.55 905.003 1699.96 -0.292556 0.321936 -0.0442023
1351.38 903.047 1700.68 -0.297647 0.323134 -0.042845
1343.69 893.936 1702.08 -0.29366 0.324227 -0.0448912
1347.82 882.871 1704.2 -0.294345 0.327305 -0.0451612
1331.85 895.894 1701.37 -0.288346 0.322824 -0.0470548
1327.72 906.961 1699.25 -0.287904 0.319973 -0.0475114
1351.96 871.812 1706.35 -0.295449 0.330942 -0.0449747
1269.46 854.269 1707.25 -0.26052 0.32808 -0.0596605
1265.24 865.328 1705.03 -0.259751 0.324144 -0.0603852
1249.08 878.383 1702.1 -0.255368 0.318518 -0.0621416
1350.8 934.298 1695.1 -0.300255 0.316677 -0.0382437
1261.7 845.16 1708.78 -0.257713 0.330316 -0.0611492
1296.87 870.532 1704.98 -0.271903 0.32523 -0.0551169
1354.94 923.229 1697.19 -0.300877 0.319405 -0.0385224
1340.13 873.768 1705.63 -0.290202 0.328393 -0.0473341
1304.59 879.638 1703.53 -0.275764 0.323229 -0.0540403
1312.88 857.53 1707.85 -0.277064 0.329768 -0.0528229
1305.19 848.443 1709.36 -0.274158 0.331474 -0.0546408
1299.91 921.94 1695.67 -0.277126 0.312809 -0.051161
1348.39 851.676 1710.01 -0.29285 0.334235 -0.0468021
1300.45 890.704 1701.39 -0.275003 0.320489 -0.0539665
1287.3 847.539 1696.42 -0.260794 0.326175 -0.0601558
1301.11 849.415 1697.25 -0.266166 0.326812 -0.0586068
1345.86 865.149 1696.08 -0.285542 0.32725 -0.0499704
1293.58 861.594 1697.42 -0.26501 0.323908 -0.0586157
1319.3 862.281 1696.73 -0.274395 0.325793 -0.0545971
1264.13 853.935 1697.06 -0.253256 0.323778 -0.0630825
1329.79 850.201 1699.73 -0.278727 0.329411 -0.0536744
1336.81 876.297 1696.45 -0.283849 0.325142 -0.0501923
1343.03 853.724 1699.08 -0.28444 0.330099 -0.0507418
1298.86 872.698 1695.57 -0.267863 0.321752 -0.0566895
1315.02 846.448 1699.62 -0.272578 0.32864 -0.0555878
1281.93 857.644 1698.42 -0.260944 0.324593 -0.0602003
1322.71 853.92 1738.32 -0.302258 0.342726 -0.0444372
1327.72 906.159 1725.93 -0.307398 0.328984 -0.0404491
1340.71 952.242 1718.85 -0.317157 0.321067 -0.0310067
1347.98 925.086 1727.83 -0.321478 0.328814 -0.032753
1348.14 883.61 1731.38 -0.314547 0.337101 -0.0374716
1294.02 847.393 1736.13 -0.288105 0.340383 -0.0500111
1320.08 931.312 1723.91 -0.307691 0.322634 -0.0381501
1303.51 874.844 1736.25 -0.297052 0.335263 -0.0465083
1295.39 904.356 1726.04 -0.293855 0.324872 -0.0470646
1276.4 869.222 1734.9 -0.284571 0.333009 -0.0518316
1294.65 929.581 1719.07 -0.293693 0.318656 -0.0455081
1272.64 895.286 1725.44 -0.282298 0.323907 -0.0527715
1279.56 953.942 1715.51 -0.289752 0.310848 -0.0452434
1318.74 878.538 1733.84 -0.302145 0.335535 -0.0440751
1269.6 918.528 1720.47 -0.282928 0.317201 -0.0512958
1253.29 880.126 1725.81 -0.272571 0.326127 -0.0565452
1345.99 860.793 1732.27 -0.309471 0.341674 -0.0401402
1247.07 859.069 1727.95 -0.267916 0.332331 -0.0569844
1252.33 907.554 1718.88 -0.27288 0.317771 -0.0553753
1264.88 930.848 1708.94 -0.275456 0.311701 -0.0530535
1341.85 899.042 1731.04 -0.315081 0.333663 -0.0372887
1312.37 915.537 1714.43 -0.294708 0.321839 -0.0454719
1320.52 954.368 1735.73 -0.322303 0.320297 -0.0306549
1341.73 852.025 1748.01 -0.316756 0.34817 -0.0376923
1308.97 887.958 1720.33 -0.291243 0.328264 -0.0485485
1287.34 891.093 1741.69 -0.298661 0.330256 -0.0469784
1308.93 846.512 1748.15 -0.301852 0.345436 -0.0446714
1334.18 937.49 1731.07 -0.320895 0.326147 -0.032082
1340.75 912.999 1719.06 -0.308956 0.327511 -0.0383123
1304.2 861.189 1729.56 -0.290235 0.335317 -0.049498
1334 935.527 1713.2 -0.306728 0.321331 -0.0373493
1323.69 893.046 1735.58 -0.309179 0.333511 -0.0410393
1315.98 872.209 1748.03 -0.310389 0.339461 -0.0415099
1283.75 882.741 1716.93 -0.278253 0.325376 -0.0541564
1334.61 867.491 1743.6 -0.314037 0.342484 -0.0388653
1306.64 944.942 1723.68 -0.304659 0.318656 -0.0391696
1328.06 921.742 1740.95 -0.321905 0.330053 -0.0339162
1319.85 950.851 1709.18 -0.300252 0.31569 -0.0382949
1306.46 926.024 1730.69 -0.306314 0.323264 -0.0409063
1289.19 869.788 1748.99 -0.299504 0.338102 -0.0458399
1346.37 942.672 1706 -0.30825 0.319262 -0.0350134
1339.03 884.28 1717.1 -0.300325 0.331836 -0.0431128
1247.97 923.663 1713.84 -0.270928 0.31322 -0.0545995
1249.13 952.73 1708.02 -0.272873 0.30577 -0.0517986
1298.85 944.237 1706.49 -0.288696 0.313705 -0.0457865
1329.25 920.098 1712.5 -0.30143 0.322775 -0.0415251
1280.8 854.381 1728.65 -0.279654 0.335454 -0.0536625
1352.52 864.884 1749.52 -0.32557 0.346729 -0.0335605
1289.91 913.657 1711.07 -0.282601 0.318021 -0.050682
1310.78 907.576 1737.94 -0.308843 0.329279 -0.0408844
1279.38 910.024 1734.89 -0.294231 0.3236 -0.0473211
1259.95 860.517 1742.84 -0.282315 0.336201 -0.0524621
1280.43 858.201 1748.23 -0.292773 0.339927 -0.0480637
1265.54 861.421 1720.11 -0.269356 0.329949 -0.057469
1336.51 887.053 1749.02 -0.322986 0.340129 -0.0352633
1295.82 874.331 1717.59 -0.281414 0.328344 -0.0527216
1278.04 934.682 1727.93 -0.294377 0.316944 -0.0460254
1256.55 895.15 1731.85 -0.280954 0.323834 -0.0532806
1265.47 884.238 1738.75 -0.286885 0.329159 -0.0512839
1268.21 882.137 1718.17 -0.273288 0.324895 -0.0565342
1306.35 929.724 1709.92 -0.291669 0.317755 -0.0448789
1329.22 866.478 1720.98 -0.295574 0.334996 -0.0468616
1280.12 932.617 1708.85 -0.280837 0.313551 -0.0503921
1307.78 860.328 1747.39 -0.304004 0.341764 -0.0439102
1344.72 869.561 1718.79 -0.301265 0.334732 -0.0437375
1311.59 871.203 1718.41 -0.287211 0.330746 -0.0494588
1343.74 914.953 1744.37 -0.330328 0.33406 -0.0303067
1351.46 892.305 1718.75 -0.308877 0.332363 -0.0395282
1265.37 904.767 1710.28 -0.271177 0.317307 -0.0563403
1286.3 896.558 1712.48 -0.278622 0.321469 -0.0532872
1252.63 848.138 1743.54 -0.277463 0.339466 -0.0532471
1259.77 893.627 1714.52 -0.270378 0.32042 -0.0567952
1303.32 892.946 1736.83 -0.301751 0.331438 -0.0444758
1324.12 854.915 1754.98 -0.314432 0.34697 -0.0387259
1353.36 933.71 1741.13 -0.335985 0.331517 -0.0260089
1351.71 892.31 1748.69 -0.331475 0.341122 -0.0308825
1262.72 908.203 1733.56 -0.2868 0.32178 -0.0503754
1343.53 845.576 1724.61 -0.299866 0.341758 -0.0443145
1326.35 895.012 1715.57 -0.296348 0.32782 -0.0450813
1326.6 908.194 1744.6 -0.320784 0.332445 -0.0349025
1254.68 922.061 1725.15 -0.281184 0.3161 -0.0517479
1288.77 921.945 1736.55 -0.301997 0.32229 -0.043044
1261.59 916.287 1707.87 -0.270711 0.313753 -0.055799
1302.95 905.196 1710.35 -0.285277 0.321296 -0.0499458
1278.76 880.944 1746.94 -0.296779 0.333374 -0.0476793
1298.29 890.319 1711.79 -0.281621 0.323841 -0.0517069
1294.78 882.516 1747.99 -0.303779 0.334559 -0.044623
1315.8 943.504 1738.15 -0.319418 0.321891 -0.033369
1287.11 948.34 1729.33 -0.301501 0.315996 -0.0407106
1319.65 935.417 1706.88 -0.295583 0.317241 -0.0422551
1250.27 867.44 1717.25 -0.26318 0.32663 -0.0589359
1294.4 855.03 1754.75 -0.302572 0.343637 -0.0443781
1350.96 849.2 1739 -0.31425 0.34617 -0.0389419
1294.25 905.15 1743.66 -0.305625 0.32797 -0.0426666
1267.79 947.216 1703.09 -0.275081 0.307383 -0.0517436
1349.58 877.945 1751 -0.328854 0.34411 -0.0325783
1345.17 945.666 1740.71 -0.334503 0.327903 -0.0255703
1348.26 939.474 1722.53 -0.320964 0.325562 -0.0310605
1278.79 868.839 1718.26 -0.274384 0.32878 -0.0556057
1274.42 897.215 1742.29 -0.295157 0.327299 -0.0478171
1300.4 919.207 1706.76 -0.284866 0.317767 -0.0492338
1352.88 854.299 1757.69 -0.3294 0.35148 -0.0317551
1322.7 882.246 1715.29 -0.291824 0.329397 -0.048075
1350.2 912.177 1728.92 -0.320172 0.331628 -0.0333989
1335.69 915.178 1731.4 -0.316216 0.331093 -0.0358228
1325.69 947.112 1722.56 -0.312446 0.320939 -0.0339944
1309.4 850.049 1733.75 -0.293247 0.339951 -0.0476075
1288.14 876.568 1733.56 -0.289626 0.331257 -0.0500247
1315.88 865.336 1733.19 -0.298076 0.337727 -0.0457705
1301.4 915.646 1723.01 -0.296561 0.322601 -0.0453409
1328.57 847.092 1720.3 -0.291384 0.337743 -0.0482767
1312.93 903.067 1723.03 -0.298125 0.326822 -0.0453081
1335 926.228 1724.39 -0.313022 0.326217 -0.0361682
1255.75 875.577 1743.1 -0.283515 0.331805 -0.0520079
1270.77 869.152 1747.9 -0.291421 0.335862 -0.0495118
1267.17 944.671 1722.18 -0.287966 0.312348 -0.0472815
1323.71 907.365 1710.93 -0.295241 0.323429 -0.0452151
1284.87 947.566 1702.08 -0.280619 0.309844 -0.0486239
1325.22 881.568 1751 -0.318521 0.339251 -0.0375871
1310.07 883.465 1749.44 -0.311003 0.336513 -0.0406918
1343.21 926.379 1707.99 -0.30465 0.322367 -0.038579
1251.84 938.529 1702.67 -0.2677 0.307356 -0.0552458
1354.49 880.218 1715.87 -0.305241 0.334029 -0.0412137
1273.4 893.744 1711.5 -0.272513 0.320645 -0.055931
1293.55 933.322 1703.3 -0.282236 0.313254 -0.0485693
1309.51 948.166 1702.22 -0.290484 0.312787 -0.042634
1271.54 921.818 1733.78 -0.293303 0.319439 -0.0473234
1348.57 953.435 1701.45 -0.307199 0.316249 -0.0333876
1319.03 916.844 1728.86 -0.307331 0.326831 -0.0398476
1320.7 930.555 1741.79 -0.320837 0.326511 -0.0330749
1246.4 936.108 1717.13 -0.274964 0.310689 -0.0528813
1338.76 861.85 1756.89 -0.323759 0.347371 -0.0341121
1294.62 937.805 1735.21 -0.307066 0.32008 -0.0401075
1329.82 944.023 1703.65 -0.299525 0.316366 -0.0386125
1300.56 916.248 1742.31 -0.309439 0.326418 -0.0406266
1248.61 862.81 1741.44 -0.277873 0.335086 -0.0537725
1315.2 856.292 1720.45 -0.287064 0.33453 -0.0501845
1335.69 852.838 1732.17 -0.303252 0.341851 -0.0432743
1285.41 896.81 1730.26 -0.29095 0.326293 -0.0487325
1278.78 884.474 1731.45 -0.28667 0.329045 -0.0514288
1277.87 913.595 1707.16 -0.275483 0.31605 -0.0537078
1351.7 871.091 1736.52 -0.317101 0.341825 -0.0371718
1278.48 906.663 1720.19 -0.283663 0.320524 -0.05127
1338.75 930.141 1743.56 -0.330021 0.331122 -0.0292185
1335.45 878.372 1733.12 -0.309095 0.337673 -0.0409737
1353.01 905.022 1712.71 -0.307979 0.328467 -0.0387818
1317.09 922.176 1705.79 -0.291631 0.318634 -0.045767
1261.57 871.438 1714.39 -0.266076 0.325653 -0.0585712
1283.73 919.277 1722.71 -0.289808 0.31943 -0.0487275
1260.89 869.827 1730.59 -0.275833 0.330506 -0.0552115
1247.74 912.557 1705.62 -0.263545 0.313071 -0.0583542
1261.47 933.186 1726.05 -0.286422 0.314149 -0.0489343
1313.42 897.562 1709.47 -0.287404 0.322965 -0.0490608
1291.32 863.407 1734.51 -0.289068 0.335621 -0.0503358
1325.66 867.766 1755.01 -0.318399 0.343706 -0.0373539
1303.12 871.979 1753.08 -0.308397 0.339148 -0.0414318
1337.9 900.811 1711.3 -0.299442 0.326549 -0.0428364
1294.31 886.881 1727.47 -0.290139 0.328331 -0.0489761
1275.68 951.096 1728.87 -0.297589 0.313668 -0.0433915
1297.29 893.664 1749.35 -0.308601 0.332502 -0.0422839
1270.09 857.969 1736.1 -0.281313 0.336076 -0.0531685
1342.86 857.557 1718.61 -0.298148 0.336513 -0.0450438
1248.63 887.565 1738.03 -0.280304 0.32628 -0.0529844
1289.33 941.736 1716.98 -0.29208 0.314728 -0.0450114
1254.67 946.68 1718.7 -0.281188 0.309712 -0.0493811
1254.25 881.973 1711.3 -0.263748 0.321497 -0.0594337
1334.55 847.668 1759.42 -0.320955 0.350834 -0.0357281
1312.75 898.326 1748.8 -0.31537 0.333147 -0.0383412
1255.33 853.408 1717.1 -0.262263 0.330481 -0.0594425
1340.07 911.579 1707.62 -0.299909 0.323364 -0.0416522
1259.62 854.899 1730.66 -0.273166 0.334572 -0.0556998
1328.82 944.5 1741.77 -0.328009 0.325231 -0.0289399
1312.29 919.709 1744.2 -0.316799 0.328149 -0.0361918
1338.77 899.985 1749.17 -0.327536 0.337977 -0.032104
1270.88 850.947 1719.1 -0.268984 0.332261 -0.0574882
1247.23 889.606 1722.14 -0.269826 0.322359 -0.0566376
1307.68 935.984 1740.2 -0.316006 0.322834 -0.0364215
1297.37 859.337 1717.87 -0.278774 0.331433 -0.0532907
1266.52 855.055 1750.72 -0.288667 0.340473 -0.0493967
1255.8 925.922 1701.99 -0.266565 0.309977 -0.0566711
1347.83 951.849 1779.19 -0.389663 0.336652 -0.0164275
1341.78 871.796 1790.8 -0.3679 0.351717 -0.0246776
1346.31 933.644 1778.54 -0.37937 0.33804 -0.0207956
1343.31 903.228 1786.43 -0.376244 0.343841 -0.022654
1325.46 847.98 1793.68 -0.354279 0.354451 -0.0287674
1329.16 884.308 1785.24 -0.360559 0.344424 -0.0281447
1323.3 934.885 1773.85 -0.363142 0.330069 -0.0251974
1315.47 864.967 1782.91 -0.343284 0.346598 -0.0323035
1326.38 914.984 1776.88 -0.360689 0.335517 -0.027203
1342.84 887.399 1791.47 -0.376427 0.348805 -0.0235204
1347.03 847.079 1781.33 -0.347996 0.357755 -0.0275472
1312.81 944.065 1769.13 -0.355675 0.326219 -0.027173
1312.88 898.301 1777.11 -0.3479 0.33544 -0.032104
1299.75 854.598 1781.9 -0.331028 0.34735 -0.0363729
1299.79 876.661 1778.44 -0.33569 0.339288 -0.0356709
1313.32 925.226 1773.67 -0.353863 0.330794 -0.0295276
1351.21 889.224 1776.56 -0.360489 0.348605 -0.0237467
1342.88 941.328 1763.73 -0.359367 0.333456 -0.0216691
1333.11 946.707 1788.54 -0.394583 0.333535 -0.0184204
1353.64 904.689 1803.69 -0.4084 0.354057 -0.0163996
1290.85 949.018 1760.94 -0.335867 0.318881 -0.0328615
1328.9 898.485 1780.07 -0.359073 0.34014 -0.0270154
1300.12 933.79 1764.95 -0.339363 0.324444 -0.0326076
1325.23 864.912 1797.49 -0.3673 0.349218 -0.0273839
1301.23 908.555 1771.8 -0.339856 0.330258 -0.0346296
1329.85 859.201 1779.08 -0.341738 0.350461 -0.0300746
1346.01 940.996 1794.76 -0.407852 0.342015 -0.0167715
1287.71 865.351 1778.8 -0.326785 0.342114 -0.0384098
1299.91 891.584 1775.76 -0.33884 0.335369 -0.0353982
1340.66 917.165 1771.53 -0.360256 0.338382 -0.0253955
1334.85 921.381 1789.47 -0.384767 0.338234 -0.0223678
1275.94 942.762 1757.21 -0.321657 0.317075 -0.0371051
1340.33 879.587 1777.63 -0.353145 0.34717 -0.0275236
1331.72 896.68 1794.91 -0.381048 0.343276 -0.024431
1310.06 853.695 1796.18 -0.353459 0.350257 -0.0309113
1292.29 921.165 1765.86 -0.332358 0.324427 -0.036108
1254.73 950.225 1745.04 -0.301435 0.311764 -0.0431205
1286.13 881.289 1775.22 -0.327745 0.335793 -0.0383283
1330 880.538 1799.09 -0.37878 0.347101 -0.0253932
1336.19 951.881 1763.1 -0.359457 0.329884 -0.0212615
1263.86 939.786 1750.03 -0.306566 0.315221 -0.042028
1286.77 895.781 1770.62 -0.327755 0.33107 -0.0388671
1346.77 862.288 1779 -0.350806 0.353522 -0.0263752
1279.23 853.437 1779.81 -0.319593 0.344807 -0.0396982
1353.55 904.121 1771.96 -0.361704 0.345149 -0.0243543
1309.62 883.104 1786.15 -0.353084 0.340052 -0.0323789
1272.58 867.678 1775.34 -0.317756 0.340153 -0.0413077
1315.95 876.028 1774.51 -0.336983 0.342501 -0.033692
1326.2 943.012 1763.52 -0.352315 0.328425 -0.0247535
1316.2 849.545 1779.96 -0.333047 0.350904 -0.0342566
1351.37 860.902 1794.69 -0.373284 0.35932 -0.0212812
1330.89 934.496 1787.47 -0.386427 0.333764 -0.0214963
1335.11 930.63 1765.3 -0.35505 0.333753 -0.0258113
1316.55 909.668 1766.66 -0.339342 0.33245 -0.0324622
1273.32 892.4 1769.44 -0.320173 0.330415 -0.0414979
1285.19 934.226 1762.76 -0.330078 0.32107 -0.0363902
1277.29 920.692 1762.26 -0.321196 0.320906 -0.0397338
1325.11 921.284 1766.22 -0.346843 0.33291 -0.0288464
1249.96 935.581 1745.45 -0.296169 0.314616 -0.0453683
1318.07 876.564 1793.95 -0.364714 0.344623 -0.0290669
1319.98 945.32 1783.61 -0.380485 0.327829 -0.0224509
1344.97 928.79 1797.24 -0.405216 0.343731 -0.018312
1264.91 857.502 1773.39 -0.30821 0.343856 -0.04248
1328.17 909.488 1789.35 -0.376767 0.337233 -0.0243026
1339.63 951.797 1796.94 -0.413772 0.338078 -0.0154644
1321.78 927.543 1783.9 -0.374512 0.33141 -0.0254115
1267.22 879.065 1770.27 -0.314063 0.335603 -0.0421868
1284.68 908.499 1768.86 -0.329483 0.325971 -0.0385637
1304.5 949.379 1759.82 -0.340487 0.322249 -0.02995
1270.48 929.758 1756.24 -0.312534 0.318936 -0.040325
1334.46 849.011 1779.43 -0.340189 0.353928 -0.030415
1270.56 907.486 1764.42 -0.317466 0.324944 -0.041377
1337.71 857.834 1793.17 -0.363225 0.354947 -0.0258383
1302.86 867.565 1790.64 -0.349336 0.344188 -0.0333116
1294.13 847.246 1793.01 -0.339843 0.349879 -0.0346545
1296.9 946.449 1772.88 -0.355976 0.321119 -0.0293228
1341.51 913.253 1797.77 -0.397597 0.344097 -0.0191155
1315.11 911.515 1781.83 -0.360991 0.332424 -0.0289696
1252.04 885.212 1763.68 -0.301153 0.332623 -0.0442043
1257.03 867.897 1768.9 -0.304226 0.339958 -0.0446425
1340.38 902.302 1771.74 -0.353381 0.342199 -0.0268977
1305.09 864.377 1774.81 -0.327892 0.343837 -0.0356148
1316.97 934.675 1762.97 -0.344578 0.328252 -0.0289661
1263.28 918.422 1758.54 -0.309679 0.320067 -0.0432705
1260.78 894.379 1765.56 -0.310613 0.328812 -0.0437937
1309.87 885.936 1770.5 -0.332889 0.339132 -0.0344194
1252.3 923.874 1751.15 -0.299733 0.318173 -0.044999
1317.85 951.938 1759.81 -0.346743 0.324631 -0.0254203
1318.82 854.371 1804.88 -0.369886 0.351849 -0.0274066
1354.66 895.775 1789.86 -0.383636 0.352015 -0.019624
1301.38 922.968 1775.83 -0.351661 0.326157 -0.0323484
1350.59 931.497 1764.07 -0.36007 0.336533 -0.0226665
1306.11 954.856 1779.23 -0.372833 0.322433 -0.0248543
1337.76 891.519 1778.11 -0.357691 0.343719 -0.0275063
1350.59 873.804 1775.5 -0.352433 0.351893 -0.0250328
1328.58 871.687 1778.28 -0.346062 0.346926 -0.0301003
1245.66 872.083 1762.58 -0.294452 0.337985 -0.0458173
1340.97 845.684 1796.71 -0.363799 0.359679 -0.0246043
1308.4 936.86 1776.92 -0.362321 0.327192 -0.0282969
1325.98 887.262 1772.23 -0.342287 0.341701 -0.031358
1245.26 898.551 1757.07 -0.294686 0.324908 -0.0457039
1341.36 896.44 1802.45 -0.397316 0.349064 -0.0208419
1252.88 853.203 1768.3 -0.296307 0.344291 -0.0463176
1255.72 907.037 1758.59 -0.304174 0.322246 -0.0440937
1332.72 927.646 1776.94 -0.36766 0.33516 -0.023714
1307.06 918.442 1764.44 -0.335654 0.329368 -0.0338536
1326.57 905.667 1768.23 -0.344427 0.337217 -0.0295606
1333.98 942.751 1774.99 -0.373336 0.333391 -0.0207168
1320.06 892.955 1790.68 -0.368034 0.339199 -0.0281642
1280.11 952.152 1766.15 -0.34165 0.313683 -0.0339146
1312.13 864.932 1799.48 -0.363993 0.347588 -0.0291526
1298.49 931.025 1798.65 -0.390344 0.317189 -0.0278187
1303.53 944.282 1802.26 -0.404968 0.312234 -0.0238722
1292.14 952.154 1796.85 -0.396751 0.30454 -0.0273517
1286.08 932.22 1791.08 -0.373871 0.312751 -0.0321063
1284.5 944.963 1790.26 -0.379681 0.307134 -0.0312336
1252.61 859.205 1792.46 -0.325335 0.343601 -0.0372041
1274.96 937.281 1785.17 -0.363607 0.307041 -0.0350291
1263.99 856.848 1799.59 -0.337839 0.345559 -0.0326821
1296.58 911.687 1798.99 -0.38165 0.325161 -0.0282555
1263.58 943.231 1778.54 -0.352892 0.304814 -0.0389271
1285.66 919.316 1791.67 -0.368016 0.319122 -0.031393
1263.09 869.857 1795.37 -0.339339 0.340413 -0.0332549
1274.75 867.407 1801.38 -0.350226 0.341892 -0.0311418
1248.69 876.242 1788.35 -0.325913 0.338517 -0.0367222
1269.61 909.4 1788.1 -0.351873 0.323001 -0.0334962
