x y z dx dy dz  # rigid-removed deformational residual
1.27857000e+03 9.37489000e+02 1.80049000e+03 -5.16512873e-03 -1.06652461e-02 2.35780967e-03
1.27845000e+03 9.13058000e+02 1.80238000e+03 -5.28610729e-03 -2.17933900e-03 1.72404992e-03
1.27725000e+03 9.49092000e+02 1.80164000e+03 -4.34239404e-03 -1.34572441e-02 1.83650080e-03
1.26930000e+03 9.43464000e+02 1.79571000e+03 -3.84405658e-03 -1.15942425e-02 3.33668014e-03
1.26805000e+03 9.54943000e+02 1.79745000e+03 -5.04956203e-03 -1.37224232e-02 2.47219221e-03
1.27024000e+03 9.31284000e+02 1.79589000e+03 -2.47499712e-03 -6.30912218e-03 3.05924606e-03
1.26002000e+03 9.49803000e+02 1.79096000e+03 -2.96839382e-03 -9.83809367e-03 2.41598442e-03
1.25233000e+03 9.31123000e+02 1.78634000e+03 -1.38531215e-03 -4.99376260e-03 3.49067025e-03
1.25304000e+03 9.19488000e+02 1.78895000e+03 -1.34218114e-03 -3.26962026e-03 3.88015612e-03
1.25377000e+03 9.08542000e+02 1.79224000e+03 -2.76042375e-03 -9.75881662e-04 4.38836559e-03
1.25458000e+03 8.97715000e+02 1.79585000e+03 -3.03044578e-03 8.83638595e-04 4.20434580e-03
1.24554000e+03 8.90874000e+02 1.79365000e+03 -2.84440601e-03 1.96054341e-03 3.38968305e-03
1.25527000e+03 8.86549000e+02 1.79950000e+03 -2.55133224e-03 2.98564875e-03 3.73669969e-03
1.24614000e+03 8.79489000e+02 1.79735000e+03 -3.82015621e-03 3.74608686e-03 4.22778799e-03
1.25574000e+03 8.75187000e+02 1.80304000e+03 -3.10012772e-03 4.32349501e-03 3.19502370e-03
1.24680000e+03 8.67949000e+02 1.80101000e+03 -2.81953484e-03 4.95406950e-03 3.36933595e-03
1.24750000e+03 8.56469000e+02 1.80454000e+03 -4.00183669e-03 5.54521297e-03 3.43796637e-03
1.26356000e+03 9.04505000e+02 1.79785000e+03 -3.61659000e-03 -5.27395746e-04 2.81375891e-03
1.26528000e+03 8.82142000e+02 1.80497000e+03 -3.64063934e-03 3.31735031e-03 2.81730177e-03
1.26238000e+03 9.14611000e+02 1.79465000e+03 -2.20917229e-03 -3.44399479e-03 5.09572746e-03
1.26480000e+03 8.93717000e+02 1.80144000e+03 -4.18580810e-03 1.58143350e-03 2.67128632e-03
1.27513000e+03 9.02031000e+02 1.80346000e+03 -5.12600845e-03 -6.41039502e-04 1.68723525e-03
1.27918000e+03 9.25389000e+02 1.80094000e+03 -4.66575004e-03 -5.50560161e-03 2.77301417e-03
1.25136000e+03 9.43670000e+02 1.78504000e+03 -5.41753802e-05 -6.35005663e-03 3.58380573e-03
1.26092000e+03 9.37425000e+02 1.79057000e+03 -1.63589203e-03 -7.15778931e-03 2.79436731e-03
1.26173000e+03 9.25535000e+02 1.79211000e+03 -1.63528061e-03 -4.50406071e-03 3.80380555e-03
1.27125000e+03 9.19382000e+02 1.79783000e+03 -4.12185209e-03 -3.16990665e-03 1.78730411e-03
1.27088000e+03 9.10241000e+02 1.79957000e+03 -3.97842148e-03 -1.67098066e-03 3.02643050e-03
1.27901000e+03 8.49672000e+02 1.79554000e+03 -3.65681238e-03 5.47423158e-03 8.73270085e-04
1.26873000e+03 8.46087000e+02 1.79072000e+03 -2.51117851e-03 5.78332643e-03 1.23101331e-03
1.27167000e+03 8.57387000e+02 1.79019000e+03 -2.55391829e-03 5.07223069e-03 1.13816092e-03
1.26134000e+03 8.53871000e+02 1.78554000e+03 -2.13665871e-03 4.91716793e-03 1.65231685e-03
1.26424000e+03 8.65156000e+02 1.78512000e+03 -2.40388842e-03 3.91259549e-03 1.34472130e-03
1.25388000e+03 8.61726000e+02 1.78063000e+03 -1.23069405e-03 4.45987416e-03 2.27540648e-03
1.25103000e+03 8.50382000e+02 1.78079000e+03 -1.48950090e-03 4.86118283e-03 2.28873140e-03
1.24640000e+03 8.69696000e+02 1.77590000e+03 -9.11892222e-04 3.26146618e-03 2.41471488e-03
1.28206000e+03 8.60904000e+02 1.79469000e+03 -3.19701799e-03 4.14759540e-03 7.28744282e-04
1.31989000e+03 8.94057000e+02 1.80349000e+03 -4.54466706e-03 1.65933121e-04 -1.41703586e-03
1.32305000e+03 9.05217000e+02 1.80164000e+03 -4.46581613e-03 -1.39888280e-03 -1.45281191e-03
1.31282000e+03 9.01504000e+02 1.79725000e+03 -3.45309078e-03 -9.85854508e-04 -1.41293960e-03
1.31582000e+03 9.12588000e+02 1.79573000e+03 -3.16542134e-03 -2.47211447e-03 -1.24359560e-03
1.30556000e+03 9.09255000e+02 1.79138000e+03 -2.48300848e-03 -1.54973992e-03 -1.03789720e-03
1.24868000e+03 9.44227000e+02 1.75877000e+03 1.88932864e-03 -4.60267448e-03 2.87156510e-03
1.25851000e+03 9.47715000e+02 1.76416000e+03 1.33529275e-03 -4.91964910e-03 1.98389565e-03
1.25588000e+03 9.36001000e+02 1.76374000e+03 6.95675677e-04 -3.69107374e-03 2.45232932e-03
1.26586000e+03 9.39420000e+02 1.76834000e+03 4.21779981e-04 -4.00219761e-03 1.79022231e-03
1.26309000e+03 9.27598000e+02 1.76895000e+03 8.38465554e-05 -2.86325418e-03 2.32277643e-03
1.27337000e+03 9.30914000e+02 1.77293000e+03 1.34510155e-04 -3.40101520e-03 8.27891540e-04
1.26976000e+03 9.18952000e+02 1.77400000e+03 -1.67070149e-04 -2.77399970e-03 1.39042547e-03
1.30247000e+03 8.98022000e+02 1.79319000e+03 -3.05852141e-03 2.91436708e-05 -9.31195659e-04
1.30828000e+03 9.20582000e+02 1.79027000e+03 -2.03848932e-03 -2.65922230e-03 -1.32967132e-03
1.25213000e+03 9.24329000e+02 1.76483000e+03 6.97454280e-04 -2.97144117e-03 2.90227806e-03
1.27565000e+03 9.42844000e+02 1.77331000e+03 6.52742006e-04 -4.33491926e-03 1.14639356e-03
1.31802000e+03 9.23433000e+02 1.79484000e+03 -3.18299452e-03 -3.60490360e-03 -1.51896822e-03
1.29512000e+03 9.05926000e+02 1.78756000e+03 -2.07735528e-03 -1.06100777e-03 -2.45557230e-04
1.29188000e+03 8.94596000e+02 1.78960000e+03 -2.86281474e-03 4.17780952e-04 1.77343518e-04
1.29919000e+03 8.86833000e+02 1.79529000e+03 -3.24092760e-03 1.14646603e-03 -6.26341792e-04
1.28326000e+03 9.34295000e+02 1.77714000e+03 2.48265768e-04 -3.38805473e-03 1.75187034e-04
1.28504000e+03 9.46146000e+02 1.77857000e+03 -9.62163737e-05 -4.54140031e-03 5.94070980e-04
1.31061000e+03 9.32209000e+02 1.79040000e+03 -1.53975651e-03 -3.09073220e-03 -1.85542643e-03
1.27713000e+03 9.54374000e+02 1.77593000e+03 9.64730005e-04 -5.39042564e-03 1.34661164e-03
1.28442000e+03 9.02568000e+02 1.78427000e+03 -1.80726774e-03 -3.61045901e-04 1.33855359e-04
1.28110000e+03 8.91183000e+02 1.78632000e+03 -2.33662805e-03 9.77972868e-04 3.34714609e-04
1.27359000e+03 8.99185000e+02 1.78124000e+03 -1.51080437e-03 -3.44748143e-04 7.83065086e-04
1.33154000e+03 9.46388000e+02 1.80259000e+03 -1.89165557e-03 -1.61509562e-03 -1.33668845e-03
1.30289000e+03 8.68135000e+02 1.80333000e+03 -4.34930803e-03 3.74408174e-03 8.89573474e-05
1.27032000e+03 8.87770000e+02 1.78306000e+03 -2.14165639e-03 1.45828065e-03 1.40668570e-03
1.26283000e+03 8.95732000e+02 1.77816000e+03 -1.41395403e-03 -3.16440643e-04 2.04038293e-03
1.28767000e+03 9.14088000e+02 1.78235000e+03 -1.30093967e-03 -1.68241097e-03 1.96511443e-04
1.29414000e+03 9.49452000e+02 1.78413000e+03 -3.76611583e-04 -5.69006952e-03 -5.93426921e-05
1.30071000e+03 9.29130000e+02 1.78562000e+03 -7.73394041e-04 -3.20772321e-03 -1.04922895e-03
1.27778000e+03 8.79848000e+02 1.78805000e+03 -2.78309032e-03 1.99403786e-03 6.08584206e-04
1.29959000e+03 8.56957000e+02 1.80490000e+03 -5.05059728e-03 4.53107681e-03 -1.24167538e-04
1.25960000e+03 8.84296000e+02 1.77953000e+03 -2.20905808e-03 1.91869521e-03 1.89545526e-03
1.33116000e+03 9.34415000e+02 1.80115000e+03 -2.83986840e-03 -1.72922007e-03 -2.16911361e-03
1.26613000e+03 9.07248000e+02 1.77607000e+03 -1.25303682e-03 -1.52734810e-03 1.70164976e-03
1.25532000e+03 9.03554000e+02 1.77295000e+03 -2.76869932e-04 -8.93414752e-04 2.17907616e-03
1.32383000e+03 9.42378000e+02 1.79789000e+03 -2.05380127e-03 -2.51048497e-03 -1.03750194e-03
1.25853000e+03 9.15198000e+02 1.77054000e+03 1.27123140e-04 -1.67423236e-03 2.46428384e-03
1.24687000e+03 9.11661000e+02 1.76659000e+03 1.53316515e-04 -1.68752848e-03 3.21771200e-03
1.30291000e+03 9.41167000e+02 1.78704000e+03 -3.02448489e-04 -3.51423035e-03 -1.07280690e-03
1.26795000e+03 9.51223000e+02 1.76988000e+03 1.58070191e-03 -5.11152292e-03 1.57546727e-03
1.27699000e+03 9.10706000e+02 1.77911000e+03 -9.74671340e-04 -1.69230248e-03 5.54478094e-04
1.28855000e+03 8.83326000e+02 1.79164000e+03 -2.73844511e-03 1.86671331e-03 -2.73020949e-04
1.30628000e+03 8.79281000e+02 1.80137000e+03 -4.42828456e-03 1.45658374e-03 -7.98414758e-04
1.30962000e+03 8.90399000e+02 1.79925000e+03 -3.97426110e-03 6.22916428e-04 -1.02221223e-03
1.33527000e+03 9.21857000e+02 1.80451000e+03 -4.22842182e-03 -2.62348030e-04 -1.97582581e-03
1.32622000e+03 9.16686000e+02 1.80044000e+03 -3.87028383e-03 -1.88060473e-03 -1.91142049e-03
1.29582000e+03 8.75656000e+02 1.79733000e+03 -3.59002288e-03 2.70038445e-03 -4.50675072e-04
1.28034000e+03 9.22426000e+02 1.77747000e+03 -1.08123372e-04 -2.59576064e-03 -5.96492901e-05
1.29811000e+03 9.17387000e+02 1.78603000e+03 -1.57430221e-03 -2.38985415e-03 -1.00075473e-03
1.32207000e+03 9.52371000e+02 1.79948000e+03 -5.49711132e-04 -2.67608735e-03 -5.44214616e-04
1.31387000e+03 9.44821000e+02 1.79323000e+03 -9.51058390e-04 -3.05405171e-03 -9.63338861e-04
1.28929000e+03 8.53282000e+02 1.80027000e+03 -4.34629983e-03 5.85191536e-03 4.08982034e-04
1.24928000e+03 8.80939000e+02 1.77561000e+03 -9.87649980e-04 1.73108987e-03 2.34024760e-03
1.29248000e+03 8.64476000e+02 1.79904000e+03 -4.11871164e-03 4.27237660e-03 4.90815704e-05
1.28524000e+03 8.72099000e+02 1.79339000e+03 -3.19663005e-03 3.00872264e-03 1.53080511e-04
1.24562000e+03 9.33034000e+02 1.75914000e+03 1.24738385e-03 -3.87714745e-03 3.45410746e-03
1.27471000e+03 8.68606000e+02 1.78937000e+03 -2.96925941e-03 3.47083981e-03 9.74352911e-04
1.26720000e+03 8.76433000e+02 1.78435000e+03 -2.71348233e-03 2.82376639e-03 1.25421717e-03
1.29061000e+03 9.25811000e+02 1.78129000e+03 -3.08436087e-04 -2.91537703e-03 -5.50691416e-04
1.29291000e+03 9.37740000e+02 1.78176000e+03 -2.46719018e-04 -3.61720274e-03 -1.89968575e-04
1.25672000e+03 8.73044000e+02 1.78031000e+03 -1.76629290e-03 3.27421012e-03 1.79067467e-03
1.25239000e+03 8.92063000e+02 1.77480000e+03 -1.35557801e-03 5.34956319e-04 2.72429254e-03
1.30337000e+03 9.53258000e+02 1.79024000e+03 -4.34794340e-04 -4.18398223e-03 2.57947913e-05
1.32607000e+03 9.25806000e+02 1.79887000e+03 -2.90793236e-03 -2.71192712e-03 -1.80211598e-03
1.24571000e+03 8.98893000e+02 1.77009000e+03 -2.31439253e-05 -3.11857003e-04 3.12650619e-03
1.32001000e+03 9.33461000e+02 1.79523000e+03 -2.36240234e-03 -3.37597579e-03 -1.47011571e-03
1.34230000e+03 8.47115000e+02 1.76982000e+03 -2.25600143e-03 6.30711542e-03 -2.29730768e-03
1.33449000e+03 8.54317000e+02 1.76814000e+03 -1.40885389e-03 5.38623629e-03 -1.87084819e-03
1.34538000e+03 8.58312000e+02 1.76772000e+03 -1.61321803e-03 5.25572336e-03 -2.07095818e-03
1.33677000e+03 8.65823000e+02 1.76599000e+03 -1.07446310e-03 4.07397577e-03 -1.81968991e-03
1.34785000e+03 8.69634000e+02 1.76562000e+03 -1.07989069e-03 4.96139371e-03 -1.89724120e-03
1.33886000e+03 8.77239000e+02 1.76388000e+03 -8.26046007e-04 3.48190577e-03 -1.99360303e-03
1.35007000e+03 8.81031000e+02 1.76354000e+03 -9.20892023e-04 3.82776780e-03 -1.94849657e-03
1.34159000e+03 8.88747000e+02 1.76183000e+03 -5.41436062e-04 3.01700638e-03 -1.55966818e-03
1.35259000e+03 8.92524000e+02 1.76151000e+03 -9.38154379e-04 2.94868609e-03 -1.89878263e-03
1.34411000e+03 9.00458000e+02 1.75978000e+03 7.09563772e-06 2.23080881e-03 -1.20631713e-03
1.34583000e+03 9.11917000e+02 1.75781000e+03 1.49758504e-03 1.48499589e-03 -1.02090739e-03
1.33345000e+03 9.06839000e+02 1.75824000e+03 8.52776599e-04 1.17592248e-03 -6.53393166e-04
1.33665000e+03 9.19619000e+02 1.75610000e+03 7.37380883e-04 7.45840519e-04 -6.93523919e-04
1.32555000e+03 9.15991000e+02 1.75619000e+03 9.85497608e-04 3.39343552e-04 -1.67247783e-04
1.32783000e+03 9.27621000e+02 1.75423000e+03 9.32742405e-04 -5.82716281e-04 -3.64207844e-04
1.31643000e+03 9.23854000e+02 1.75402000e+03 1.56478051e-03 -7.48905717e-04 5.59348093e-04
1.31882000e+03 9.35405000e+02 1.75209000e+03 1.48987779e-03 -1.01537842e-03 6.69478344e-04
1.30781000e+03 9.31481000e+02 1.75145000e+03 1.77183623e-03 -1.79164796e-03 5.85786858e-04
1.30987000e+03 9.42970000e+02 1.74954000e+03 1.94479510e-03 -1.56304481e-03 1.11687830e-03
1.29888000e+03 9.38898000e+02 1.74824000e+03 2.43377107e-03 -2.26988081e-03 1.15935922e-03
1.30087000e+03 9.50336000e+02 1.74650000e+03 2.51069746e-03 -2.37299223e-03 1.63514350e-03
1.28999000e+03 9.45964000e+02 1.74443000e+03 2.78425661e-03 -2.78357555e-03 1.85729500e-03
1.32101000e+03 9.47044000e+02 1.75024000e+03 1.67906429e-03 -1.55055738e-03 1.28144851e-03
1.31460000e+03 9.12487000e+02 1.75608000e+03 1.35551141e-03 -2.20984753e-04 -5.02726920e-06
1.28722000e+03 9.33457000e+02 1.74654000e+03 2.08124722e-03 -2.13704253e-03 1.16571737e-03
1.28135000e+03 9.53895000e+02 1.74024000e+03 2.49696374e-03 -3.64385954e-03 2.40535765e-03
1.32563000e+03 8.61751000e+02 1.76635000e+03 -8.05334534e-04 4.05162899e-03 -1.34547171e-03
1.25003000e+03 8.58891000e+02 1.75513000e+03 2.32434597e-05 2.68738423e-03 1.61568674e-03
1.24527000e+03 8.69083000e+02 1.75122000e+03 2.21299729e-04 2.33157448e-03 1.96676689e-03
1.25496000e+03 8.48721000e+02 1.75900000e+03 -1.69845419e-04 4.17844650e-03 1.25145688e-03
1.25639000e+03 8.69416000e+02 1.75571000e+03 9.85271622e-05 2.60746066e-03 1.54329394e-03
1.25171000e+03 8.79665000e+02 1.75207000e+03 4.91368176e-04 9.00842923e-04 1.62480400e-03
1.26306000e+03 8.80114000e+02 1.75584000e+03 1.46706227e-04 9.51513254e-04 9.52881885e-04
1.25858000e+03 8.90478000e+02 1.75215000e+03 7.12307236e-04 2.00375559e-04 1.61417603e-03
1.26791000e+03 8.69566000e+02 1.75902000e+03 2.86962583e-04 2.60155043e-03 4.88281697e-04
1.27467000e+03 8.80201000e+02 1.75849000e+03 -2.35829384e-05 1.75123596e-03 2.82752240e-04
1.27965000e+03 8.69420000e+02 1.76130000e+03 1.43165155e-04 2.61300000e-03 2.33349524e-04
1.28644000e+03 8.79832000e+02 1.76028000e+03 3.22873060e-04 1.53353239e-03 1.89384465e-04
1.28150000e+03 8.90908000e+02 1.75735000e+03 3.11374834e-04 6.49587114e-04 6.15708283e-04
1.24511000e+03 9.23117000e+02 1.73428000e+03 2.29041350e-03 -2.49821584e-03 2.95052407e-03
1.32918000e+03 8.85439000e+02 1.76199000e+03 3.11266542e-04 2.18268339e-03 -1.28058023e-03
1.24703000e+03 9.41564000e+02 1.72835000e+03 2.76117334e-03 -3.71509961e-03 3.31080214e-03
1.29145000e+03 8.68955000e+02 1.76282000e+03 -6.07752499e-04 2.68541776e-03 3.63104278e-05
1.28472000e+03 8.58799000e+02 1.76392000e+03 -4.35849737e-04 3.91041973e-03 1.00237549e-04
1.29825000e+03 8.79073000e+02 1.76151000e+03 1.39460785e-04 2.02119864e-03 -1.91393956e-04
1.33911000e+03 9.31574000e+02 1.75414000e+03 1.68069992e-03 3.83993416e-04 -4.70631466e-04
1.29648000e+03 8.58330000e+02 1.76525000e+03 -5.45763221e-04 3.65482286e-03 -3.34908433e-04
1.28991000e+03 8.48372000e+02 1.76655000e+03 -7.61574751e-04 5.31893921e-03 -4.58208107e-04
1.27808000e+03 8.48660000e+02 1.76488000e+03 -5.31590195e-04 4.62076704e-03 1.44583819e-04
1.35271000e+03 9.47339000e+02 1.75196000e+03 1.90073149e-03 -4.04958790e-05 -7.00394298e-05
1.24944000e+03 9.06589000e+02 1.74333000e+03 1.44244286e-03 -9.61754577e-04 2.13147566e-03
1.31319000e+03 8.47948000e+02 1.76846000e+03 -1.55265226e-03 5.13061703e-03 -1.59755806e-03
1.25334000e+03 9.52136000e+02 1.72901000e+03 3.28226305e-03 -4.38390215e-03 3.55734950e-03
1.25793000e+03 9.41898000e+02 1.73321000e+03 2.95256989e-03 -3.56729666e-03 2.75085808e-03
1.26430000e+03 9.52176000e+02 1.73382000e+03 3.29028463e-03 -3.99781794e-03 3.09715368e-03
1.26846000e+03 9.42024000e+02 1.73764000e+03 2.41603205e-03 -3.12143867e-03 2.29389094e-03
1.26268000e+03 9.32159000e+02 1.73841000e+03 2.27300388e-03 -2.78824234e-03 2.01929615e-03
1.27404000e+03 9.32456000e+02 1.74263000e+03 2.27908675e-03 -2.79643664e-03 1.54151210e-03
1.26717000e+03 9.22539000e+02 1.74374000e+03 1.64895120e-03 -2.09127553e-03 1.77124948e-03
1.27909000e+03 9.22402000e+02 1.74755000e+03 2.18842842e-03 -1.89244983e-03 1.04400043e-03
1.27176000e+03 9.12284000e+02 1.74905000e+03 1.59932236e-03 -1.45083973e-03 9.78556543e-04
1.28380000e+03 9.12020000e+02 1.75202000e+03 1.93859255e-03 -1.42713839e-03 5.52633388e-04
1.27669000e+03 9.01736000e+02 1.75372000e+03 1.32470905e-03 -5.92143002e-04 9.70316471e-04
1.28849000e+03 9.01212000e+02 1.75584000e+03 7.31408588e-04 -1.49349407e-04 -1.72808348e-05
1.29560000e+03 9.11346000e+02 1.75423000e+03 1.49970173e-03 -1.07382341e-03 -8.42949572e-05
1.30036000e+03 9.00652000e+02 1.75730000e+03 5.16806628e-04 -4.51798419e-05 -3.17966988e-04
1.26538000e+03 9.02246000e+02 1.75079000e+03 1.12330807e-03 -5.55433216e-04 1.12141309e-03
1.29335000e+03 8.90223000e+02 1.75890000e+03 4.68411306e-04 4.31521085e-04 -6.81687661e-05
1.30527000e+03 8.89402000e+02 1.76001000e+03 2.58665813e-04 1.13580550e-03 -4.78855357e-04
1.30979000e+03 8.77709000e+02 1.76253000e+03 -4.36520342e-04 2.72877925e-03 -5.49820462e-04
1.31281000e+03 9.00669000e+02 1.75829000e+03 6.04764267e-04 4.33319112e-04 -5.19059900e-04
1.29121000e+03 9.21441000e+02 1.75080000e+03 2.36177361e-03 -1.92159855e-03 2.69275158e-04
1.31712000e+03 8.87971000e+02 1.76098000e+03 1.00631074e-05 2.13017949e-03 -6.12110778e-04
1.32494000e+03 8.97254000e+02 1.75961000e+03 3.84999976e-04 1.38481826e-03 -9.04211470e-04
1.25615000e+03 9.22891000e+02 1.73936000e+03 1.98843989e-03 -2.67743962e-03 2.00142932e-03
1.33228000e+03 9.51095000e+02 1.75044000e+03 2.09307473e-03 -1.41769618e-03 1.03729966e-03
1.31194000e+03 9.54560000e+02 1.74784000e+03 2.21245846e-03 -2.39459663e-03 1.73944216e-03
1.33011000e+03 9.39368000e+02 1.75232000e+03 1.70516636e-03 -1.43218646e-03 2.01354305e-04
1.30411000e+03 9.20048000e+02 1.75336000e+03 1.59981785e-03 -1.29262265e-03 8.00386245e-05
1.25892000e+03 9.11699000e+02 1.74513000e+03 1.57213442e-03 -1.54892328e-03 1.60049685e-03
1.26133000e+03 8.59066000e+02 1.75908000e+03 -5.87326088e-06 3.71835489e-03 1.23686435e-03
1.26640000e+03 8.48772000e+02 1.76243000e+03 -3.05518171e-04 4.61650355e-03 1.03055804e-03
1.27295000e+03 8.59051000e+02 1.76195000e+03 -5.54037199e-04 3.74658055e-03 3.91483113e-04
1.34815000e+03 9.23732000e+02 1.75583000e+03 8.00917897e-04 6.78934134e-04 -6.74609113e-04
1.32764000e+03 8.72704000e+02 1.76433000e+03 -9.87016215e-04 3.59425248e-03 -1.35866275e-03
1.35046000e+03 9.35572000e+02 1.75388000e+03 1.65280699e-03 1.47217686e-04 -7.44131747e-05
1.25168000e+03 9.32013000e+02 1.73372000e+03 2.23439407e-03 -3.03344531e-03 2.68347598e-03
1.26988000e+03 8.91059000e+02 1.75516000e+03 4.33340389e-04 1.87000734e-04 1.00240166e-03
1.34139000e+03 9.43375000e+02 1.75221000e+03 1.94108508e-03 -5.56892625e-04 2.26917858e-04
1.30175000e+03 8.47927000e+02 1.76771000e+03 -1.41097885e-03 4.99058540e-03 -6.67233007e-04
1.30325000e+03 8.68208000e+02 1.76391000e+03 -3.87593753e-04 3.44814449e-03 -7.49295024e-04
1.31572000e+03 8.67430000e+02 1.76481000e+03 -4.31653926e-04 3.89987904e-03 -9.02467418e-04
1.24736000e+03 8.89487000e+02 1.74796000e+03 1.21242868e-03 -1.75757555e-04 2.29528568e-03
1.27899000e+03 9.43014000e+02 1.74143000e+03 2.32581403e-03 -2.98938825e-03 1.78821858e-03
1.32421000e+03 8.50188000e+02 1.76856000e+03 -1.52240804e-03 5.60558680e-03 -1.67765353e-03
1.25499000e+03 8.99798000e+02 1.74814000e+03 1.09272254e-03 -6.68080753e-04 1.55013694e-03
1.30784000e+03 8.57722000e+02 1.76621000e+03 -8.11852727e-04 4.69774316e-03 -9.09349760e-04
1.33470000e+03 8.95804000e+02 1.76029000e+03 -1.16080687e-04 1.95275890e-03 -1.48647736e-03
1.32243000e+03 9.06812000e+02 1.75770000e+03 4.99959292e-04 7.46603766e-04 -5.16317748e-04
1.31943000e+03 8.78348000e+02 1.76291000e+03 -6.30026085e-04 3.10454015e-03 -8.60278240e-04
1.31733000e+03 8.56993000e+02 1.76690000e+03 -1.13314467e-03 4.75587264e-03 -1.33514534e-03
1.24864000e+03 9.14865000e+02 1.73951000e+03 1.80973923e-03 -1.67366289e-03 2.25043108e-03
1.29790000e+03 9.29131000e+02 1.75022000e+03 2.06990449e-03 -2.11450207e-03 8.63803682e-04
1.30510000e+03 9.09991000e+02 1.75571000e+03 1.43894930e-03 -5.48588932e-04 9.34375547e-08
1.35217000e+03 8.50273000e+02 1.76951000e+03 -1.96191404e-03 6.65763426e-03 -2.31953536e-03
1.27275000e+03 9.50877000e+02 1.73747000e+03 2.66119203e-03 -3.42570343e-03 2.59767864e-03
1.24504000e+03 8.89476000e+02 1.69991000e+03 9.26417256e-04 -2.49152295e-03 1.81960604e-03
1.25291000e+03 8.98565000e+02 1.69848000e+03 1.60785182e-03 -3.08698934e-03 1.39561677e-03
1.24524000e+03 8.58145000e+02 1.70581000e+03 7.11730026e-04 -1.02674153e-04 1.01775891e-03
1.24884000e+03 9.09634000e+02 1.69629000e+03 2.26931746e-03 -3.59526955e-03 1.75268490e-03
1.26072000e+03 9.07658000e+02 1.69705000e+03 1.90917499e-03 -3.27922665e-03 1.44185925e-03
1.26849000e+03 9.16754000e+02 1.69562000e+03 2.09668962e-03 -3.08167790e-03 1.37135429e-03
1.27259000e+03 9.05691000e+02 1.69779000e+03 1.46222192e-03 -2.92482809e-03 6.06423939e-04
1.28034000e+03 9.14793000e+02 1.69636000e+03 2.20711945e-03 -3.00783631e-03 6.62669191e-04
1.28446000e+03 9.03729000e+02 1.69853000e+03 1.63435460e-03 -2.34122954e-03 2.80659666e-04
1.29220000e+03 9.12834000e+02 1.69710000e+03 1.52924359e-03 -2.97066624e-03 3.65830024e-04
1.29632000e+03 9.01770000e+02 1.69925000e+03 1.42419376e-03 -1.91537533e-03 -5.03279501e-04
1.30404000e+03 9.10876000e+02 1.69782000e+03 1.67367990e-03 -2.38396900e-03 -1.96329965e-04
1.30817000e+03 8.99811000e+02 1.69996000e+03 8.07390443e-04 -1.39170753e-03 -7.61076183e-04
1.31588000e+03 9.08919000e+02 1.69854000e+03 1.25851337e-03 -2.53087176e-03 -1.17599575e-03
1.32002000e+03 8.97853000e+02 1.70067000e+03 5.97384274e-04 -1.73163974e-03 -1.31927866e-03
1.31175000e+03 9.19984000e+02 1.69641000e+03 1.39664532e-03 -2.95187529e-03 -4.36549530e-04
1.32358000e+03 9.18027000e+02 1.69713000e+03 1.57587879e-03 -2.47870654e-03 -6.46572827e-04
1.24959000e+03 8.47056000e+02 1.70808000e+03 4.40961240e-04 9.75367082e-04 3.92617047e-04
1.31945000e+03 9.29093000e+02 1.69500000e+03 1.84510788e-03 -3.31461007e-03 -3.82832402e-04
1.33128000e+03 9.27138000e+02 1.69574000e+03 1.98502063e-03 -3.46832545e-03 -9.36867285e-04
1.34311000e+03 9.25183000e+02 1.69647000e+03 1.66879088e-03 -2.72309877e-03 -1.27290217e-03
1.31231000e+03 8.88745000e+02 1.70209000e+03 3.65961345e-04 -9.69475511e-04 -1.51115909e-03
1.32415000e+03 8.86786000e+02 1.70279000e+03 2.68715539e-04 -7.14894131e-04 -1.98811329e-03
1.31645000e+03 8.77681000e+02 1.70423000e+03 4.62169036e-04 -5.13485560e-04 -1.98965359e-03
1.32829000e+03 8.75724000e+02 1.70493000e+03 7.36617533e-04 2.38995820e-04 -2.59691937e-03
1.32059000e+03 8.66624000e+02 1.70638000e+03 6.87199272e-04 7.93362322e-04 -2.12478864e-03
1.33243000e+03 8.64670000e+02 1.70708000e+03 3.48339224e-04 8.74443701e-04 -2.97127180e-03
1.32473000e+03 8.55579000e+02 1.70856000e+03 -4.47772163e-05 1.56498400e-03 -2.73869320e-03
1.33656000e+03 8.53627000e+02 1.70928000e+03 -5.09957991e-04 1.84065275e-03 -3.51464546e-03
1.34426000e+03 8.62716000e+02 1.70780000e+03 1.97641469e-05 1.66771246e-03 -3.26041248e-03
1.30874000e+03 8.68579000e+02 1.70568000e+03 5.81156472e-04 -2.96147542e-04 -1.81416878e-03
1.31703000e+03 8.46497000e+02 1.71007000e+03 -2.15991837e-04 1.87629808e-03 -2.44066674e-03
1.27670000e+03 8.94623000e+02 1.69996000e+03 1.17736846e-03 -1.93204981e-03 3.17580072e-04
1.25742000e+03 8.56202000e+02 1.70653000e+03 6.68523615e-04 1.47991578e-04 2.55267520e-04
1.33599000e+03 8.84828000e+02 1.70349000e+03 -6.24331151e-05 -4.06112752e-04 -2.36877328e-03
1.25698000e+03 8.87487000e+02 1.70066000e+03 1.12216933e-03 -2.25686707e-03 9.31100776e-04
1.29334000e+03 8.50387000e+02 1.70866000e+03 3.95337047e-04 1.28844891e-03 -1.57125366e-03
1.28143000e+03 8.52329000e+02 1.70795000e+03 7.42688792e-04 9.04910203e-04 -9.16703582e-04
1.28915000e+03 8.61429000e+02 1.70645000e+03 6.50394625e-04 6.97011017e-04 -9.65419287e-04
1.27722000e+03 8.63378000e+02 1.70574000e+03 8.92526430e-04 4.88515342e-04 -4.34424791e-04
1.28498000e+03 8.72486000e+02 1.70427000e+03 9.03936932e-04 -2.78596112e-04 -6.79656783e-04
1.27305000e+03 8.74442000e+02 1.70356000e+03 8.74048798e-04 -7.40891787e-04 -9.66028383e-05
1.30103000e+03 8.59480000e+02 1.70715000e+03 6.42220334e-04 5.10106336e-04 -1.84950136e-03
1.28083000e+03 8.83553000e+02 1.70211000e+03 9.31335725e-04 -1.03013041e-03 -1.75337181e-04
1.29272000e+03 8.81595000e+02 1.70283000e+03 6.33372041e-04 -3.30790743e-04 -8.67609597e-04
1.28858000e+03 8.92662000e+02 1.70068000e+03 1.20201332e-03 -1.14543862e-03 -2.55032480e-04
1.26891000e+03 8.85516000e+02 1.70139000e+03 9.68285165e-04 -1.75815553e-03 4.11933727e-04
1.26480000e+03 8.96590000e+02 1.69922000e+03 1.12612153e-03 -2.81713382e-03 8.30142837e-04
1.26108000e+03 8.76405000e+02 1.70284000e+03 8.57598238e-04 -1.47175933e-03 3.56780497e-04
1.25320000e+03 8.67286000e+02 1.70431000e+03 8.49219070e-04 -3.99189699e-04 7.71686039e-04
1.33542000e+03 9.16071000e+02 1.69785000e+03 1.22500941e-03 -2.55010929e-03 -1.21774440e-03
1.34725000e+03 9.14115000e+02 1.69857000e+03 1.13444003e-03 -1.76014054e-03 -1.96337349e-03
1.33955000e+03 9.05003000e+02 1.69996000e+03 7.35401034e-04 -1.17802162e-03 -2.04167324e-03
1.35138000e+03 9.03047000e+02 1.70068000e+03 8.46231654e-04 -1.32765287e-03 -2.95080233e-03
1.34369000e+03 8.93936000e+02 1.70208000e+03 3.91732299e-04 -9.60647531e-04 -2.31875036e-03
1.34782000e+03 8.82871000e+02 1.70420000e+03 8.26578676e-05 1.49498073e-04 -3.15839658e-03
1.33185000e+03 8.95894000e+02 1.70137000e+03 9.41838468e-04 -9.21086841e-04 -1.99699037e-03
1.32772000e+03 9.06961000e+02 1.69925000e+03 7.04707203e-04 -1.82073245e-03 -1.54735574e-03
1.35196000e+03 8.71812000e+02 1.70635000e+03 1.27693801e-04 1.13634595e-03 -3.57182004e-03
1.26946000e+03 8.54269000e+02 1.70725000e+03 4.60688719e-04 9.65358518e-04 -1.41787006e-04
1.26524000e+03 8.65328000e+02 1.70503000e+03 7.95955387e-04 -2.37122758e-04 7.07633966e-06
1.24908000e+03 8.78383000e+02 1.70210000e+03 8.25219981e-04 -1.40072819e-03 1.03870439e-03
1.35080000e+03 9.34298000e+02 1.69510000e+03 1.49860630e-03 -3.74893031e-03 -1.35917731e-03
1.26170000e+03 8.45160000e+02 1.70878000e+03 3.98359792e-05 1.81521756e-03 -2.63049221e-04
1.29687000e+03 8.70532000e+02 1.70498000e+03 5.53419369e-04 -4.09143766e-05 -1.16005237e-03
1.35494000e+03 9.23229000e+02 1.69719000e+03 1.58251581e-03 -2.51183001e-03 -1.99004284e-03
1.34013000e+03 8.73768000e+02 1.70563000e+03 6.03631817e-05 3.49477199e-04 -2.82519095e-03
1.30459000e+03 8.79638000e+02 1.70353000e+03 5.34820538e-04 -8.16023909e-04 -1.50870284e-03
1.31288000e+03 8.57530000e+02 1.70785000e+03 4.91648892e-04 1.30101620e-03 -2.21555018e-03
1.30519000e+03 8.48443000e+02 1.70936000e+03 -2.30151486e-04 1.63405877e-03 -2.17853724e-03
1.29991000e+03 9.21940000e+02 1.69567000e+03 1.69982973e-03 -3.62348839e-03 8.84220455e-05
1.34839000e+03 8.51676000e+02 1.71001000e+03 -6.66499128e-04 2.01857944e-03 -3.90280352e-03
1.30045000e+03 8.90704000e+02 1.70139000e+03 6.67307151e-04 -1.25461386e-03 -1.07201993e-03
1.28730000e+03 8.47539000e+02 1.69642000e+03 -4.01652661e-04 1.04303683e-03 -1.56119377e-03
1.30111000e+03 8.49415000e+02 1.69725000e+03 1.23829850e-04 9.01282852e-04 -2.37653402e-03
1.34586000e+03 8.65149000e+02 1.69608000e+03 6.18407590e-05 9.08975309e-04 -3.78950469e-03
1.29358000e+03 8.61594000e+02 1.69742000e+03 6.70960229e-04 1.85184730e-05 -1.55489621e-03
1.31930000e+03 8.62281000e+02 1.69673000e+03 4.73471812e-04 7.78884660e-04 -2.87604872e-03
1.26413000e+03 8.53935000e+02 1.69706000e+03 6.37347408e-04 1.73944663e-04 -4.17407358e-04
1.32979000e+03 8.50201000e+02 1.69973000e+03 -2.97972670e-04 1.42604462e-03 -3.63113574e-03
1.33681000e+03 8.76297000e+02 1.69645000e+03 1.11657651e-04 3.93398251e-05 -2.94603643e-03
1.34303000e+03 8.53724000e+02 1.69908000e+03 -2.48869490e-04 1.82649326e-03 -3.80069550e-03
1.29886000e+03 8.72698000e+02 1.69557000e+03 6.59770678e-04 -4.61458625e-04 -1.32735477e-03
1.31502000e+03 8.46448000e+02 1.69962000e+03 -3.13249593e-04 1.60263505e-03 -2.77404330e-03
1.28193000e+03 8.57644000e+02 1.69842000e+03 3.39460350e-04 4.11626523e-04 -1.08631801e-03
1.32271000e+03 8.53920000e+02 1.73832000e+03 -4.90414751e-04 3.85443170e-03 -2.64530044e-03
1.32772000e+03 9.06159000e+02 1.72593000e+03 6.74642975e-04 -1.39373415e-04 -1.02510970e-03
1.34071000e+03 9.52242000e+02 1.71885000e+03 2.48009585e-03 -2.87758632e-03 1.60039745e-04
1.34798000e+03 9.25086000e+02 1.72783000e+03 1.20280167e-03 -7.63955991e-04 -1.39873067e-03
1.34814000e+03 8.83610000e+02 1.73138000e+03 -2.84716239e-05 2.16966516e-03 -2.39493719e-03
1.29402000e+03 8.47393000e+02 1.73613000e+03 -3.64026917e-04 3.34922144e-03 -1.33129823e-03
1.32008000e+03 9.31312000e+02 1.72391000e+03 2.34531260e-03 -2.16313795e-03 4.17236196e-04
1.30351000e+03 8.74844000e+02 1.73625000e+03 2.88988753e-04 1.82374887e-03 -1.27904244e-03
1.29539000e+03 9.04356000e+02 1.72604000e+03 9.72346159e-04 -8.35628162e-04 4.09907772e-05
1.27640000e+03 8.69222000e+02 1.73490000e+03 2.30467476e-04 1.49400541e-03 -5.31956655e-05
1.29465000e+03 9.29581000e+02 1.71907000e+03 1.94658038e-03 -2.81751373e-03 7.72404585e-04
1.27264000e+03 8.95286000e+02 1.72544000e+03 1.13493292e-03 -6.17707363e-04 1.51488375e-04
1.27956000e+03 9.53942000e+02 1.71551000e+03 3.15786325e-03 -4.23832090e-03 2.50539027e-03
1.31874000e+03 8.78538000e+02 1.73384000e+03 5.65227394e-04 1.53977022e-03 -1.57024742e-03
1.26960000e+03 9.18528000e+02 1.72047000e+03 1.78561281e-03 -2.55045834e-03 1.33556150e-03
1.25329000e+03 8.80126000e+02 1.72581000e+03 9.48488132e-04 -1.38282390e-04 9.26420688e-04
1.34599000e+03 8.60793000e+02 1.73227000e+03 -7.57396206e-04 3.39409671e-03 -2.99242240e-03
1.24707000e+03 8.59069000e+02 1.72795000e+03 2.72060877e-04 1.64049711e-03 1.20963127e-03
1.25233000e+03 9.07554000e+02 1.71888000e+03 1.60681705e-03 -2.04386290e-03 1.48020705e-03
1.26488000e+03 9.30848000e+02 1.70894000e+03 2.10273353e-03 -3.70919733e-03 1.83754406e-03
1.34185000e+03 8.99042000e+02 1.73104000e+03 6.74725828e-04 1.20047845e-03 -1.87981243e-03
1.31237000e+03 9.15537000e+02 1.71443000e+03 1.03557144e-03 -1.70021815e-03 -5.60621861e-04
1.32052000e+03 9.54368000e+02 1.73573000e+03 2.64935544e-03 -2.86281055e-03 1.47280188e-03
1.34173000e+03 8.52025000e+02 1.74801000e+03 -1.17404841e-03 5.21974498e-03 -3.02912997e-03
1.30897000e+03 8.87958000e+02 1.72033000e+03 5.48896639e-04 1.55376046e-04 -1.28000980e-03
1.28734000e+03 8.91093000e+02 1.74169000e+03 5.26915591e-04 2.67902919e-04 -3.69774958e-04
1.30893000e+03 8.46512000e+02 1.74815000e+03 -6.98649836e-04 4.83232523e-03 -2.00164040e-03
1.33418000e+03 9.37490000e+02 1.73107000e+03 2.02323418e-03 -1.20949574e-03 1.29742093e-04
1.34075000e+03 9.12999000e+02 1.71906000e+03 1.10477171e-03 -3.43255840e-04 -1.79319286e-03
1.30420000e+03 8.61189000e+02 1.72956000e+03 1.20062222e-04 1.83995871e-03 -1.66786961e-03
1.33400000e+03 9.35527000e+02 1.71320000e+03 1.90810422e-03 -2.76263058e-03 -4.09921378e-04
1.32369000e+03 8.93046000e+02 1.73558000e+03 6.94593840e-04 8.12650230e-04 -1.48242356e-03
1.31598000e+03 8.72209000e+02 1.74803000e+03 -3.39357549e-04 2.40911199e-03 -1.66055711e-03
1.28375000e+03 8.82741000e+02 1.71693000e+03 5.08812196e-04 -3.04759536e-04 -5.61738972e-04
1.33461000e+03 8.67491000e+02 1.74360000e+03 -6.08539399e-04 3.50751624e-03 -2.69377588e-03
1.30664000e+03 9.44942000e+02 1.72368000e+03 2.76361039e-03 -2.92405418e-03 1.18807718e-03
1.32806000e+03 9.21742000e+02 1.74095000e+03 1.52726801e-03 -2.21593057e-04 -5.30027569e-04
1.31985000e+03 9.50851000e+02 1.70918000e+03 2.94967465e-03 -3.94752498e-03 7.51322624e-04
1.30646000e+03 9.26024000e+02 1.73069000e+03 1.74108063e-03 -1.50145751e-03 1.60235166e-04
1.28919000e+03 8.69788000e+02 1.74899000e+03 -7.02827258e-05 2.67586203e-03 -3.97713477e-04
1.34637000e+03 9.42672000e+02 1.70600000e+03 1.97286214e-03 -3.21360473e-03 -8.35767388e-04
1.33903000e+03 8.84280000e+02 1.71710000e+03 3.86050608e-04 1.04079033e-03 -2.14931427e-03
1.24797000e+03 9.23663000e+02 1.71384000e+03 2.60081789e-03 -3.09887942e-03 2.34131020e-03
1.24913000e+03 9.52730000e+02 1.70802000e+03 3.23579401e-03 -5.13999081e-03 3.24279480e-03
1.29885000e+03 9.44237000e+02 1.70649000e+03 2.81738603e-03 -3.50192682e-03 1.22555749e-03
1.32925000e+03 9.20098000e+02 1.71250000e+03 9.71079735e-04 -1.62411610e-03 -8.07359539e-04
1.28080000e+03 8.54381000e+02 1.72865000e+03 -2.23011374e-04 2.22413214e-03 -6.36614370e-04
1.35252000e+03 8.64884000e+02 1.74952000e+03 -1.15866195e-03 4.07772782e-03 -2.79566486e-03
1.28991000e+03 9.13657000e+02 1.71107000e+03 1.62665149e-03 -2.53646015e-03 4.85191506e-04
1.31078000e+03 9.07576000e+02 1.73794000e+03 1.25803172e-03 2.84774186e-06 -4.88048061e-04
1.27938000e+03 9.10024000e+02 1.73489000e+03 1.78820052e-03 -1.43196399e-03 5.78074935e-04
1.25995000e+03 8.60517000e+02 1.74284000e+03 -7.00028619e-05 2.51404455e-03 6.04721607e-04
1.28043000e+03 8.58201000e+02 1.74823000e+03 2.14939393e-05 2.92460645e-03 -1.46171923e-04
1.26554000e+03 8.61421000e+02 1.72011000e+03 3.31552586e-04 9.90691244e-04 -1.01064712e-04
1.33651000e+03 8.87053000e+02 1.74902000e+03 2.77765389e-04 2.66792681e-03 -1.96077210e-03
1.29582000e+03 8.74331000e+02 1.71759000e+03 2.91372117e-04 1.88545276e-04 -1.32749926e-03
1.27804000e+03 9.34682000e+02 1.72793000e+03 2.41319232e-03 -2.73340073e-03 1.78742254e-03
1.25655000e+03 8.95150000e+02 1.73185000e+03 1.18515351e-03 -9.14906157e-04 1.10443538e-03
1.26547000e+03 8.84238000e+02 1.73875000e+03 4.50051321e-04 5.29374620e-04 6.34752274e-04
1.26821000e+03 8.82137000e+02 1.71817000e+03 8.24300889e-04 -3.00241813e-04 -8.81751482e-06
1.30635000e+03 9.29724000e+02 1.70992000e+03 2.07729882e-03 -2.71279285e-03 5.17268158e-04
1.32922000e+03 8.66478000e+02 1.72098000e+03 -2.43256038e-04 2.15682365e-03 -2.81140782e-03
1.28012000e+03 9.32617000e+02 1.70885000e+03 2.63091217e-03 -3.31370757e-03 1.34404824e-03
1.30778000e+03 8.60328000e+02 1.74739000e+03 -5.92033600e-04 3.28954673e-03 -1.50719158e-03
1.34472000e+03 8.69561000e+02 1.71879000e+03 -2.37042283e-04 2.03728857e-03 -2.98562035e-03
1.31159000e+03 8.71203000e+02 1.71841000e+03 1.05166033e-04 9.58016425e-04 -1.47047815e-03
1.34374000e+03 9.14953000e+02 1.74437000e+03 7.54936506e-04 7.99783702e-04 -9.50715677e-04
1.35146000e+03 8.92305000e+02 1.71875000e+03 1.90201506e-04 9.84055738e-04 -3.12451309e-03
1.26537000e+03 9.04767000e+02 1.71028000e+03 1.58771830e-03 -2.45303885e-03 7.56951254e-04
1.28630000e+03 8.96558000e+02 1.71248000e+03 1.05764844e-03 -1.50957501e-03 -2.19015579e-04
1.25263000e+03 8.48138000e+02 1.74354000e+03 -3.87673043e-05 3.43934868e-03 9.53033361e-04
1.25977000e+03 8.93627000e+02 1.71452000e+03 8.28964430e-04 -1.49162784e-03 1.09927789e-03
1.30332000e+03 8.92946000e+02 1.73683000e+03 6.50589376e-04 7.28567632e-04 -4.91601317e-04
1.32412000e+03 8.54915000e+02 1.75498000e+03 -8.18168189e-04 4.29856059e-03 -2.10545499e-03
1.35336000e+03 9.33710000e+02 1.74113000e+03 1.66014191e-03 -1.00183271e-04 -7.46147275e-04
1.35171000e+03 8.92310000e+02 1.74869000e+03 -1.29711193e-04 2.78881229e-03 -2.10690419e-03
1.26272000e+03 9.08203000e+02 1.73356000e+03 1.58483707e-03 -1.44742477e-03 1.22570493e-03
1.34353000e+03 8.45576000e+02 1.72461000e+03 -8.40094473e-04 3.80031451e-03 -3.46951786e-03
1.32635000e+03 8.95012000e+02 1.71557000e+03 8.62780234e-04 -8.98920347e-05 -1.37271387e-03
1.32660000e+03 9.08194000e+02 1.74460000e+03 9.03966680e-04 2.95892829e-04 -6.71540215e-04
1.25468000e+03 9.22061000e+02 1.72515000e+03 2.28823227e-03 -2.71254640e-03 2.12958294e-03
1.28877000e+03 9.21945000e+02 1.73655000e+03 1.82699615e-03 -2.17910009e-03 9.18321911e-04
1.26159000e+03 9.16287000e+02 1.70787000e+03 1.90556459e-03 -3.17006747e-03 1.40737463e-03
1.30295000e+03 9.05196000e+02 1.71035000e+03 1.33009369e-03 -1.33418673e-03 -3.96994426e-04
1.27876000e+03 8.80944000e+02 1.74694000e+03 2.01429891e-04 1.55587640e-03 -1.31628573e-04
1.29829000e+03 8.90319000e+02 1.71179000e+03 7.39988728e-04 -5.98418720e-04 -5.61912730e-04
1.29478000e+03 8.82516000e+02 1.74799000e+03 2.00413026e-04 1.25249208e-03 -5.29297022e-04
1.31580000e+03 9.43504000e+02 1.73815000e+03 2.22378303e-03 -2.60693625e-03 9.31090910e-04
1.28711000e+03 9.48340000e+02 1.72933000e+03 2.93623549e-03 -3.20095455e-03 2.01246649e-03
1.31965000e+03 9.35417000e+02 1.70688000e+03 2.33576673e-03 -3.30991873e-03 1.33482531e-04
1.25027000e+03 8.67440000e+02 1.71725000e+03 6.59556620e-04 2.51626487e-04 1.12264215e-03
1.29440000e+03 8.55030000e+02 1.75475000e+03 -7.16272933e-04 4.01387078e-03 -8.57654331e-04
1.35096000e+03 8.49200000e+02 1.73900000e+03 -1.53058082e-03 4.54544110e-03 -3.63647866e-03
1.29425000e+03 9.05150000e+02 1.74366000e+03 1.30334388e-03 -6.16001609e-04 7.41344273e-05
1.26779000e+03 9.47216000e+02 1.70309000e+03 3.20045529e-03 -4.71789763e-03 2.42175986e-03
1.34958000e+03 8.77945000e+02 1.75100000e+03 -9.20478353e-04 3.47912697e-03 -2.38053737e-03
1.34517000e+03 9.45666000e+02 1.74071000e+03 2.32100086e-03 -1.32764557e-03 1.01986428e-04
1.34826000e+03 9.39474000e+02 1.72253000e+03 1.88600015e-03 -1.70226167e-03 -6.16170916e-04
1.27879000e+03 8.68839000e+02 1.71826000e+03 5.09962603e-04 8.12716686e-04 -5.20930952e-04
1.27442000e+03 8.97215000e+02 1.74229000e+03 9.97026207e-04 -3.12123853e-04 5.08451133e-04
1.30040000e+03 9.19207000e+02 1.70676000e+03 1.67993108e-03 -2.28904751e-03 1.69727091e-05
1.35288000e+03 8.54299000e+02 1.75769000e+03 -2.00409995e-03 5.51348264e-03 -2.53987472e-03
1.32270000e+03 8.82246000e+02 1.71529000e+03 5.25154583e-04 7.26388884e-04 -1.95275237e-03
1.35020000e+03 9.12177000e+02 1.72892000e+03 9.72203866e-04 2.22882121e-04 -1.80927975e-03
1.33569000e+03 9.15178000e+02 1.73140000e+03 1.47029192e-03 4.72817202e-04 -1.14711830e-03
1.32569000e+03 9.47112000e+02 1.72256000e+03 2.61977077e-03 -2.53357851e-03 5.36371378e-04
1.30940000e+03 8.50049000e+02 1.73375000e+03 -7.63904077e-04 3.15574386e-03 -1.93032729e-03
1.28814000e+03 8.76568000e+02 1.73356000e+03 5.02449344e-04 6.91484082e-04 -7.75329497e-04
1.31588000e+03 8.65336000e+02 1.73319000e+03 -1.75728274e-04 2.66355802e-03 -1.90331650e-03
1.30140000e+03 9.15646000e+02 1.72301000e+03 1.11341350e-03 -1.44636167e-03 -1.07346727e-04
1.32857000e+03 8.47092000e+02 1.72030000e+03 -9.78924042e-04 3.03593284e-03 -2.87794187e-03
1.31293000e+03 9.03067000e+02 1.72303000e+03 7.94129744e-04 -6.18102615e-04 -9.85461501e-04
1.33500000e+03 9.26228000e+02 1.72439000e+03 1.95393368e-03 -1.27535766e-03 -7.06500195e-04
1.25575000e+03 8.75577000e+02 1.74310000e+03 8.19103360e-04 1.08498705e-03 9.19921920e-04
1.27077000e+03 8.69152000e+02 1.74790000e+03 3.07298002e-04 1.90877823e-03 1.71029178e-04
1.26717000e+03 9.44671000e+02 1.72218000e+03 2.91840951e-03 -3.46117405e-03 2.30263732e-03
1.32371000e+03 9.07365000e+02 1.71093000e+03 9.07479456e-04 -1.35009190e-03 -1.08445946e-03
1.28487000e+03 9.47566000e+02 1.70208000e+03 3.04206728e-03 -4.42829626e-03 1.77676708e-03
1.32522000e+03 8.81568000e+02 1.75100000e+03 2.08201534e-04 2.17173753e-03 -1.29313101e-03
1.31007000e+03 8.83465000e+02 1.74944000e+03 5.67870195e-04 1.70674558e-03 -1.05685495e-03
1.34321000e+03 9.26379000e+02 1.70799000e+03 1.71872736e-03 -1.95067778e-03 -1.43365553e-03
1.25184000e+03 9.38529000e+02 1.70267000e+03 2.68111581e-03 -4.43856429e-03 2.60584858e-03
1.35449000e+03 8.80218000e+02 1.71587000e+03 2.32954980e-05 1.61560266e-03 -3.22066539e-03
1.27340000e+03 8.93744000e+02 1.71150000e+03 1.33290054e-03 -1.45369786e-03 1.67692388e-04
1.29355000e+03 9.33322000e+02 1.70330000e+03 2.52662453e-03 -3.45880375e-03 1.13000612e-03
1.30951000e+03 9.48166000e+02 1.70222000e+03 3.14605298e-03 -4.04779821e-03 1.05130700e-03
1.27154000e+03 9.21818000e+02 1.73378000e+03 2.20468943e-03 -2.20162653e-03 1.48886012e-03
1.34857000e+03 9.53435000e+02 1.70145000e+03 2.71597285e-03 -4.09519649e-03 -6.49464976e-04
1.31903000e+03 9.16844000e+02 1.72886000e+03 1.51445501e-03 -6.66053188e-04 -4.26388733e-04
1.32070000e+03 9.30555000e+02 1.74179000e+03 2.21803296e-03 -1.53259184e-03 5.85887448e-04
1.24640000e+03 9.36108000e+02 1.71713000e+03 3.00594604e-03 -4.03689237e-03 2.75328570e-03
1.33876000e+03 8.61850000e+02 1.75689000e+03 -1.09290780e-03 4.44102738e-03 -2.25772866e-03
1.29462000e+03 9.37805000e+02 1.73521000e+03 2.17182589e-03 -2.60239908e-03 1.05108986e-03
1.32982000e+03 9.44023000e+02 1.70365000e+03 2.36052973e-03 -3.93586110e-03 -9.41803429e-05
1.30056000e+03 9.16248000e+02 1.74231000e+03 2.05689569e-03 -1.03744822e-03 2.34626967e-07
1.24861000e+03 8.62810000e+02 1.74144000e+03 3.47417561e-04 2.31843227e-03 1.16351665e-03
1.31520000e+03 8.56292000e+02 1.72045000e+03 -8.74929541e-05 1.91911737e-03 -2.55303499e-03
1.33569000e+03 8.52838000e+02 1.73217000e+03 -6.60261248e-04 3.84937786e-03 -3.05517850e-03
1.28541000e+03 8.96810000e+02 1.73026000e+03 9.30869810e-04 -4.58909442e-04 2.06205776e-04
1.27878000e+03 8.84474000e+02 1.73145000e+03 5.98264671e-04 6.80598757e-04 -1.37863071e-04
1.27787000e+03 9.13595000e+02 1.70716000e+03 1.61271628e-03 -2.54290698e-03 7.87303201e-04
1.35170000e+03 8.71091000e+02 1.73652000e+03 -4.38573721e-04 3.38918218e-03 -3.06053861e-03
1.27848000e+03 9.06663000e+02 1.72019000e+03 1.11942066e-03 -1.85798573e-03 5.42769127e-04
1.33875000e+03 9.30141000e+02 1.74356000e+03 2.07893217e-03 9.06773061e-05 -4.95000524e-04
1.33545000e+03 8.78372000e+02 1.73312000e+03 3.53641290e-04 2.53609764e-03 -2.26787902e-03
1.35301000e+03 9.05022000e+02 1.71271000e+03 5.28815906e-04 -2.72919214e-04 -2.67726877e-03
1.31709000e+03 9.22176000e+02 1.70579000e+03 1.57805279e-03 -2.57262534e-03 -3.82835182e-04
1.26157000e+03 8.71438000e+02 1.71439000e+03 6.62617470e-04 -5.43536423e-05 4.01172873e-04
1.28373000e+03 9.19277000e+02 1.72271000e+03 1.69939603e-03 -2.33693258e-03 6.77490499e-04
1.26089000e+03 8.69827000e+02 1.73059000e+03 8.13632889e-04 8.79457066e-04 2.70994517e-04
1.24774000e+03 9.12557000e+02 1.70562000e+03 1.65943025e-03 -3.13405359e-03 2.03012517e-03
1.26147000e+03 9.33186000e+02 1.72605000e+03 2.66576641e-03 -3.15479133e-03 2.11508742e-03
1.31342000e+03 8.97562000e+02 1.70947000e+03 8.03700414e-04 -1.05016084e-03 -1.18205246e-03
1.29132000e+03 8.63407000e+02 1.73451000e+03 2.94745656e-05 1.91674572e-03 -1.22329732e-03
1.32566000e+03 8.67766000e+02 1.75501000e+03 -6.79446798e-04 3.58482107e-03 -1.84644446e-03
1.30312000e+03 8.71979000e+02 1.75308000e+03 1.72527756e-05 2.55373527e-03 -8.02788369e-04
1.33790000e+03 9.00811000e+02 1.71130000e+03 5.47220484e-04 -4.83228264e-04 -1.83587860e-03
1.29431000e+03 8.86881000e+02 1.72747000e+03 5.80099110e-04 -1.04720455e-04 -6.73786942e-04
1.27568000e+03 9.51096000e+02 1.72887000e+03 2.99083069e-03 -3.56327770e-03 2.46326171e-03
1.29729000e+03 8.93664000e+02 1.74935000e+03 6.60635981e-04 3.54820381e-04 -2.84441991e-04
1.27009000e+03 8.57969000e+02 1.73610000e+03 -2.41780103e-04 2.21368306e-03 -1.78297940e-04
1.34286000e+03 8.57557000e+02 1.71861000e+03 -5.00513635e-04 2.43564761e-03 -3.27607807e-03
1.24863000e+03 8.87565000e+02 1.73803000e+03 1.31581541e-03 -3.29865117e-04 1.72732430e-03
1.28933000e+03 9.41736000e+02 1.71698000e+03 2.81907740e-03 -3.60907526e-03 1.49059213e-03
1.25467000e+03 9.46680000e+02 1.71870000e+03 3.35820193e-03 -4.21454017e-03 3.06890590e-03
1.25425000e+03 8.81973000e+02 1.71130000e+03 8.90380515e-04 -1.22320523e-03 8.81142286e-04
1.33455000e+03 8.47668000e+02 1.75942000e+03 -1.89976156e-03 5.42849165e-03 -2.35178499e-03
1.31275000e+03 8.98326000e+02 1.74880000e+03 9.41819575e-04 6.74471995e-04 -4.88131831e-04
1.25533000e+03 8.53408000e+02 1.71710000e+03 4.02889480e-04 1.46487093e-03 3.20032816e-04
1.34007000e+03 9.11579000e+02 1.70762000e+03 9.06013184e-04 -1.18616551e-03 -1.38527770e-03
1.25962000e+03 8.54899000e+02 1.73066000e+03 1.89526862e-05 2.26164499e-03 4.86269080e-04
1.32882000e+03 9.44500000e+02 1.74177000e+03 2.44032567e-03 -1.98437788e-03 5.33404913e-04
1.31229000e+03 9.19709000e+02 1.74420000e+03 1.63786679e-03 -6.48886424e-04 3.34049347e-04
1.33877000e+03 8.99985000e+02 1.74917000e+03 4.57265878e-04 2.06783338e-03 -1.18928976e-03
1.27088000e+03 8.50947000e+02 1.71910000e+03 4.24967344e-05 1.44575123e-03 -7.61375376e-04
1.24723000e+03 8.89606000e+02 1.72214000e+03 1.21199219e-03 -1.21400485e-03 1.75294862e-03
1.30768000e+03 9.35984000e+02 1.74020000e+03 1.98481327e-03 -2.12879027e-03 7.40952989e-04
1.29737000e+03 8.59337000e+02 1.71787000e+03 3.09172110e-04 1.36068251e-03 -1.24022326e-03
1.26652000e+03 8.55055000e+02 1.75072000e+03 -4.10065796e-04 3.33860856e-03 3.94650376e-04
1.25580000e+03 9.25922000e+02 1.70199000e+03 2.10113783e-03 -4.12042352e-03 2.03475753e-03
1.34783000e+03 9.51849000e+02 1.77919000e+03 1.78577273e-03 1.71024866e-03 3.15766754e-04
1.34178000e+03 8.71796000e+02 1.79080000e+03 -2.31217070e-03 4.25777275e-03 -1.96697712e-03
1.34631000e+03 9.33644000e+02 1.77854000e+03 1.21096811e-03 1.18915345e-03 -4.59712665e-04
1.34331000e+03 9.03228000e+02 1.78643000e+03 -6.96470887e-04 2.29941525e-03 -1.30786509e-03
1.32546000e+03 8.47980000e+02 1.79368000e+03 -3.54089502e-03 5.68016927e-03 -1.59447313e-03
1.32916000e+03 8.84308000e+02 1.78524000e+03 -2.04593305e-03 2.92221524e-03 -1.58954330e-03
1.32330000e+03 9.34885000e+02 1.77385000e+03 1.47050743e-03 -4.07260006e-04 8.37572410e-05
1.31547000e+03 8.64967000e+02 1.78291000e+03 -1.98283934e-03 4.06702143e-03 -1.25723696e-03
1.32638000e+03 9.14984000e+02 1.77688000e+03 -1.07531484e-04 1.18036637e-03 -7.58440460e-04
1.34284000e+03 8.87399000e+02 1.79147000e+03 -2.11086931e-03 3.66057351e-03 -1.63496981e-03
1.34703000e+03 8.47079000e+02 1.78133000e+03 -2.94969809e-03 6.52766703e-03 -2.00849476e-03
1.31281000e+03 9.44065000e+02 1.76913000e+03 1.09910506e-03 -1.29018404e-03 3.66944159e-04
1.31288000e+03 8.98301000e+02 1.77711000e+03 -3.76232803e-04 5.07144030e-04 -1.02563932e-03
1.29975000e+03 8.54598000e+02 1.78190000e+03 -2.04829429e-03 4.63719202e-03 -5.22281460e-04
1.29979000e+03 8.76661000e+02 1.77844000e+03 -1.38184071e-03 2.71936195e-03 -2.86763842e-04
1.31332000e+03 9.25226000e+02 1.77367000e+03 9.93356345e-04 -1.41730781e-04 -5.69787009e-04
1.35121000e+03 8.89224000e+02 1.77656000e+03 -1.10881368e-03 3.99344082e-03 -1.22950251e-03
1.34288000e+03 9.41328000e+02 1.76373000e+03 1.63395924e-03 3.23887772e-04 9.77459289e-05
1.33311000e+03 9.46707000e+02 1.78854000e+03 1.01464365e-03 5.21839290e-05 1.68933402e-05
1.35364000e+03 9.04689000e+02 1.80369000e+03 -2.50670260e-03 4.83422859e-03 -1.12911627e-03
1.29085000e+03 9.49018000e+02 1.76094000e+03 1.97340083e-03 -2.52138231e-03 1.74274922e-03
1.32890000e+03 8.98485000e+02 1.78007000e+03 -6.22781223e-04 2.35012447e-03 -9.68066988e-04
1.30012000e+03 9.33790000e+02 1.76495000e+03 1.33561445e-03 -1.60354652e-03 4.39082005e-04
1.32523000e+03 8.64912000e+02 1.79749000e+03 -3.69893884e-03 3.86228570e-03 -1.76898417e-03
1.30123000e+03 9.08555000e+02 1.77180000e+03 -1.37301108e-04 -1.48402174e-04 -3.03145835e-04
1.32985000e+03 8.59201000e+02 1.77908000e+03 -1.82648684e-03 4.99569541e-03 -1.32102826e-03
1.34601000e+03 9.40996000e+02 1.79476000e+03 5.48337399e-04 2.10026245e-03 -7.07028730e-04
1.28771000e+03 8.65351000e+02 1.77880000e+03 -1.43329470e-03 3.56293758e-03 1.44778213e-04
1.29991000e+03 8.91584000e+02 1.77576000e+03 -1.39873497e-03 1.39377835e-03 -4.15223609e-04
1.34066000e+03 9.17165000e+02 1.77153000e+03 8.71826204e-04 1.23965003e-03 -7.14144412e-04
1.33485000e+03 9.21381000e+02 1.78947000e+03 -2.44864108e-04 8.45427870e-04 -1.39538392e-03
1.27594000e+03 9.42762000e+02 1.75721000e+03 1.94387395e-03 -3.14316157e-03 2.12613651e-03
1.34033000e+03 8.79587000e+02 1.77763000e+03 -1.58921674e-03 3.79684773e-03 -1.93205051e-03
1.33172000e+03 8.96680000e+02 1.79491000e+03 -1.99529122e-03 2.01422635e-03 -1.69459141e-03
1.31006000e+03 8.53695000e+02 1.79618000e+03 -3.71605282e-03 4.95898505e-03 -9.27552856e-04
1.29229000e+03 9.21165000e+02 1.76586000e+03 9.55642937e-04 -1.98827858e-03 2.73285612e-04
1.25473000e+03 9.50225000e+02 1.74504000e+03 3.02351076e-03 -3.59487987e-03 3.23651457e-03
1.28613000e+03 8.81289000e+02 1.77522000e+03 -1.18040389e-03 1.85929778e-03 1.01861016e-04
1.33000000e+03 8.80538000e+02 1.79909000e+03 -3.16605181e-03 2.93844195e-03 -1.72717222e-03
1.33619000e+03 9.51881000e+02 1.76310000e+03 1.95532244e-03 -7.59818321e-04 5.56934481e-04
1.26386000e+03 9.39786000e+02 1.75003000e+03 2.39164651e-03 -3.37116567e-03 2.61819914e-03
1.28677000e+03 8.95781000e+02 1.77062000e+03 -8.04627665e-04 5.40872706e-04 1.41088816e-04
1.34677000e+03 8.62288000e+02 1.77900000e+03 -1.95502004e-03 5.61172857e-03 -1.81319690e-03
1.27923000e+03 8.53437000e+02 1.77981000e+03 -1.85776665e-03 4.48743331e-03 5.16424507e-04
1.35355000e+03 9.04121000e+02 1.77196000e+03 -4.64391094e-04 3.49105820e-03 -1.49834344e-03
1.30962000e+03 8.83104000e+02 1.78615000e+03 -2.42333728e-03 2.29702725e-03 -1.20695181e-03
1.27258000e+03 8.67678000e+02 1.77534000e+03 -1.74732314e-03 3.06469578e-03 6.21378286e-04
1.31595000e+03 8.76028000e+02 1.77451000e+03 -1.45523440e-03 3.06462695e-03 -1.08165338e-03
1.32620000e+03 9.43012000e+02 1.76352000e+03 1.74037017e-03 -7.38641741e-04 6.53756194e-04
1.31620000e+03 8.49545000e+02 1.77996000e+03 -2.02674300e-03 4.96671129e-03 -1.57749772e-03
1.35137000e+03 8.60902000e+02 1.79469000e+03 -3.07181229e-03 5.93002489e-03 -1.52531103e-03
1.33089000e+03 9.34496000e+02 1.78747000e+03 5.09807259e-05 -4.38638321e-04 -6.84335739e-04
1.33511000e+03 9.30630000e+02 1.76530000e+03 1.13780270e-03 3.57050048e-04 -5.09268617e-04
1.31655000e+03 9.09668000e+02 1.76666000e+03 6.65090973e-04 4.73760471e-04 -5.28781283e-04
1.27332000e+03 8.92400000e+02 1.76944000e+03 -9.92110175e-04 3.30524570e-04 7.08118154e-04
1.28519000e+03 9.34226000e+02 1.76276000e+03 1.06476819e-03 -2.30996143e-03 9.40487057e-04
1.27729000e+03 9.20692000e+02 1.76226000e+03 8.26495502e-04 -2.16646111e-03 1.12105396e-03
1.32511000e+03 9.21284000e+02 1.76622000e+03 1.37773344e-03 3.56194676e-04 -3.68441126e-04
1.24996000e+03 9.35581000e+02 1.74545000e+03 2.60546609e-03 -2.84379205e-03 3.11321382e-03
1.31807000e+03 8.76564000e+02 1.79395000e+03 -2.84926941e-03 2.93128299e-03 -1.46276538e-03
1.31998000e+03 9.45320000e+02 1.78361000e+03 1.26574917e-03 -1.26457669e-03 -1.08988233e-04
1.34497000e+03 9.28790000e+02 1.79724000e+03 -7.64257417e-04 1.89626682e-03 -1.26470006e-03
1.26491000e+03 8.57502000e+02 1.77339000e+03 -1.13192148e-03 4.55755131e-03 1.11081490e-03
1.32817000e+03 9.09488000e+02 1.78935000e+03 -1.04969673e-03 5.37804727e-04 -8.99606665e-04
1.33963000e+03 9.51797000e+02 1.79694000e+03 6.60432593e-04 8.54617909e-04 -5.75993908e-04
1.32178000e+03 9.27543000e+02 1.78390000e+03 -1.41880976e-04 -8.60569400e-04 -6.89552266e-04
1.26722000e+03 8.79065000e+02 1.77027000e+03 -8.34999141e-04 1.80915697e-03 1.12668485e-03
1.28468000e+03 9.08499000e+02 1.76886000e+03 -2.34132325e-04 -9.02876456e-04 -8.52079449e-05
1.30450000e+03 9.49379000e+02 1.75982000e+03 1.79561414e-03 -2.07738853e-03 1.21436524e-03
1.27048000e+03 9.29758000e+02 1.75624000e+03 1.82019474e-03 -2.68783365e-03 1.95516663e-03
1.33446000e+03 8.49011000e+02 1.77943000e+03 -2.11457364e-03 6.09335456e-03 -1.89418271e-03
1.27056000e+03 9.07486000e+02 1.76442000e+03 3.79489650e-04 -1.02241848e-03 1.24224994e-03
1.33771000e+03 8.57834000e+02 1.79317000e+03 -3.43823089e-03 5.54650893e-03 -1.89750273e-03
1.30286000e+03 8.67565000e+02 1.79064000e+03 -2.92659846e-03 3.40708226e-03 -1.06591315e-03
1.29413000e+03 8.47246000e+02 1.79301000e+03 -3.39205075e-03 5.78654443e-03 1.34860118e-05
1.29690000e+03 9.46449000e+02 1.77288000e+03 7.21946290e-04 -2.33817966e-03 8.05427894e-04
1.34151000e+03 9.13253000e+02 1.79777000e+03 -1.94194855e-03 1.99758133e-03 -1.16649320e-03
1.31511000e+03 9.11515000e+02 1.78183000e+03 -3.60219724e-04 -4.55760540e-04 -6.83563168e-04
1.25204000e+03 8.85212000e+02 1.76368000e+03 -9.99068017e-05 1.16474044e-03 2.07496783e-03
1.25703000e+03 8.67897000e+02 1.76890000e+03 -5.01007612e-04 3.20569426e-03 1.38877453e-03
1.34038000e+03 9.02302000e+02 1.77174000e+03 3.34855646e-04 1.80086899e-03 -1.20725246e-03
1.30509000e+03 8.64377000e+02 1.77481000e+03 -1.10067197e-03 3.38853017e-03 -6.09919113e-04
1.31697000e+03 9.34675000e+02 1.76297000e+03 1.57938141e-03 -7.13019577e-04 2.86067097e-04
1.26328000e+03 9.18422000e+02 1.75854000e+03 8.43756995e-04 -1.89451879e-03 1.96312639e-03
1.26078000e+03 8.94379000e+02 1.76556000e+03 -4.92731724e-04 5.35272880e-05 1.53793047e-03
1.30987000e+03 8.85936000e+02 1.77050000e+03 -8.15994014e-04 2.04717787e-03 -6.57019909e-04
1.25230000e+03 9.23874000e+02 1.75115000e+03 1.74313020e-03 -2.40480608e-03 2.47189165e-03
1.31785000e+03 9.51938000e+02 1.75981000e+03 2.29378235e-03 -1.37241899e-03 1.10272266e-03
1.31882000e+03 8.54371000e+02 1.80488000e+03 -5.24111603e-03 4.31523759e-03 -1.42928626e-03
1.35466000e+03 8.95775000e+02 1.78986000e+03 -1.58106850e-03 4.56911594e-03 -1.29491039e-03
1.30138000e+03 9.22968000e+02 1.77583000e+03 2.55651214e-05 -1.78462884e-03 -4.66278594e-04
1.35059000e+03 9.31497000e+02 1.76407000e+03 6.45107339e-04 1.10031935e-03 -7.36858737e-04
1.30611000e+03 9.54856000e+02 1.77923000e+03 1.58187724e-03 -2.06345901e-03 9.23196447e-04
1.33776000e+03 8.91519000e+02 1.77811000e+03 -8.91265732e-04 3.05010776e-03 -1.31295462e-03
1.35059000e+03 8.73804000e+02 1.77550000e+03 -1.65879328e-03 5.25563410e-03 -1.55663932e-03
1.32858000e+03 8.71687000e+02 1.77828000e+03 -2.02315204e-03 3.95194336e-03 -1.66616484e-03
1.24566000e+03 8.72083000e+02 1.76258000e+03 -1.06382257e-04 2.28789464e-03 2.40473075e-03
1.34097000e+03 8.45684000e+02 1.79671000e+03 -3.68908176e-03 6.56330249e-03 -1.58276723e-03
1.30840000e+03 9.36860000e+02 1.77692000e+03 7.89524686e-04 -1.00831793e-03 -1.90480693e-04
1.32598000e+03 8.87262000e+02 1.77223000e+03 -3.30621135e-04 2.27618920e-03 -1.05984563e-03
1.24526000e+03 8.98551000e+02 1.75707000e+03 1.09191416e-03 -5.31364562e-04 2.27739927e-03
1.34136000e+03 8.96440000e+02 1.80245000e+03 -3.21447353e-03 3.15436561e-03 -1.42765708e-03
1.25288000e+03 8.53203000e+02 1.76830000e+03 -3.87200892e-04 4.36399715e-03 1.73512934e-03
1.25572000e+03 9.07037000e+02 1.75859000e+03 6.69299588e-04 -1.67576380e-03 1.85949949e-03
1.33272000e+03 9.27646000e+02 1.77694000e+03 1.11445573e-03 5.82273436e-04 -5.29228073e-04
1.30706000e+03 9.18442000e+02 1.76444000e+03 9.04366462e-04 -4.26932397e-04 -1.78590928e-04
1.32657000e+03 9.05667000e+02 1.76823000e+03 3.63658040e-04 1.26219755e-03 -8.21973678e-04
1.33398000e+03 9.42751000e+02 1.77499000e+03 1.46374448e-03 6.14466064e-04 4.95514476e-04
1.32006000e+03 8.92955000e+02 1.79068000e+03 -2.19455192e-03 9.26608176e-04 -1.20647416e-03
1.28011000e+03 9.52152000e+02 1.76615000e+03 1.55810857e-03 -3.74679331e-03 1.87612316e-03
1.31213000e+03 8.64932000e+02 1.79948000e+03 -3.85234120e-03 4.01679857e-03 -1.11464405e-03
1.29849000e+03 9.31025000e+02 1.79865000e+03 -3.95103336e-03 -6.30346321e-03 -6.80875030e-04
1.30353000e+03 9.44282000e+02 1.80226000e+03 -3.84355866e-03 -8.63869380e-03 -3.27386406e-04
1.29214000e+03 9.52154000e+02 1.79685000e+03 -2.87276669e-03 -1.01784787e-02 1.74301538e-04
1.28608000e+03 9.32220000e+02 1.79108000e+03 -1.74129883e-03 -5.05526661e-03 -8.17732582e-05
1.28450000e+03 9.44963000e+02 1.79026000e+03 -1.89488107e-03 -7.52251755e-03 7.56218394e-04
1.25261000e+03 8.59205000e+02 1.79246000e+03 -2.68915265e-03 4.91188855e-03 2.90550646e-03
1.27496000e+03 9.37281000e+02 1.78517000e+03 -1.14732401e-03 -6.24357894e-03 9.26451889e-04
1.26399000e+03 8.56848000e+02 1.79959000e+03 -3.51894659e-03 6.03170905e-03 2.17471223e-03
1.29658000e+03 9.11687000e+02 1.79899000e+03 -4.43580457e-03 -2.27633420e-03 -4.08733971e-04
1.26358000e+03 9.43231000e+02 1.77854000e+03 -2.28440455e-04 -5.72180290e-03 1.94423162e-03
1.28566000e+03 9.19316000e+02 1.79167000e+03 -2.53523515e-03 -3.84874507e-03 3.48964870e-04
1.26309000e+03 8.69857000e+02 1.79537000e+03 -3.68733159e-03 4.32539865e-03 2.14077392e-03
1.27475000e+03 8.67407000e+02 1.80138000e+03 -3.79951899e-03 4.28362849e-03 1.56292886e-03
1.24869000e+03 8.76242000e+02 1.78835000e+03 -2.12044407e-03 3.19371293e-03 2.79716428e-03
1.26961000e+03 9.09400000e+02 1.78810000e+03 -1.89095675e-03 -1.22514473e-03 1.75079813e-03
