x y z dx dy dz  # rigid-removed deformational residual
1.27857000e+03 9.37489000e+02 1.80049000e+03 -4.04489325e-02 -2.64011719e-02 2.64461387e-02
1.27845000e+03 9.13058000e+02 1.80238000e+03 -3.17693093e-02 -4.36830675e-03 2.60973905e-02
1.27725000e+03 9.49092000e+02 1.80164000e+03 -4.50787422e-02 -3.78784657e-02 2.43908712e-02
1.26930000e+03 9.43464000e+02 1.79571000e+03 -3.48858461e-02 -2.92446009e-02 2.95945755e-02
1.26805000e+03 9.54943000e+02 1.79745000e+03 -4.50663968e-02 -3.74173760e-02 2.71285507e-02
1.27024000e+03 9.31284000e+02 1.79589000e+03 -2.71348271e-02 -1.68034893e-02 3.13449358e-02
1.26002000e+03 9.49803000e+02 1.79096000e+03 -3.00098976e-02 -3.10722648e-02 2.99413836e-02
1.25233000e+03 9.31123000e+02 1.78634000e+03 -1.25143989e-02 -1.18480956e-02 3.77375014e-02
1.25304000e+03 9.19488000e+02 1.78895000e+03 -8.59259805e-03 -4.02451118e-03 3.79388263e-02
1.25377000e+03 9.08542000e+02 1.79224000e+03 -8.93134602e-03 4.00607668e-03 3.88965992e-02
1.25458000e+03 8.97715000e+02 1.79585000e+03 -7.01448883e-03 1.12380559e-02 3.88535315e-02
1.24554000e+03 8.90874000e+02 1.79365000e+03 1.58954190e-03 1.52385909e-02 3.85336208e-02
1.25527000e+03 8.86549000e+02 1.79950000e+03 -4.45537907e-03 1.48760663e-02 3.52412357e-02
1.24614000e+03 8.79489000e+02 1.79735000e+03 2.03384566e-03 2.14255715e-02 3.77034038e-02
1.25574000e+03 8.75187000e+02 1.80304000e+03 -2.68597088e-03 2.05182043e-02 3.47898064e-02
1.24680000e+03 8.67949000e+02 1.80101000e+03 4.76571431e-03 2.66770897e-02 3.57876760e-02
1.24750000e+03 8.56469000e+02 1.80454000e+03 4.15770001e-03 2.88488241e-02 3.59007918e-02
1.26356000e+03 9.04505000e+02 1.79785000e+03 -1.49298325e-02 3.86362111e-03 3.32590555e-02
1.26528000e+03 8.82142000e+02 1.80497000e+03 -1.17001283e-02 1.43553974e-02 2.93674714e-02
1.26238000e+03 9.14611000e+02 1.79465000e+03 -1.70718110e-02 3.14930957e-03 3.91787294e-02
1.26480000e+03 8.93717000e+02 1.80144000e+03 -1.49814635e-02 8.91357756e-03 3.02237956e-02
1.27513000e+03 9.02031000e+02 1.80346000e+03 -2.69657535e-02 6.64293165e-04 2.54649328e-02
1.27918000e+03 9.25389000e+02 1.80094000e+03 -3.33724478e-02 -9.73089978e-03 2.70840427e-02
1.25136000e+03 9.43670000e+02 1.78504000e+03 -1.40822343e-02 -1.91714466e-02 3.77877032e-02
1.26092000e+03 9.37425000e+02 1.79057000e+03 -2.15350819e-02 -1.93800094e-02 3.19418837e-02
1.26173000e+03 9.25535000e+02 1.79211000e+03 -1.86064734e-02 -1.09167796e-02 3.46612162e-02
1.27125000e+03 9.19382000e+02 1.79783000e+03 -2.53981734e-02 -6.48821817e-03 2.88353570e-02
1.27088000e+03 9.10241000e+02 1.79957000e+03 -2.26931781e-02 -3.05334725e-04 3.43004886e-02
1.27901000e+03 8.49672000e+02 1.79554000e+03 -4.82855487e-03 2.28635611e-02 1.40629813e-02
1.26873000e+03 8.46087000e+02 1.79072000e+03 3.90669770e-03 2.61973121e-02 1.73818156e-02
1.27167000e+03 8.57387000e+02 1.79019000e+03 1.48198158e-04 2.13441026e-02 1.76628748e-02
1.26134000e+03 8.53871000e+02 1.78554000e+03 8.86502233e-03 2.53251257e-02 2.04021374e-02
1.26424000e+03 8.65156000e+02 1.78512000e+03 5.37847433e-03 2.09672531e-02 2.02400975e-02
1.25388000e+03 8.61726000e+02 1.78063000e+03 1.37494773e-02 2.51116354e-02 2.36452506e-02
1.25103000e+03 8.50382000e+02 1.78079000e+03 1.63758127e-02 2.91797250e-02 2.34139387e-02
1.24640000e+03 8.69696000e+02 1.77590000e+03 1.74302438e-02 2.30963564e-02 2.72817523e-02
1.28206000e+03 8.60904000e+02 1.79469000e+03 -7.76342616e-03 1.72326593e-02 1.34894160e-02
1.31989000e+03 8.94057000e+02 1.80349000e+03 -4.01294260e-02 5.12518971e-03 2.36730340e-03
1.32305000e+03 9.05217000e+02 1.80164000e+03 -4.31823772e-02 2.65402550e-04 1.77640309e-03
1.31282000e+03 9.01504000e+02 1.79725000e+03 -3.24847670e-02 3.83286896e-04 3.97967742e-03
1.31582000e+03 9.12588000e+02 1.79573000e+03 -3.58179075e-02 -4.03411056e-03 3.90933875e-03
1.30556000e+03 9.09255000e+02 1.79138000e+03 -2.60884794e-02 -2.17854814e-03 6.67663478e-03
1.24868000e+03 9.44227000e+02 1.75877000e+03 1.90452543e-02 -9.59948556e-03 2.81428735e-02
1.25851000e+03 9.47715000e+02 1.76416000e+03 9.51165885e-03 -1.28902357e-02 2.25832353e-02
1.25588000e+03 9.36001000e+02 1.76374000e+03 1.31543566e-02 -8.04319021e-03 2.40359028e-02
1.26586000e+03 9.39420000e+02 1.76834000e+03 4.55234307e-03 -1.01970129e-02 2.14602966e-02
1.26309000e+03 9.27598000e+02 1.76895000e+03 6.75282644e-03 -5.50112740e-03 2.13203327e-02
1.27337000e+03 9.30914000e+02 1.77293000e+03 -9.04759799e-04 -8.62064619e-03 1.85291586e-02
1.26976000e+03 9.18952000e+02 1.77400000e+03 9.96379363e-04 -4.98052083e-03 1.93042566e-02
1.30247000e+03 8.98022000e+02 1.79319000e+03 -2.39136860e-02 2.12018179e-03 7.20618828e-03
1.30828000e+03 9.20582000e+02 1.79027000e+03 -2.93236035e-02 -5.27063102e-03 5.93992813e-03
1.25213000e+03 9.24329000e+02 1.76483000e+03 1.62523525e-02 -2.28529096e-03 2.67784771e-02
1.27565000e+03 9.42844000e+02 1.77331000e+03 -5.41262598e-03 -1.17357678e-02 1.94402042e-02
1.31802000e+03 9.23433000e+02 1.79484000e+03 -3.91634130e-02 -6.03634904e-03 3.96850795e-03
1.29512000e+03 9.05926000e+02 1.78756000e+03 -1.76864028e-02 -6.98937906e-04 9.22781298e-03
1.29188000e+03 8.94596000e+02 1.78960000e+03 -1.62602875e-02 3.78135267e-03 1.13450433e-02
1.29919000e+03 8.86833000e+02 1.79529000e+03 -2.11801603e-02 6.22919209e-03 7.84953422e-03
1.28326000e+03 9.34295000e+02 1.77714000e+03 -8.92898850e-03 -9.14132940e-03 1.47841372e-02
1.28504000e+03 9.46146000e+02 1.77857000e+03 -1.57389362e-02 -1.37357517e-02 1.62841966e-02
1.31061000e+03 9.32209000e+02 1.79040000e+03 -3.31661912e-02 -7.72881221e-03 5.25717367e-03
1.27713000e+03 9.54374000e+02 1.77593000e+03 -1.26921934e-02 -1.59182586e-02 2.04315048e-02
1.28442000e+03 9.02568000e+02 1.78427000e+03 -1.03722404e-02 1.48547846e-03 1.18910925e-02
1.28110000e+03 8.91183000e+02 1.78632000e+03 -8.59159246e-03 5.26725077e-03 1.29357335e-02
1.27359000e+03 8.99185000e+02 1.78124000e+03 -3.84566169e-03 3.04043617e-03 1.72751322e-02
1.33154000e+03 9.46388000e+02 1.80259000e+03 -5.90429955e-02 -3.04384741e-03 4.26220807e-03
1.30289000e+03 8.68135000e+02 1.80333000e+03 -2.45075005e-02 1.39697555e-02 8.19882715e-03
1.27032000e+03 8.87770000e+02 1.78306000e+03 -2.51128950e-03 9.74659572e-03 1.84418236e-02
1.26283000e+03 8.95732000e+02 1.77816000e+03 8.36733657e-04 7.36561323e-03 2.38735080e-02
1.28767000e+03 9.14088000e+02 1.78235000e+03 -1.19744071e-02 -3.87172579e-03 1.20678130e-02
1.29414000e+03 9.49452000e+02 1.78413000e+03 -2.66940892e-02 -1.53697840e-02 1.39479148e-02
1.30071000e+03 9.29130000e+02 1.78562000e+03 -2.31674264e-02 -8.65276954e-03 8.44795158e-03
1.27778000e+03 8.79848000e+02 1.78805000e+03 -6.30969774e-03 1.04768734e-02 1.45130573e-02
1.29959000e+03 8.56957000e+02 1.80490000e+03 -2.13637312e-02 1.78826137e-02 8.16578527e-03
1.25960000e+03 8.84296000e+02 1.77953000e+03 5.17447793e-03 1.48878394e-02 2.35902028e-02
1.33116000e+03 9.34415000e+02 1.80115000e+03 -5.38355082e-02 -3.43141891e-03 7.61518062e-04
1.26613000e+03 9.07248000e+02 1.77607000e+03 7.01861522e-04 8.21136780e-04 2.13278981e-02
1.25532000e+03 9.03554000e+02 1.77295000e+03 9.73350656e-03 5.13139407e-03 2.65764284e-02
1.32383000e+03 9.42378000e+02 1.79789000e+03 -5.00253737e-02 -6.73227602e-03 5.42246660e-03
1.25853000e+03 9.15198000e+02 1.77054000e+03 8.43812054e-03 4.01121067e-04 2.51959944e-02
1.24687000e+03 9.11661000e+02 1.76659000e+03 1.72837739e-02 3.55189096e-03 2.93975048e-02
1.30291000e+03 9.41167000e+02 1.78704000e+03 -2.89999150e-02 -1.08058964e-02 8.95428830e-03
1.26795000e+03 9.51223000e+02 1.76988000e+03 -1.14221588e-03 -1.49719160e-02 2.20763052e-02
1.27699000e+03 9.10706000e+02 1.77911000e+03 -5.07445233e-03 -1.73888187e-03 1.58754208e-02
1.28855000e+03 8.83326000e+02 1.79164000e+03 -1.33556034e-02 8.32699635e-03 1.10474689e-02
1.30628000e+03 8.79281000e+02 1.80137000e+03 -2.74679282e-02 8.28533049e-03 5.93794823e-03
1.30962000e+03 8.90399000e+02 1.79925000e+03 -3.07044848e-02 4.46830461e-03 5.55831477e-03
1.33527000e+03 9.21857000e+02 1.80451000e+03 -5.59149083e-02 2.23119440e-03 -1.51923604e-03
1.32622000e+03 9.16686000e+02 1.80044000e+03 -4.63178911e-02 -1.40195665e-03 1.26784492e-03
1.29582000e+03 8.75656000e+02 1.79733000e+03 -1.85383448e-02 1.09462149e-02 9.26074781e-03
1.28034000e+03 9.22426000e+02 1.77747000e+03 -5.63321192e-03 -6.50377805e-03 1.38238330e-02
1.29811000e+03 9.17387000e+02 1.78603000e+03 -1.99685237e-02 -4.92446400e-03 8.84820510e-03
1.32207000e+03 9.52371000e+02 1.79948000e+03 -5.22375696e-02 -7.45656837e-03 8.55294567e-03
1.31387000e+03 9.44821000e+02 1.79323000e+03 -4.10311190e-02 -8.67298350e-03 7.99299205e-03
1.28929000e+03 8.53282000e+02 1.80027000e+03 -1.33715562e-02 2.14722994e-02 1.14917384e-02
1.24928000e+03 8.80939000e+02 1.77561000e+03 1.43972494e-02 1.73360779e-02 2.74698589e-02
1.29248000e+03 8.64476000e+02 1.79904000e+03 -1.63798388e-02 1.59985803e-02 1.06146665e-02
1.28524000e+03 8.72099000e+02 1.79339000e+03 -1.07090770e-02 1.25934711e-02 1.21765758e-02
1.24562000e+03 9.33034000e+02 1.75914000e+03 2.13306545e-02 -4.16771346e-03 2.96237214e-02
1.27471000e+03 8.68606000e+02 1.78937000e+03 -3.55063443e-03 1.56029659e-02 1.61600540e-02
1.26720000e+03 8.76433000e+02 1.78435000e+03 5.30711386e-04 1.71654918e-02 2.10036126e-02
1.29061000e+03 9.25811000e+02 1.78129000e+03 -1.43407577e-02 -7.22427688e-03 1.15860712e-02
1.29291000e+03 9.37740000e+02 1.78176000e+03 -1.86746476e-02 -1.08450772e-02 1.26024812e-02
1.25672000e+03 8.73044000e+02 1.78031000e+03 9.72653182e-03 2.01375658e-02 2.32783473e-02
1.25239000e+03 8.92063000e+02 1.77480000e+03 9.19557028e-03 1.29165011e-02 2.84191828e-02
1.30337000e+03 9.53258000e+02 1.79024000e+03 -3.68172843e-02 -1.38377601e-02 1.33910101e-02
1.32607000e+03 9.25806000e+02 1.79887000e+03 -4.65126679e-02 -4.28661284e-03 1.94833926e-03
1.24571000e+03 8.98893000e+02 1.77009000e+03 1.60571389e-02 9.86508583e-03 3.06994372e-02
1.32001000e+03 9.33461000e+02 1.79523000e+03 -4.22580040e-02 -6.90049832e-03 3.58296458e-03
1.34230000e+03 8.47115000e+02 1.76982000e+03 -1.27748648e-02 1.39804903e-02 -1.83039932e-02
1.33449000e+03 8.54317000e+02 1.76814000e+03 -9.56116577e-03 1.24014845e-02 -1.48301011e-02
1.34538000e+03 8.58312000e+02 1.76772000e+03 -1.42703147e-02 1.06953758e-02 -1.87073384e-02
1.33677000e+03 8.65823000e+02 1.76599000e+03 -9.93645654e-03 8.42933592e-03 -1.54213823e-02
1.34785000e+03 8.69634000e+02 1.76562000e+03 -1.47393297e-02 7.48554336e-03 -1.89102840e-02
1.33886000e+03 8.77239000e+02 1.76388000e+03 -1.11488845e-02 5.29638204e-03 -1.59895770e-02
1.35007000e+03 8.81031000e+02 1.76354000e+03 -1.58772758e-02 4.37802751e-03 -1.88490559e-02
1.34159000e+03 8.88747000e+02 1.76183000e+03 -1.21686166e-02 2.51170225e-03 -1.54066817e-02
1.35259000e+03 8.92524000e+02 1.76151000e+03 -1.71252921e-02 9.13285139e-04 -1.88975920e-02
1.34411000e+03 9.00458000e+02 1.75978000e+03 -1.30336744e-02 -4.41486979e-04 -1.46798884e-02
1.34583000e+03 9.11917000e+02 1.75781000e+03 -1.27606892e-02 -3.60030570e-03 -1.45300469e-02
1.33345000e+03 9.06839000e+02 1.75824000e+03 -7.52275191e-03 -1.50185007e-03 -1.04433702e-02
1.33665000e+03 9.19619000e+02 1.75610000e+03 -9.18366264e-03 -4.02299577e-03 -1.02298816e-02
1.32555000e+03 9.15991000e+02 1.75619000e+03 -4.52481617e-03 -4.41026959e-03 -6.76401062e-03
1.32783000e+03 9.27621000e+02 1.75423000e+03 -5.16965605e-03 -6.75167305e-03 -6.57106223e-03
1.31643000e+03 9.23854000e+02 1.75402000e+03 5.00036264e-05 -4.96680602e-03 -1.91611637e-03
1.31882000e+03 9.35405000e+02 1.75209000e+03 -6.48923155e-04 -6.87458187e-03 -9.08596630e-04
1.30781000e+03 9.31481000e+02 1.75145000e+03 4.33742743e-03 -6.92201895e-03 1.88645202e-03
1.30987000e+03 9.42970000e+02 1.74954000e+03 3.65602091e-03 -9.50071993e-03 2.89748817e-03
1.29888000e+03 9.38898000e+02 1.74824000e+03 9.62890631e-03 -7.07709275e-03 4.59873558e-03
1.30087000e+03 9.50336000e+02 1.74650000e+03 8.71193393e-03 -9.94033195e-03 6.08918903e-03
1.28999000e+03 9.45964000e+02 1.74443000e+03 1.36370696e-02 -9.01895132e-03 9.45119553e-03
1.32101000e+03 9.47044000e+02 1.75024000e+03 -8.80584001e-04 -1.02306745e-02 2.91036449e-04
1.31460000e+03 9.12487000e+02 1.75608000e+03 9.00126187e-04 -2.17093378e-03 -3.34746975e-03
1.28722000e+03 9.33457000e+02 1.74654000e+03 1.39014062e-02 -5.85755182e-03 7.98398642e-03
1.28135000e+03 9.53895000e+02 1.74024000e+03 1.70331311e-02 -1.07071698e-02 1.24810797e-02
1.32563000e+03 8.61751000e+02 1.76635000e+03 -5.22611137e-03 1.13029738e-02 -1.08934752e-02
1.25003000e+03 8.58891000e+02 1.75513000e+03 2.56207197e-02 2.27428906e-02 1.67862723e-02
1.24527000e+03 8.69083000e+02 1.75122000e+03 2.78689742e-02 2.02191501e-02 1.95404475e-02
1.25496000e+03 8.48721000e+02 1.75900000e+03 2.33589578e-02 2.56486260e-02 1.53587379e-02
1.25639000e+03 8.69416000e+02 1.75571000e+03 2.30593652e-02 1.85185638e-02 1.54891377e-02
1.25171000e+03 8.79665000e+02 1.75207000e+03 2.52641173e-02 1.44935975e-02 1.77031576e-02
1.26306000e+03 8.80114000e+02 1.75584000e+03 2.03407217e-02 1.25612444e-02 1.30314647e-02
1.25858000e+03 8.90478000e+02 1.75215000e+03 2.25412940e-02 9.53676516e-03 1.50795857e-02
1.26791000e+03 8.69566000e+02 1.75902000e+03 1.88664026e-02 1.62748216e-02 1.02845077e-02
1.27467000e+03 8.80201000e+02 1.75849000e+03 1.61573496e-02 1.17324029e-02 7.59605644e-03
1.27965000e+03 8.69420000e+02 1.76130000e+03 1.41938249e-02 1.44614812e-02 5.89120360e-03
1.28644000e+03 8.79832000e+02 1.76028000e+03 1.16945133e-02 9.78583017e-03 4.03597287e-03
1.28150000e+03 8.90908000e+02 1.75735000e+03 1.34919367e-02 7.11869167e-03 6.52786872e-03
1.24511000e+03 9.23117000e+02 1.73428000e+03 3.09847220e-02 1.61718163e-03 2.13327465e-02
1.32918000e+03 8.85439000e+02 1.76199000e+03 -6.07910905e-03 4.27940972e-03 -1.09893397e-02
1.24703000e+03 9.41564000e+02 1.72835000e+03 3.14585716e-02 -4.35000989e-03 2.17914779e-02
1.29145000e+03 8.68955000e+02 1.76282000e+03 8.70837132e-03 1.27355915e-02 2.04215301e-03
1.28472000e+03 8.58799000e+02 1.76392000e+03 1.14805412e-02 1.67564612e-02 4.12144016e-03
1.29825000e+03 8.79073000e+02 1.76151000e+03 6.86045776e-03 8.98836634e-03 -3.50712949e-04
1.33911000e+03 9.31574000e+02 1.75414000e+03 -9.23317189e-03 -7.59210542e-03 -9.22531612e-03
1.29648000e+03 8.58330000e+02 1.76525000e+03 6.86177425e-03 1.50222056e-02 -2.47305162e-04
1.28991000e+03 8.48372000e+02 1.76655000e+03 9.46340046e-03 2.01040272e-02 1.70849455e-03
1.27808000e+03 8.48660000e+02 1.76488000e+03 1.44678666e-02 2.11238498e-02 6.18296172e-03
1.35271000e+03 9.47339000e+02 1.75196000e+03 -1.38907541e-02 -1.27167250e-02 -1.13583039e-02
1.24944000e+03 9.06589000e+02 1.74333000e+03 2.79206524e-02 5.98333946e-03 1.91026054e-02
1.31319000e+03 8.47948000e+02 1.76846000e+03 -7.87059439e-04 1.65445338e-02 -7.79088485e-03
1.25334000e+03 9.52136000e+02 1.72901000e+03 2.97018444e-02 -7.75357532e-03 2.14411631e-02
1.25793000e+03 9.41898000e+02 1.73321000e+03 2.73539692e-02 -5.23874401e-03 1.83223832e-02
1.26430000e+03 9.52176000e+02 1.73382000e+03 2.52839353e-02 -8.87949531e-03 1.75324133e-02
1.26846000e+03 9.42024000e+02 1.73764000e+03 2.21828242e-02 -6.00057831e-03 1.48064829e-02
1.26268000e+03 9.32159000e+02 1.73841000e+03 2.42689713e-02 -3.82108664e-03 1.51260407e-02
1.27404000e+03 9.32456000e+02 1.74263000e+03 1.96343138e-02 -5.21648035e-03 1.14497399e-02
1.26717000e+03 9.22539000e+02 1.74374000e+03 2.08603031e-02 -1.28156021e-03 1.37096928e-02
1.27909000e+03 9.22402000e+02 1.74755000e+03 1.71400688e-02 -2.42292258e-03 9.45566608e-03
1.27176000e+03 9.12284000e+02 1.74905000e+03 1.91432579e-02 7.99571479e-04 1.09301427e-02
1.28380000e+03 9.12020000e+02 1.75202000e+03 1.48255359e-02 -1.11696213e-04 7.27325583e-03
1.27669000e+03 9.01736000e+02 1.75372000e+03 1.69657310e-02 3.22018104e-03 8.91995388e-03
1.28849000e+03 9.01212000e+02 1.75584000e+03 1.14062067e-02 2.97369699e-03 4.14027151e-03
1.29560000e+03 9.11346000e+02 1.75423000e+03 8.83732552e-03 -8.64669419e-04 2.98912486e-03
1.30036000e+03 9.00652000e+02 1.75730000e+03 5.89327878e-03 1.41730325e-03 1.80865646e-04
1.26538000e+03 9.02246000e+02 1.75079000e+03 2.04055007e-02 4.94192287e-03 1.26926543e-02
1.29335000e+03 8.90223000e+02 1.75890000e+03 8.80280968e-03 5.68299835e-03 1.51081364e-03
1.30527000e+03 8.89402000e+02 1.76001000e+03 3.99501871e-03 4.59431073e-03 -2.21773065e-03
1.30979000e+03 8.77709000e+02 1.76253000e+03 1.92953399e-03 8.35576985e-03 -4.20262413e-03
1.31281000e+03 9.00669000e+02 1.75829000e+03 6.10283400e-04 1.03341071e-03 -4.31861246e-03
1.29121000e+03 9.21441000e+02 1.75080000e+03 1.22800013e-02 -3.34969263e-03 5.81997028e-03
1.31712000e+03 8.87971000e+02 1.76098000e+03 -1.44231001e-03 4.33365865e-03 -6.51121808e-03
1.32494000e+03 8.97254000e+02 1.75961000e+03 -4.52871227e-03 9.64424495e-04 -8.48758330e-03
1.25615000e+03 9.22891000e+02 1.73936000e+03 2.59014988e-02 -6.24964138e-04 1.72783081e-02
1.33228000e+03 9.51095000e+02 1.75044000e+03 -5.34135565e-03 -1.24195327e-02 -2.51430306e-03
1.31194000e+03 9.54560000e+02 1.74784000e+03 2.93570522e-03 -1.25768237e-02 4.50741373e-03
1.33011000e+03 9.39368000e+02 1.75232000e+03 -5.34411702e-03 -9.54345937e-03 -4.72097793e-03
1.30411000e+03 9.20048000e+02 1.75336000e+03 5.63836477e-03 -3.11677265e-03 9.03416498e-04
1.25892000e+03 9.11699000e+02 1.74513000e+03 2.39743047e-02 1.97869671e-03 1.55866665e-02
1.26133000e+03 8.59066000e+02 1.75908000e+03 2.16626984e-02 2.18805331e-02 1.35352211e-02
1.26640000e+03 8.48772000e+02 1.76243000e+03 1.93319545e-02 2.36193233e-02 1.15413016e-02
1.27295000e+03 8.59051000e+02 1.76195000e+03 1.62295469e-02 1.89740123e-02 8.44568782e-03
1.34815000e+03 9.23732000e+02 1.75583000e+03 -1.41491334e-02 -6.39653517e-03 -1.33676978e-02
1.32764000e+03 8.72704000e+02 1.76433000e+03 -6.65144228e-03 8.34928904e-03 -1.10773435e-02
1.35046000e+03 9.35572000e+02 1.75388000e+03 -1.34816787e-02 -9.76399957e-03 -1.23672533e-02
1.25168000e+03 9.32013000e+02 1.73372000e+03 2.87000233e-02 -2.22510638e-03 1.92034747e-02
1.26988000e+03 8.91059000e+02 1.75516000e+03 1.80100475e-02 7.95840553e-03 1.11829634e-02
1.34139000e+03 9.43375000e+02 1.75221000e+03 -9.33222895e-03 -1.08653386e-02 -7.77033833e-03
1.30175000e+03 8.47927000e+02 1.76771000e+03 4.07519342e-03 1.74537150e-02 -2.75251879e-03
1.30325000e+03 8.68208000e+02 1.76391000e+03 4.30117384e-03 1.19615945e-02 -2.33459695e-03
1.31572000e+03 8.67430000e+02 1.76481000e+03 -1.18834301e-03 1.08930015e-02 -7.23227058e-03
1.24736000e+03 8.89487000e+02 1.74796000e+03 2.79722851e-02 1.15400021e-02 1.98657367e-02
1.27899000e+03 9.43014000e+02 1.74143000e+03 1.77314146e-02 -7.38471192e-03 1.17127784e-02
1.32421000e+03 8.50188000e+02 1.76856000e+03 -4.93778705e-03 1.50683111e-02 -1.18921124e-02
1.25499000e+03 8.99798000e+02 1.74814000e+03 2.45362432e-02 6.80020010e-03 1.65311787e-02
1.30784000e+03 8.57722000e+02 1.76621000e+03 1.75719266e-03 1.43779747e-02 -4.63753587e-03
1.33470000e+03 8.95804000e+02 1.76029000e+03 -9.08528634e-03 1.28410385e-03 -1.24255655e-02
1.32243000e+03 9.06812000e+02 1.75770000e+03 -2.99717247e-03 -2.03245810e-03 -6.72603707e-03
1.31943000e+03 8.78348000e+02 1.76291000e+03 -2.40610798e-03 6.93488387e-03 -8.48598255e-03
1.31733000e+03 8.56993000e+02 1.76690000e+03 -2.02949318e-03 1.36904368e-02 -8.34916988e-03
1.24864000e+03 9.14865000e+02 1.73951000e+03 2.88479811e-02 3.37757350e-03 1.99025153e-02
1.29790000e+03 9.29131000e+02 1.75022000e+03 9.38776325e-03 -4.76256496e-03 4.28179608e-03
1.30510000e+03 9.09991000e+02 1.75571000e+03 4.73771990e-03 -9.16514082e-05 -1.95826606e-04
1.35217000e+03 8.50273000e+02 1.76951000e+03 -1.67673538e-02 1.32260077e-02 -2.17649743e-02
1.27275000e+03 9.50877000e+02 1.73747000e+03 2.07623230e-02 -8.51804087e-03 1.46763280e-02
1.24504000e+03 8.89476000e+02 1.69991000e+03 3.27883332e-02 5.98927099e-04 9.01385456e-03
1.25291000e+03 8.98565000e+02 1.69848000e+03 3.09707682e-02 -3.14462156e-03 5.39930396e-03
1.24524000e+03 8.58145000e+02 1.70581000e+03 3.06659461e-02 9.51585316e-03 7.16194371e-03
1.24884000e+03 9.09634000e+02 1.69629000e+03 3.35868693e-02 -4.68797308e-03 8.30386042e-03
1.26072000e+03 9.07658000e+02 1.69705000e+03 2.91452411e-02 -6.20360149e-03 3.01888782e-03
1.26849000e+03 9.16754000e+02 1.69562000e+03 2.70694925e-02 -8.97620226e-03 7.02570563e-04
1.27259000e+03 9.05691000e+02 1.69779000e+03 2.46803403e-02 -7.61608196e-03 -2.65893188e-03
1.28034000e+03 9.14793000e+02 1.69636000e+03 2.28351486e-02 -1.09444932e-02 -5.01097525e-03
1.28446000e+03 9.03729000e+02 1.69853000e+03 2.06707369e-02 -9.22156243e-03 -7.56381330e-03
1.29220000e+03 9.12834000e+02 1.69710000e+03 1.79103236e-02 -1.23493788e-02 -9.49546972e-03
1.29632000e+03 9.01770000e+02 1.69925000e+03 1.58653040e-02 -9.98089497e-03 -1.33376078e-02
1.30404000e+03 9.10876000e+02 1.69782000e+03 1.36291502e-02 -1.27605218e-02 -1.44421286e-02
1.30817000e+03 8.99811000e+02 1.69996000e+03 1.08580671e-02 -1.11273561e-02 -1.78133983e-02
1.31588000e+03 9.08919000e+02 1.69854000e+03 8.44023619e-03 -1.50436648e-02 -2.01102598e-02
1.32002000e+03 8.97853000e+02 1.70067000e+03 6.01808971e-03 -1.32518173e-02 -2.25007611e-02
1.31175000e+03 9.19984000e+02 1.69641000e+03 1.04451232e-02 -1.63391070e-02 -1.64327901e-02
1.32358000e+03 9.18027000e+02 1.69713000e+03 6.14020923e-03 -1.74846552e-02 -2.13659173e-02
1.24959000e+03 8.47056000e+02 1.70808000e+03 2.82220872e-02 1.22413380e-02 4.60102281e-03
1.31945000e+03 9.29093000e+02 1.69500000e+03 8.24335571e-03 -1.92910974e-02 -1.78542200e-02
1.33128000e+03 9.27138000e+02 1.69574000e+03 3.80156866e-03 -2.04311987e-02 -2.28593919e-02
1.34311000e+03 9.25183000e+02 1.69647000e+03 -1.66502237e-03 -2.05660234e-02 -2.62403638e-02
1.31231000e+03 8.88745000e+02 1.70209000e+03 8.62092065e-03 -9.57150870e-03 -2.07211996e-02
1.32415000e+03 8.86786000e+02 1.70279000e+03 3.64187978e-03 -1.13420985e-02 -2.52356861e-02
1.31645000e+03 8.77681000e+02 1.70423000e+03 6.49509710e-03 -8.31593784e-03 -2.35906456e-02
1.32829000e+03 8.75724000e+02 1.70493000e+03 2.12657519e-03 -8.70752765e-03 -2.85241768e-02
1.32059000e+03 8.66624000e+02 1.70638000e+03 4.61689387e-03 -5.89064354e-03 -2.53006980e-02
1.33243000e+03 8.64670000e+02 1.70708000e+03 -3.89849600e-04 -6.78223336e-03 -3.05994462e-02
1.32473000e+03 8.55579000e+02 1.70856000e+03 1.48621632e-03 -3.69817897e-03 -2.79824185e-02
1.33656000e+03 8.53627000e+02 1.70928000e+03 -4.11140025e-03 -5.09672714e-03 -3.31380074e-02
1.34426000e+03 8.62716000e+02 1.70780000e+03 -6.31698512e-03 -7.68578153e-03 -3.52228905e-02
1.30874000e+03 8.68579000e+02 1.70568000e+03 9.00789683e-03 -5.17445894e-03 -2.05880181e-02
1.31703000e+03 8.46497000e+02 1.71007000e+03 3.69902948e-03 -6.38954299e-04 -2.50271418e-02
1.27670000e+03 8.94623000e+02 1.69996000e+03 2.24388908e-02 -4.98855645e-03 -5.20767658e-03
1.25742000e+03 8.56202000e+02 1.70653000e+03 2.63956648e-02 7.91748739e-03 8.32064570e-04
1.33599000e+03 8.84828000e+02 1.70349000e+03 -1.55590161e-03 -1.20836883e-02 -2.99513450e-02
1.25698000e+03 8.87487000e+02 1.70066000e+03 2.83825279e-02 -6.57993466e-04 2.43599858e-03
1.29334000e+03 8.50387000e+02 1.70866000e+03 1.35900418e-02 3.05909669e-03 -1.49512392e-02
1.28143000e+03 8.52329000e+02 1.70795000e+03 1.80788676e-02 4.69512660e-03 -1.01764951e-02
1.28915000e+03 8.61429000e+02 1.70645000e+03 1.58695290e-02 1.26343578e-03 -1.31498818e-02
1.27722000e+03 8.63378000e+02 1.70574000e+03 2.02721711e-02 2.74865526e-03 -7.92233609e-03
1.28498000e+03 8.72486000e+02 1.70427000e+03 1.81583203e-02 -1.18824443e-03 -1.06497175e-02
1.27305000e+03 8.74442000e+02 1.70356000e+03 2.23717788e-02 3.24975052e-04 -5.38277817e-03
1.30103000e+03 8.59480000e+02 1.70715000e+03 1.15320829e-02 -7.29533191e-04 -1.82272077e-02
1.28083000e+03 8.83553000e+02 1.70211000e+03 2.04503144e-02 -3.39166736e-03 -8.18558455e-03
1.29272000e+03 8.81595000e+02 1.70283000e+03 1.57591409e-02 -4.66478427e-03 -1.29245633e-02
1.28858000e+03 8.92662000e+02 1.70068000e+03 1.81749389e-02 -6.31607856e-03 -1.04653343e-02
1.26891000e+03 8.85516000e+02 1.70139000e+03 2.43577852e-02 -1.91276610e-03 -2.39125560e-03
1.26480000e+03 8.96590000e+02 1.69922000e+03 2.64277916e-02 -4.20429161e-03 2.04855045e-04
1.26108000e+03 8.76405000e+02 1.70284000e+03 2.65182496e-02 1.26785026e-03 -1.25029353e-04
1.25320000e+03 8.67286000e+02 1.70431000e+03 2.86292462e-02 5.73588742e-03 3.44869551e-03
1.33542000e+03 9.16071000e+02 1.69785000e+03 8.28554751e-04 -1.87887981e-02 -2.52881209e-02
1.34725000e+03 9.14115000e+02 1.69857000e+03 -3.84109973e-03 -1.92953463e-02 -3.00800205e-02
1.33955000e+03 9.05003000e+02 1.69996000e+03 -1.34371864e-03 -1.65108027e-02 -2.82318735e-02
1.35138000e+03 9.03047000e+02 1.70068000e+03 -6.42337312e-03 -1.80703509e-02 -3.38630731e-02
1.34369000e+03 8.93936000e+02 1.70208000e+03 -3.93392857e-03 -1.52386787e-02 -3.16734025e-02
1.34782000e+03 8.82871000e+02 1.70420000e+03 -6.09461955e-03 -1.31249599e-02 -3.46811722e-02
1.33185000e+03 8.95894000e+02 1.70137000e+03 1.40004884e-03 -1.37338123e-02 -2.68548436e-02
1.32772000e+03 9.06961000e+02 1.69925000e+03 3.34025878e-03 -1.55465311e-02 -2.45697187e-02
1.35196000e+03 8.71812000e+02 1.70635000e+03 -8.69934173e-03 -1.04646656e-02 -3.72379799e-02
1.26946000e+03 8.54269000e+02 1.70725000e+03 2.21839784e-02 7.01444866e-03 -4.38128235e-03
1.26524000e+03 8.65328000e+02 1.70503000e+03 2.44490727e-02 4.16384869e-03 -2.36294284e-03
1.24908000e+03 8.78383000e+02 1.70210000e+03 3.04380047e-02 2.63806299e-03 5.57124625e-03
1.35080000e+03 9.34298000e+02 1.69510000e+03 -4.65501708e-03 -2.43465254e-02 -2.79726238e-02
1.26170000e+03 8.45160000e+02 1.70878000e+03 2.35853935e-02 1.11856889e-02 -1.61022861e-03
1.29687000e+03 8.70532000e+02 1.70498000e+03 1.35603808e-02 -2.67608476e-03 -1.53065856e-02
1.35494000e+03 9.23229000e+02 1.69719000e+03 -6.74515789e-03 -2.27465716e-02 -3.09997081e-02
1.34013000e+03 8.73768000e+02 1.70563000e+03 -3.45368725e-03 -1.02431175e-02 -3.26220803e-02
1.30459000e+03 8.79638000e+02 1.70353000e+03 1.11286190e-02 -6.58615845e-03 -1.84521064e-02
1.31288000e+03 8.57530000e+02 1.70785000e+03 6.82137738e-03 -2.14371779e-03 -2.26825492e-02
1.30519000e+03 8.48443000e+02 1.70936000e+03 8.31389315e-03 1.45991209e-03 -2.02731149e-02
1.29991000e+03 9.21940000e+02 1.69567000e+03 1.56811697e-02 -1.57434109e-02 -1.15839866e-02
1.34839000e+03 8.51676000e+02 1.71001000e+03 -9.02695336e-03 -6.42955188e-03 -3.75725687e-02
1.30045000e+03 8.90704000e+02 1.70139000e+03 1.33959615e-02 -8.27072931e-03 -1.56518051e-02
1.28730000e+03 8.47539000e+02 1.69642000e+03 1.38699812e-02 8.97874545e-04 -1.54409066e-02
1.30111000e+03 8.49415000e+02 1.69725000e+03 9.44449344e-03 -1.92848407e-03 -2.18626103e-02
1.34586000e+03 8.65149000e+02 1.69608000e+03 -6.64393121e-03 -1.24918040e-02 -3.88708361e-02
1.29358000e+03 8.61594000e+02 1.69742000e+03 1.37833540e-02 -2.99131001e-03 -1.71565791e-02
1.31930000e+03 8.62281000e+02 1.69673000e+03 4.14414177e-03 -7.46902272e-03 -2.80766010e-02
1.26413000e+03 8.53935000e+02 1.69706000e+03 2.34320624e-02 4.27729903e-03 -4.75330147e-03
1.32979000e+03 8.50201000e+02 1.69973000e+03 -1.46117049e-03 -6.46992790e-03 -3.36201706e-02
1.33681000e+03 8.76297000e+02 1.69645000e+03 -1.93251383e-03 -1.24667535e-02 -3.34747154e-02
1.34303000e+03 8.53724000e+02 1.69908000e+03 -6.63828481e-03 -9.04745073e-03 -3.83228962e-02
1.29886000e+03 8.72698000e+02 1.69557000e+03 1.26278720e-02 -6.44319235e-03 -1.79844708e-02
1.31502000e+03 8.46448000e+02 1.69962000e+03 3.66316163e-03 -3.58438284e-03 -2.70214982e-02
1.28193000e+03 8.57644000e+02 1.69842000e+03 1.74518100e-02 5.87961387e-04 -1.20838951e-02
1.32271000e+03 8.53920000e+02 1.73832000e+03 -1.27963091e-03 7.72088661e-03 -2.00584991e-02
1.32772000e+03 9.06159000e+02 1.72593000e+03 -5.29839231e-04 -7.19142833e-03 -1.75718998e-02
1.34071000e+03 9.52242000e+02 1.71885000e+03 -2.87648893e-03 -1.82312449e-02 -1.42922306e-02
1.34798000e+03 9.25086000e+02 1.72783000e+03 -8.52092770e-03 -1.24630189e-02 -2.11260822e-02
1.34814000e+03 8.83610000e+02 1.73138000e+03 -9.90966191e-03 -4.00071901e-03 -2.70976606e-02
1.29402000e+03 8.47393000e+02 1.73613000e+03 9.73968015e-03 1.25579046e-02 -9.08761549e-03
1.32008000e+03 9.31312000e+02 1.72391000e+03 4.18442966e-03 -1.16961421e-02 -1.00519988e-02
1.30351000e+03 8.74844000e+02 1.73625000e+03 7.79328201e-03 4.95613135e-03 -1.04202663e-02
1.29539000e+03 9.04356000e+02 1.72604000e+03 1.23231641e-02 -3.25151912e-03 -5.43551632e-03
1.27640000e+03 8.69222000e+02 1.73490000e+03 1.79159553e-02 9.52394059e-03 -1.19480828e-04
1.29465000e+03 9.29581000e+02 1.71907000e+03 1.46521481e-02 -9.16173328e-03 -2.65936641e-03
1.27264000e+03 8.95286000e+02 1.72544000e+03 2.11664524e-02 1.52121931e-03 1.82387388e-03
1.27956000e+03 9.53942000e+02 1.71551000e+03 2.24060976e-02 -1.32107372e-02 7.14909103e-03
1.31874000e+03 8.78538000e+02 1.73384000e+03 2.35303905e-03 1.51092245e-03 -1.67590534e-02
1.26960000e+03 9.18528000e+02 1.72047000e+03 2.33566847e-02 -4.35550810e-03 5.79269347e-03
1.25329000e+03 8.80126000e+02 1.72581000e+03 2.73474999e-02 8.64290203e-03 8.85057968e-03
1.34599000e+03 8.60793000e+02 1.73227000e+03 -1.01166373e-02 1.10054553e-03 -2.91247631e-02
1.24707000e+03 8.59069000e+02 1.72795000e+03 2.79977041e-02 1.64116739e-02 1.14434717e-02
1.25233000e+03 9.07554000e+02 1.71888000e+03 2.97883317e-02 6.42666933e-04 1.13557461e-02
1.26488000e+03 9.30848000e+02 1.70894000e+03 2.72214816e-02 -8.42387903e-03 7.13120758e-03
1.34185000e+03 8.99042000e+02 1.73104000e+03 -6.81371929e-03 -6.01519350e-03 -2.28478529e-02
1.31237000e+03 9.15537000e+02 1.71443000e+03 7.58298280e-03 -1.02443687e-02 -1.33477286e-02
1.32052000e+03 9.54368000e+02 1.73573000e+03 2.37127213e-03 -1.46962222e-02 -2.10680662e-03
1.34173000e+03 8.52025000e+02 1.74801000e+03 -1.04342920e-02 8.32859931e-03 -2.44588693e-02
1.30897000e+03 8.87958000e+02 1.72033000e+03 7.61016032e-03 -3.04631876e-03 -1.52714384e-02
1.28734000e+03 8.91093000e+02 1.74169000e+03 1.32529161e-02 3.76644870e-03 -1.05013580e-03
1.30893000e+03 8.46512000e+02 1.74815000e+03 2.89345666e-03 1.36736339e-02 -1.24189076e-02
1.33418000e+03 9.37490000e+02 1.73107000e+03 -3.02386419e-03 -1.19408204e-02 -1.20233360e-02
1.34075000e+03 9.12999000e+02 1.71906000e+03 -4.31033433e-03 -1.16714321e-02 -2.27970026e-02
1.30420000e+03 8.61189000e+02 1.72956000e+03 7.28423923e-03 5.05611838e-03 -1.41838012e-02
1.33400000e+03 9.35527000e+02 1.71320000e+03 -1.99236678e-05 -1.61618779e-02 -1.72000558e-02
1.32369000e+03 8.93046000e+02 1.73558000e+03 3.44499074e-05 -1.85062163e-03 -1.62151685e-02
1.31598000e+03 8.72209000e+02 1.74803000e+03 7.80637205e-04 5.79662679e-03 -1.26656996e-02
1.28375000e+03 8.82741000e+02 1.71693000e+03 1.72111078e-02 4.47772945e-04 -6.36390285e-03
1.33461000e+03 8.67491000e+02 1.74360000e+03 -6.44674477e-03 4.36805755e-03 -2.10284914e-02
1.30664000e+03 9.44942000e+02 1.72368000e+03 1.03206351e-02 -1.23453850e-02 -2.80088783e-03
1.32806000e+03 9.21742000e+02 1.74095000e+03 -2.28881043e-03 -6.71606403e-03 -1.07977510e-02
1.31985000e+03 9.50851000e+02 1.70918000e+03 7.72313261e-03 -1.82490697e-02 -9.37381110e-03
1.30646000e+03 9.26024000e+02 1.73069000e+03 8.05140018e-03 -7.83055661e-03 -5.11493740e-03
1.28919000e+03 8.69788000e+02 1.74899000e+03 1.14016204e-02 1.11065144e-02 -1.43361021e-03
1.34637000e+03 9.42672000e+02 1.70600000e+03 -4.04780888e-03 -2.10004988e-02 -2.18791607e-02
1.33903000e+03 8.84280000e+02 1.71710000e+03 -4.08688670e-03 -6.79792013e-03 -2.74535094e-02
1.24797000e+03 9.23663000e+02 1.71384000e+03 3.27840735e-02 -2.76661237e-03 1.51378107e-02
1.24913000e+03 9.52730000e+02 1.70802000e+03 3.46034323e-02 -1.04856423e-02 1.81070648e-02
1.29885000e+03 9.44237000e+02 1.70649000e+03 1.59546703e-02 -1.48806154e-02 -4.86809009e-03
1.32925000e+03 9.20098000e+02 1.71250000e+03 9.90298798e-04 -1.34819932e-02 -1.90853926e-02
1.28080000e+03 8.54381000e+02 1.72865000e+03 1.55315455e-02 1.10690918e-02 -4.91689184e-03
1.35252000e+03 8.64884000e+02 1.74952000e+03 -1.50142532e-02 4.23905988e-03 -2.62823124e-02
1.28991000e+03 9.13657000e+02 1.71107000e+03 1.71370271e-02 -8.36754496e-03 -5.55769758e-03
1.31078000e+03 9.07576000e+02 1.73794000e+03 5.21241572e-03 -3.02402082e-03 -8.14907656e-03
1.27938000e+03 9.10024000e+02 1.73489000e+03 1.83274077e-02 -7.63029834e-04 3.78180857e-03
1.25995000e+03 8.60517000e+02 1.74284000e+03 2.25435476e-02 1.67257687e-02 8.70890033e-03
1.28043000e+03 8.58201000e+02 1.74823000e+03 1.47459368e-02 1.51845688e-02 1.12400616e-03
1.26554000e+03 8.61421000e+02 1.72011000e+03 2.26126824e-02 9.56393271e-03 3.16580786e-04
1.33651000e+03 8.87053000e+02 1.74902000e+03 -7.31206513e-03 1.33114507e-03 -1.80090141e-02
1.29582000e+03 8.74331000e+02 1.71759000e+03 1.23689529e-02 4.01609287e-04 -1.21764981e-02
1.27804000e+03 9.34682000e+02 1.72793000e+03 2.01830712e-02 -7.00583324e-03 6.66051525e-03
1.25655000e+03 8.95150000e+02 1.73185000e+03 2.61205109e-02 5.34095076e-03 1.06895075e-02
1.26547000e+03 8.84238000e+02 1.73875000e+03 2.14998200e-02 8.27856386e-03 7.21936559e-03
1.26821000e+03 8.82137000e+02 1.71817000e+03 2.27290754e-02 3.83777934e-03 2.60768544e-04
1.30635000e+03 9.29724000e+02 1.70992000e+03 1.14496169e-02 -1.27505715e-02 -8.80196161e-03
1.32922000e+03 8.66478000e+02 1.72098000e+03 -1.60418723e-03 -1.25974291e-03 -2.59927660e-02
1.28012000e+03 9.32617000e+02 1.70885000e+03 2.22542639e-02 -1.03898477e-02 1.01937619e-03
1.30778000e+03 8.60328000e+02 1.74739000e+03 3.74531451e-03 1.02270541e-02 -1.05949371e-02
1.34472000e+03 8.69561000e+02 1.71879000e+03 -7.70328433e-03 -5.25109570e-03 -3.18295590e-02
1.31159000e+03 8.71203000e+02 1.71841000e+03 6.32622893e-03 -1.11905132e-03 -1.81731780e-02
1.34374000e+03 9.14953000e+02 1.74437000e+03 -1.02244531e-02 -6.47928056e-03 -1.64746486e-02
1.35146000e+03 8.92305000e+02 1.71875000e+03 -9.54591306e-03 -9.26187692e-03 -3.09052998e-02
1.26537000e+03 9.04767000e+02 1.71028000e+03 2.58707461e-02 -2.89708447e-03 2.75768237e-03
1.28630000e+03 8.96558000e+02 1.71248000e+03 1.76945585e-02 -4.01982309e-03 -6.58087522e-03
1.25263000e+03 8.48138000e+02 1.74354000e+03 2.47287370e-02 2.18847939e-02 1.17950398e-02
1.25977000e+03 8.93627000e+02 1.71452000e+03 2.63830368e-02 1.54373012e-03 5.21570560e-03
1.30332000e+03 8.92946000e+02 1.73683000e+03 7.94699884e-03 1.08339109e-03 -7.80013809e-03
1.32412000e+03 8.54915000e+02 1.75498000e+03 -3.50302789e-03 1.12832505e-02 -1.51671405e-02
1.35336000e+03 9.33710000e+02 1.74113000e+03 -1.28298959e-02 -1.15848575e-02 -1.72835038e-02
1.35171000e+03 8.92310000e+02 1.74869000e+03 -1.44795159e-02 -1.37580667e-03 -2.23593609e-02
1.26272000e+03 9.08203000e+02 1.73356000e+03 2.44639681e-02 1.64767219e-03 1.04204662e-02
1.34353000e+03 8.45576000e+02 1.72461000e+03 -8.91697159e-03 1.97771856e-03 -3.23226467e-02
1.32635000e+03 8.95012000e+02 1.71557000e+03 1.57983232e-03 -7.70941250e-03 -2.17093514e-02
1.32660000e+03 9.08194000e+02 1.74460000e+03 -2.48777931e-03 -3.96017410e-03 -1.13556720e-02
1.25468000e+03 9.22061000e+02 1.72515000e+03 2.85986836e-02 -1.85551976e-03 1.41048368e-02
1.28877000e+03 9.21945000e+02 1.73655000e+03 1.45201150e-02 -4.53544747e-03 2.91497935e-03
1.26159000e+03 9.16287000e+02 1.70787000e+03 2.77891847e-02 -5.47260025e-03 5.82709702e-03
1.30295000e+03 9.05196000e+02 1.71035000e+03 1.19916903e-02 -8.32123601e-03 -1.26552889e-02
1.27876000e+03 8.80944000e+02 1.74694000e+03 1.55965518e-02 8.98257640e-03 3.08738024e-03
1.29829000e+03 8.90319000e+02 1.71179000e+03 1.27761957e-02 -4.61889106e-03 -1.21462947e-02
1.29478000e+03 8.82516000e+02 1.74799000e+03 9.73886991e-03 6.11368490e-03 -3.16700965e-03
1.31580000e+03 9.43504000e+02 1.73815000e+03 3.82285563e-03 -1.18884127e-02 -2.44799972e-03
1.28711000e+03 9.48340000e+02 1.72933000e+03 1.73395899e-02 -1.03140267e-02 7.07995397e-03
1.31965000e+03 9.35417000e+02 1.70688000e+03 7.22442176e-03 -1.65295621e-02 -1.37238946e-02
1.25027000e+03 8.67440000e+02 1.71725000e+03 2.86595489e-02 1.01292748e-02 7.83271927e-03
1.29440000e+03 8.55030000e+02 1.75475000e+03 8.05832077e-03 1.52893234e-02 -3.45734760e-03
1.35096000e+03 8.49200000e+02 1.73900000e+03 -1.38437009e-02 4.35680186e-03 -3.11918697e-02
1.29425000e+03 9.05150000e+02 1.74366000e+03 1.09587934e-02 -3.82035130e-04 -4.04103311e-04
1.26779000e+03 9.47216000e+02 1.70309000e+03 2.82333065e-02 -1.33891672e-02 7.24804594e-03
1.34958000e+03 8.77945000e+02 1.75100000e+03 -1.41402116e-02 2.23899490e-03 -2.32304116e-02
1.34517000e+03 9.45666000e+02 1.74071000e+03 -8.61833359e-03 -1.32721096e-02 -1.17321778e-02
1.34826000e+03 9.39474000e+02 1.72253000e+03 -7.60765238e-03 -1.56670892e-02 -1.91970600e-02
1.27879000e+03 8.68839000e+02 1.71826000e+03 1.83807613e-02 5.09000386e-03 -5.31532349e-03
1.27442000e+03 8.97215000e+02 1.74229000e+03 1.85156842e-02 4.00932117e-03 5.80561737e-03
1.30040000e+03 9.19207000e+02 1.70676000e+03 1.37696218e-02 -1.11532752e-02 -1.00232688e-02
1.35288000e+03 8.54299000e+02 1.75769000e+03 -1.67079898e-02 8.79468722e-03 -2.50294081e-02
1.32270000e+03 8.82246000e+02 1.71529000e+03 2.70481391e-03 -5.18357062e-03 -2.29472740e-02
1.35020000e+03 9.12177000e+02 1.72892000e+03 -9.82090707e-03 -1.01052085e-02 -2.34253928e-02
1.33569000e+03 9.15178000e+02 1.73140000e+03 -3.74982533e-03 -7.22676036e-03 -1.73223262e-02
1.32569000e+03 9.47112000e+02 1.72256000e+03 2.65065907e-03 -1.48424811e-02 -8.63984293e-03
1.30940000e+03 8.50049000e+02 1.73375000e+03 3.96451006e-03 8.35394416e-03 -1.56202705e-02
1.28814000e+03 8.76568000e+02 1.73356000e+03 1.39833544e-02 4.84271959e-03 -4.94457628e-03
1.31588000e+03 8.65336000e+02 1.73319000e+03 2.69114081e-03 4.48000924e-03 -1.71467486e-02
1.30140000e+03 9.15646000e+02 1.72301000e+03 1.06910761e-02 -6.97118540e-03 -6.86575391e-03
1.32857000e+03 8.47092000e+02 1.72030000e+03 -2.72811466e-03 1.72172532e-03 -2.75788723e-02
1.31293000e+03 9.03067000e+02 1.72303000e+03 6.11169952e-03 -5.59152979e-03 -1.39094379e-02
1.33500000e+03 9.26228000e+02 1.72439000e+03 -1.93117008e-03 -1.17858422e-02 -1.69081386e-02
1.25575000e+03 8.75577000e+02 1.74310000e+03 2.51982026e-02 1.33273890e-02 1.20109888e-02
1.27077000e+03 8.69152000e+02 1.74790000e+03 1.85459587e-02 1.35132615e-02 5.59792082e-03
1.26717000e+03 9.44671000e+02 1.72218000e+03 2.56787201e-02 -8.77026848e-03 1.20116045e-02
1.32371000e+03 9.07365000e+02 1.71093000e+03 3.02113048e-03 -1.13700584e-02 -1.99308513e-02
1.28487000e+03 9.47566000e+02 1.70208000e+03 2.22219226e-02 -1.51641322e-02 5.02237506e-04
1.32522000e+03 8.81568000e+02 1.75100000e+03 -3.22911972e-03 3.19689990e-03 -1.38761272e-02
1.31007000e+03 8.83465000e+02 1.74944000e+03 3.71169165e-03 4.21715003e-03 -8.10593991e-03
1.34321000e+03 9.26379000e+02 1.70799000e+03 -3.30050700e-03 -1.71495836e-02 -2.41051254e-02
1.25184000e+03 9.38529000e+02 1.70267000e+03 3.32534467e-02 -9.39186333e-03 1.26678262e-02
1.35449000e+03 8.80218000e+02 1.71587000e+03 -1.06947787e-02 -8.22344479e-03 -3.47173981e-02
1.27340000e+03 8.93744000e+02 1.71150000e+03 2.25235955e-02 -1.59044164e-03 -1.82887577e-03
1.29355000e+03 9.33322000e+02 1.70330000e+03 1.78449907e-02 -1.39081507e-02 -4.93466319e-03
1.30951000e+03 9.48166000e+02 1.70222000e+03 1.26668656e-02 -1.83765633e-02 -7.77766134e-03
1.27154000e+03 9.21818000e+02 1.73378000e+03 2.14124602e-02 -2.97801596e-03 8.76931498e-03
1.34857000e+03 9.53435000e+02 1.70145000e+03 -3.09184633e-03 -2.44615115e-02 -2.12338594e-02
1.31903000e+03 9.16844000e+02 1.72886000e+03 3.84125692e-03 -7.31259298e-03 -1.16022275e-02
1.32070000e+03 9.30555000e+02 1.74179000e+03 1.33151062e-03 -8.52953177e-03 -5.45088182e-03
1.24640000e+03 9.36108000e+02 1.71713000e+03 3.36277955e-02 -5.04922313e-03 1.81448300e-02
1.33876000e+03 8.61850000e+02 1.75689000e+03 -9.81798287e-03 8.03065456e-03 -1.89143557e-02
1.29462000e+03 9.37805000e+02 1.73521000e+03 1.26687171e-02 -8.23433799e-03 2.90839928e-03
1.32982000e+03 9.44023000e+02 1.70365000e+03 3.53181305e-03 -1.98901289e-02 -1.57361179e-02
1.30056000e+03 9.16248000e+02 1.74231000e+03 9.16295325e-03 -3.51500935e-03 -1.74067035e-03
1.24861000e+03 8.62810000e+02 1.74144000e+03 2.67039762e-02 1.85019792e-02 1.40338257e-02
1.31520000e+03 8.56292000e+02 1.72045000e+03 3.93715046e-03 1.77380907e-03 -2.14209111e-02
1.33569000e+03 8.52838000e+02 1.73217000e+03 -6.05583137e-03 3.78794351e-03 -2.65229833e-02
1.28541000e+03 8.96810000e+02 1.73026000e+03 1.57474139e-02 5.76366018e-04 -1.52075184e-03
1.27878000e+03 8.84474000e+02 1.73145000e+03 1.76301556e-02 5.00179865e-03 -6.98497383e-04
1.27787000e+03 9.13595000e+02 1.70716000e+03 2.19395854e-02 -7.23327939e-03 -1.59472700e-03
1.35170000e+03 8.71091000e+02 1.73652000e+03 -1.26008348e-02 -1.98622351e-04 -2.91981175e-02
1.27848000e+03 9.06663000e+02 1.72019000e+03 1.95894567e-02 -3.22393632e-03 2.78810036e-04
1.33875000e+03 9.30141000e+02 1.74356000e+03 -6.53861014e-03 -8.35307863e-03 -1.20445060e-02
1.33545000e+03 8.78372000e+02 1.73312000e+03 -4.90292060e-03 -4.56056016e-04 -2.34031860e-02
1.35301000e+03 9.05022000e+02 1.71271000e+03 -9.07172102e-03 -1.35000190e-02 -3.06749978e-02
1.31709000e+03 9.22176000e+02 1.70579000e+03 7.24202896e-03 -1.44291497e-02 -1.61673877e-02
1.26157000e+03 8.71438000e+02 1.71439000e+03 2.50990087e-02 6.37126362e-03 1.76860201e-03
1.28373000e+03 9.19277000e+02 1.72271000e+03 1.80201246e-02 -5.72689676e-03 1.37892792e-04
1.26089000e+03 8.69827000e+02 1.73059000e+03 2.42804270e-02 1.10206607e-02 5.52781634e-03
1.24774000e+03 9.12557000e+02 1.70562000e+03 3.27674342e-02 -2.61358909e-03 1.11449400e-02
1.26147000e+03 9.33186000e+02 1.72605000e+03 2.65947436e-02 -5.59027279e-03 1.33383257e-02
1.31342000e+03 8.97562000e+02 1.70947000e+03 7.48707895e-03 -9.22164123e-03 -1.80838862e-02
1.29132000e+03 8.63407000e+02 1.73451000e+03 1.18247307e-02 8.43730237e-03 -7.45713811e-03
1.32566000e+03 8.67766000e+02 1.75501000e+03 -4.20405315e-03 7.55582337e-03 -1.43269284e-02
1.30312000e+03 8.71979000e+02 1.75308000e+03 5.52996420e-03 8.58585547e-03 -5.09534954e-03
1.33790000e+03 9.00811000e+02 1.71130000e+03 -2.50874690e-03 -1.17312966e-02 -2.60315572e-02
1.29431000e+03 8.86881000e+02 1.72747000e+03 1.25227394e-02 4.97168083e-04 -7.21119866e-03
1.27568000e+03 9.51096000e+02 1.72887000e+03 2.15127308e-02 -9.80746101e-03 1.11304204e-02
1.29729000e+03 8.93664000e+02 1.74935000e+03 8.48688077e-03 3.30677901e-03 -1.99938350e-03
1.27009000e+03 8.57969000e+02 1.73610000e+03 1.90515166e-02 1.41910634e-02 1.93649932e-03
1.34286000e+03 8.57557000e+02 1.71861000e+03 -7.74954010e-03 -3.01648671e-03 -3.24026181e-02
1.24863000e+03 8.87565000e+02 1.73803000e+03 2.84852200e-02 9.62710111e-03 1.53702746e-02
1.28933000e+03 9.41736000e+02 1.71698000e+03 1.80070829e-02 -1.17475020e-02 1.32932272e-03
1.25467000e+03 9.46680000e+02 1.71870000e+03 3.09052300e-02 -8.19253528e-03 1.71868362e-02
1.25425000e+03 8.81973000e+02 1.71130000e+03 2.82741904e-02 4.10910998e-03 5.42208118e-03
1.33455000e+03 8.47668000e+02 1.75942000e+03 -9.13250649e-03 1.25330875e-02 -1.84462185e-02
1.31275000e+03 8.98326000e+02 1.74880000e+03 2.67135261e-03 9.34473724e-05 -6.97188971e-03
1.25533000e+03 8.53408000e+02 1.71710000e+03 2.59554820e-02 1.27444604e-02 4.03052071e-03
1.34007000e+03 9.11579000e+02 1.70762000e+03 -2.45554117e-03 -1.54055868e-02 -2.57852057e-02
1.25962000e+03 8.54899000e+02 1.73066000e+03 2.32575544e-02 1.54552629e-02 5.37405269e-03
1.32882000e+03 9.44500000e+02 1.74177000e+03 -2.06266464e-03 -1.19899470e-02 -5.59822787e-03
1.31229000e+03 9.19709000e+02 1.74420000e+03 3.91496077e-03 -4.78196870e-03 -4.01731049e-03
1.33877000e+03 8.99985000e+02 1.74917000e+03 -8.54342491e-03 -1.43442575e-03 -1.57766479e-02
1.27088000e+03 8.50947000e+02 1.71910000e+03 1.97826994e-02 1.05862495e-02 -3.09122434e-03
1.24723000e+03 8.89606000e+02 1.72214000e+03 3.03303009e-02 6.47484627e-03 1.25182796e-02
1.30768000e+03 9.35984000e+02 1.74020000e+03 6.38238939e-03 -8.91114189e-03 -1.08135542e-03
1.29737000e+03 8.59337000e+02 1.71787000e+03 1.14168382e-02 3.14267301e-03 -1.40574080e-02
1.26652000e+03 8.55055000e+02 1.75072000e+03 1.94218060e-02 1.91980530e-02 7.72192481e-03
1.25580000e+03 9.25922000e+02 1.70199000e+03 3.09165264e-02 -7.69559264e-03 8.57597651e-03
1.34783000e+03 9.51849000e+02 1.77919000e+03 -4.39322818e-02 -4.36257684e-03 -4.59292983e-03
1.34178000e+03 8.71796000e+02 1.79080000e+03 -3.21499285e-02 1.14271688e-02 -1.09481764e-02
1.34631000e+03 9.33644000e+02 1.77854000e+03 -3.76893528e-02 -2.83319172e-03 -8.31412714e-03
1.34331000e+03 9.03228000e+02 1.78643000e+03 -3.59063259e-02 3.24102864e-03 -9.02105970e-03
1.32546000e+03 8.47980000e+02 1.79368000e+03 -2.24361324e-02 1.80562107e-02 -6.21117656e-03
1.32916000e+03 8.84308000e+02 1.78524000e+03 -2.50693389e-02 7.04056670e-03 -6.52791216e-03
1.32330000e+03 9.34885000e+02 1.77385000e+03 -2.31084036e-02 -6.05687036e-03 9.59040978e-04
1.31547000e+03 8.64967000e+02 1.78291000e+03 -1.37062455e-02 1.26342738e-02 -3.19069118e-03
1.32638000e+03 9.14984000e+02 1.77688000e+03 -2.30886881e-02 -1.26286691e-03 -3.32789142e-03
1.34284000e+03 8.87399000e+02 1.79147000e+03 -3.67384136e-02 8.28159083e-03 -9.93596055e-03
1.34703000e+03 8.47079000e+02 1.78133000e+03 -2.35928314e-02 1.61218196e-02 -1.77332689e-02
1.31281000e+03 9.44065000e+02 1.76913000e+03 -1.60548636e-02 -7.58039459e-03 5.26820442e-03
1.31288000e+03 8.98301000e+02 1.77711000e+03 -1.38610825e-02 1.82573651e-03 -6.99032811e-04
1.29975000e+03 8.54598000e+02 1.78190000e+03 -4.52298326e-03 1.72862154e-02 1.55847807e-03
1.29979000e+03 8.76661000e+02 1.77844000e+03 -6.00527638e-03 9.08453054e-03 2.88496553e-03
1.31332000e+03 9.25226000e+02 1.77367000e+03 -1.57901814e-02 -3.06229302e-03 2.13646554e-03
1.35121000e+03 8.89224000e+02 1.77656000e+03 -2.89605907e-02 6.18912336e-03 -1.51622126e-02
1.34288000e+03 9.41328000e+02 1.76373000e+03 -2.34132035e-02 -6.97057438e-03 -6.83304506e-03
1.33311000e+03 9.46707000e+02 1.78854000e+03 -4.40878059e-02 -4.52964393e-03 2.01670676e-03
1.35364000e+03 9.04689000e+02 1.80369000e+03 -5.75815672e-02 1.13102468e-02 -8.91305805e-03
1.29085000e+03 9.49018000e+02 1.76094000e+03 1.02788001e-03 -9.57872543e-03 1.24056192e-02
1.32890000e+03 8.98485000e+02 1.78007000e+03 -2.33023619e-02 2.74301953e-03 -4.99011106e-03
1.30012000e+03 9.33790000e+02 1.76495000e+03 -4.15807027e-03 -6.31800029e-03 6.97236917e-03
1.32523000e+03 8.64912000e+02 1.79749000e+03 -2.90383220e-02 1.27925165e-02 -4.06459147e-03
1.30123000e+03 9.08555000e+02 1.77180000e+03 -6.49529673e-03 -5.46474436e-04 3.69309563e-03
1.32985000e+03 8.59201000e+02 1.77908000e+03 -1.57643229e-02 1.30288954e-02 -9.78057863e-03
1.34601000e+03 9.40996000e+02 1.79476000e+03 -5.45696175e-02 1.20205028e-03 -4.21807131e-03
1.28771000e+03 8.65351000e+02 1.77880000e+03 3.32960807e-04 1.49730785e-02 6.55366251e-03
1.29991000e+03 8.91584000e+02 1.77576000e+03 -7.21253854e-03 5.01351469e-03 3.38134796e-03
1.34066000e+03 9.17165000e+02 1.77153000e+03 -2.55358911e-02 -1.54325838e-03 -9.79644644e-03
1.33485000e+03 9.21381000e+02 1.78947000e+03 -3.86505979e-02 -4.41858453e-04 -3.34713399e-03
1.27594000e+03 9.42762000e+02 1.75721000e+03 1.16066978e-02 -7.47073385e-03 1.69795210e-02
1.34033000e+03 8.79587000e+02 1.77763000e+03 -2.31281632e-02 7.17566002e-03 -1.27878219e-02
1.33172000e+03 8.96680000e+02 1.79491000e+03 -3.71166231e-02 5.18185458e-03 -4.02305333e-03
1.31006000e+03 8.53695000e+02 1.79618000e+03 -1.87112170e-02 1.75790419e-02 1.19340577e-03
1.29229000e+03 9.21165000e+02 1.76586000e+03 4.88170813e-04 -4.20744898e-03 7.88460761e-03
1.25473000e+03 9.50225000e+02 1.74504000e+03 2.64287515e-02 -6.98159771e-03 2.35720575e-02
1.28613000e+03 8.81289000e+02 1.77522000e+03 9.86711983e-04 8.99106832e-03 7.99969279e-03
1.33000000e+03 8.80538000e+02 1.79909000e+03 -3.61340694e-02 9.54655064e-03 -4.13091410e-03
1.33619000e+03 9.51881000e+02 1.76310000e+03 -2.15275735e-02 -9.03423670e-03 -2.36691845e-03
1.26386000e+03 9.39786000e+02 1.75003000e+03 2.17202350e-02 -5.95664970e-03 1.91456141e-02
1.28677000e+03 8.95781000e+02 1.77062000e+03 1.84925133e-03 4.06922550e-03 7.48564824e-03
1.34677000e+03 8.62288000e+02 1.77900000e+03 -2.40937434e-02 1.20367256e-02 -1.59304254e-02
1.27923000e+03 8.53437000e+02 1.77981000e+03 5.19073111e-03 1.98865254e-02 9.83862365e-03
1.35355000e+03 9.04121000e+02 1.77196000e+03 -2.96039624e-02 2.17516648e-03 -1.68937316e-02
1.30962000e+03 8.83104000e+02 1.78615000e+03 -1.73685897e-02 7.35861545e-03 7.25654655e-04
1.27258000e+03 8.67678000e+02 1.77534000e+03 7.70459293e-03 1.67916880e-02 1.24771345e-02
1.31595000e+03 8.76028000e+02 1.77451000e+03 -9.65948849e-03 8.40404543e-03 -4.62886439e-03
1.32620000e+03 9.43012000e+02 1.76352000e+03 -1.61931246e-02 -8.29465897e-03 -1.80340628e-04
1.31620000e+03 8.49545000e+02 1.77996000e+03 -8.95510100e-03 1.68374433e-02 -6.16771245e-03
1.35137000e+03 8.60902000e+02 1.79469000e+03 -3.79729451e-02 1.67421796e-02 -1.35530867e-02
1.33089000e+03 9.34496000e+02 1.78747000e+03 -3.89533276e-02 -3.93500754e-03 1.70965617e-04
1.33511000e+03 9.30630000e+02 1.76530000e+03 -2.05828844e-02 -5.00284563e-03 -6.74923482e-03
1.31655000e+03 9.09668000e+02 1.76666000e+03 -8.51273967e-03 -1.97253195e-03 -3.10111075e-03
1.27332000e+03 8.92400000e+02 1.76944000e+03 7.88908431e-03 6.91785179e-03 1.27468846e-02
1.28519000e+03 9.34226000e+02 1.76276000e+03 4.05799209e-03 -6.02341140e-03 1.18882617e-02
1.27729000e+03 9.20692000e+02 1.76226000e+03 9.67200648e-03 -3.78069975e-03 1.32353875e-02
1.32511000e+03 9.21284000e+02 1.76622000e+03 -1.37910081e-02 -3.55350177e-03 -4.27214556e-03
1.24996000e+03 9.35581000e+02 1.74545000e+03 2.83569060e-02 -2.88622305e-03 2.36895396e-02
1.31807000e+03 8.76564000e+02 1.79395000e+03 -2.58954813e-02 9.84929203e-03 -9.92682666e-04
1.31998000e+03 9.45320000e+02 1.78361000e+03 -3.30910626e-02 -7.44433595e-03 5.74186461e-03
1.34497000e+03 9.28790000e+02 1.79724000e+03 -5.28994308e-02 2.96831815e-03 -5.32504316e-03
1.26491000e+03 8.57502000e+02 1.77339000e+03 1.35963610e-02 2.26818226e-02 1.56166422e-02
1.32817000e+03 9.09488000e+02 1.78935000e+03 -3.32332277e-02 -4.12207957e-05 -1.61030747e-03
1.33963000e+03 9.51797000e+02 1.79694000e+03 -5.69237199e-02 -1.39276755e-03 8.62991103e-04
1.32178000e+03 9.27543000e+02 1.78390000e+03 -3.02625030e-02 -4.34341851e-03 1.49478509e-03
1.26722000e+03 8.79065000e+02 1.77027000e+03 1.13636636e-02 1.37127173e-02 1.50543987e-02
1.28468000e+03 9.08499000e+02 1.76886000e+03 2.16680394e-03 -6.87786809e-04 9.21692466e-03
1.30450000e+03 9.49379000e+02 1.75982000e+03 -4.32249327e-03 -9.45563566e-03 7.48677822e-03
1.27048000e+03 9.29758000e+02 1.75624000e+03 1.68874492e-02 -3.98615168e-03 1.68904354e-02
1.33446000e+03 8.49011000e+02 1.77943000e+03 -1.64562734e-02 1.53850178e-02 -1.31064389e-02
1.27056000e+03 9.07486000e+02 1.76442000e+03 1.13579872e-02 2.02085316e-03 1.48640198e-02
1.33771000e+03 8.57834000e+02 1.79317000e+03 -2.93352304e-02 1.55466999e-02 -1.02120102e-02
1.30286000e+03 8.67565000e+02 1.79064000e+03 -1.45566472e-02 1.31815112e-02 3.35587440e-03
1.29413000e+03 8.47246000e+02 1.79301000e+03 -8.62145614e-03 2.10722138e-02 6.21257516e-03
1.29690000e+03 9.46449000e+02 1.77288000e+03 -1.37317756e-02 -9.19680088e-03 1.22143629e-02
1.34151000e+03 9.13253000e+02 1.79777000e+03 -4.83153432e-02 3.98245662e-03 -4.22427969e-03
1.31511000e+03 9.11515000e+02 1.78183000e+03 -2.11998529e-02 -1.90044388e-03 1.45824464e-03
1.25204000e+03 8.85212000e+02 1.76368000e+03 2.17718609e-02 1.47688680e-02 2.23062416e-02
1.25703000e+03 8.67897000e+02 1.76890000e+03 1.75706592e-02 2.08506974e-02 1.83132719e-02
1.34038000e+03 9.02302000e+02 1.77174000e+03 -2.15526419e-02 2.22458767e-03 -1.15967058e-02
1.30509000e+03 8.64377000e+02 1.77481000e+03 -3.20855744e-03 1.24786886e-02 -5.77783440e-04
1.31697000e+03 9.34675000e+02 1.76297000e+03 -1.02416184e-02 -6.34545758e-03 8.56848817e-04
1.26328000e+03 9.18422000e+02 1.75854000e+03 1.84449109e-02 -1.04451572e-03 1.77719737e-02
1.26078000e+03 8.94379000e+02 1.76556000e+03 1.55956509e-02 8.65102707e-03 1.79534025e-02
1.30987000e+03 8.85936000e+02 1.77050000e+03 -5.52396573e-03 6.44158273e-03 -1.58101919e-03
1.25230000e+03 9.23874000e+02 1.75115000e+03 2.52864525e-02 -8.70502853e-05 2.24351254e-02
1.31785000e+03 9.51938000e+02 1.75981000e+03 -1.03082908e-02 -1.01814019e-02 4.15594730e-03
1.31882000e+03 8.54371000e+02 1.80488000e+03 -2.97673515e-02 1.70283884e-02 -4.81379568e-04
1.35466000e+03 8.95775000e+02 1.78986000e+03 -4.31334586e-02 8.93107899e-03 -1.29891008e-02
1.30138000e+03 9.22968000e+02 1.77583000e+03 -1.28034262e-02 -4.94285525e-03 6.41326091e-03
1.35059000e+03 9.31497000e+02 1.76407000e+03 -2.59998051e-02 -5.70255987e-03 -1.27300085e-02
1.30611000e+03 9.54856000e+02 1.77923000e+03 -2.60138130e-02 -9.95722513e-03 1.16931174e-02
1.33776000e+03 8.91519000e+02 1.77811000e+03 -2.46484706e-02 4.26824518e-03 -1.08974933e-02
1.35059000e+03 8.73804000e+02 1.77550000e+03 -2.49899760e-02 9.53331701e-03 -1.64788420e-02
1.32858000e+03 8.71687000e+02 1.77828000e+03 -1.75687878e-02 9.79255936e-03 -8.62814462e-03
1.24566000e+03 8.72083000e+02 1.76258000e+03 2.45397258e-02 2.17867662e-02 2.39152644e-02
1.34097000e+03 8.45684000e+02 1.79671000e+03 -3.07682915e-02 1.94578920e-02 -1.12446422e-02
1.30840000e+03 9.36860000e+02 1.77692000e+03 -2.00411127e-02 -5.70554331e-03 6.38968622e-03
1.32598000e+03 8.87262000e+02 1.77223000e+03 -1.34948092e-02 5.06753115e-03 -7.94034855e-03
1.24526000e+03 8.98551000e+02 1.75707000e+03 2.73616223e-02 8.70994957e-03 2.48133573e-02
1.34136000e+03 8.96440000e+02 1.80245000e+03 -4.90517012e-02 8.89294221e-03 -6.12282253e-03
1.25288000e+03 8.53203000e+02 1.76830000e+03 2.13496384e-02 2.63851290e-02 1.88499247e-02
1.25572000e+03 9.07037000e+02 1.75859000e+03 2.12457640e-02 3.14276159e-03 2.09872999e-02
1.33272000e+03 9.27646000e+02 1.77694000e+03 -2.75603429e-02 -2.99862231e-03 -3.24831434e-03
1.30706000e+03 9.18442000e+02 1.76444000e+03 -4.11555450e-03 -2.80367834e-03 1.36352636e-03
1.32657000e+03 9.05667000e+02 1.76823000e+03 -1.36066906e-02 3.87067891e-04 -6.08485015e-03
1.33398000e+03 9.42751000e+02 1.77499000e+03 -3.15086898e-02 -4.86863391e-03 -7.75651369e-04
1.32006000e+03 8.92955000e+02 1.79068000e+03 -2.74382630e-02 3.97236852e-03 -9.56842532e-04
1.28011000e+03 9.52152000e+02 1.76615000e+03 -1.41704252e-03 -1.23040171e-02 1.75743658e-02
1.31213000e+03 8.64932000e+02 1.79948000e+03 -2.45741415e-02 1.42916515e-02 2.24926830e-03
1.29849000e+03 9.31025000e+02 1.79865000e+03 -3.83471352e-02 -1.36191013e-02 1.34151445e-02
1.30353000e+03 9.44282000e+02 1.80226000e+03 -4.76909891e-02 -1.99757177e-02 1.34975944e-02
1.29214000e+03 9.52154000e+02 1.79685000e+03 -4.15173218e-02 -2.51816274e-02 1.66560398e-02
1.28608000e+03 9.32220000e+02 1.79108000e+03 -2.56516666e-02 -1.49736028e-02 1.62329274e-02
1.28450000e+03 9.44963000e+02 1.79026000e+03 -2.99930535e-02 -2.05649472e-02 1.75963926e-02
1.25261000e+03 8.59205000e+02 1.79246000e+03 7.63443294e-03 2.50699875e-02 2.82059312e-02
1.27496000e+03 9.37281000e+02 1.78517000e+03 -1.75775931e-02 -1.77207431e-02 2.11611208e-02
1.26399000e+03 8.56848000e+02 1.79959000e+03 -1.17792489e-03 2.40669215e-02 2.61341199e-02
1.29658000e+03 9.11687000e+02 1.79899000e+03 -3.30826022e-02 -4.69590016e-03 1.35431665e-02
1.26358000e+03 9.43231000e+02 1.77854000e+03 -8.99072898e-03 -1.70145057e-02 2.38962048e-02
1.28566000e+03 9.19316000e+02 1.79167000e+03 -2.21375473e-02 -8.36693947e-03 1.67806043e-02
1.26309000e+03 8.69857000e+02 1.79537000e+03 -2.18964166e-03 1.94261663e-02 2.63567717e-02
1.27475000e+03 8.67407000e+02 1.80138000e+03 -1.01791762e-02 1.78424223e-02 2.16411769e-02
1.24869000e+03 8.76242000e+02 1.78835000e+03 8.33474073e-03 2.11258162e-02 3.17762869e-02
1.26961000e+03 9.09400000e+02 1.78810000e+03 -1.04435586e-02 -1.72567160e-04 2.43237335e-02
