x y z dx dy dz  # rigid-removed deformational residual
1.27857000e+03 9.37489000e+02 1.80049000e+03 -3.94779369e-02 -2.64673021e-02 2.56081273e-02
1.27845000e+03 9.13058000e+02 1.80238000e+03 -3.17838914e-02 -4.46765095e-03 2.61034845e-02
1.27725000e+03 9.49092000e+02 1.80164000e+03 -4.44535456e-02 -3.77981650e-02 2.44302929e-02
1.26930000e+03 9.43464000e+02 1.79571000e+03 -3.37649795e-02 -2.92615592e-02 2.90002399e-02
1.26805000e+03 9.54943000e+02 1.79745000e+03 -4.40596525e-02 -3.73389324e-02 2.72263804e-02
1.27024000e+03 9.31284000e+02 1.79589000e+03 -2.68777859e-02 -1.67561332e-02 3.09679782e-02
1.26002000e+03 9.49803000e+02 1.79096000e+03 -2.89333067e-02 -3.09970575e-02 2.98749505e-02
1.25233000e+03 9.31123000e+02 1.78634000e+03 -1.23393595e-02 -1.20481748e-02 3.75033866e-02
1.25304000e+03 9.19488000e+02 1.78895000e+03 -8.45908775e-03 -4.12857770e-03 3.78371960e-02
1.25377000e+03 9.08542000e+02 1.79224000e+03 -8.89803029e-03 3.95696812e-03 3.88879284e-02
1.25458000e+03 8.97715000e+02 1.79585000e+03 -6.97760863e-03 1.11949044e-02 3.88838808e-02
1.24554000e+03 8.90874000e+02 1.79365000e+03 1.64419840e-03 1.51834578e-02 3.85647243e-02
1.25527000e+03 8.86549000e+02 1.79950000e+03 -4.41283998e-03 1.48328259e-02 3.52781996e-02
1.24614000e+03 8.79489000e+02 1.79735000e+03 2.10320702e-03 2.13493133e-02 3.77153460e-02
1.25574000e+03 8.75187000e+02 1.80304000e+03 -2.64263549e-03 2.04938077e-02 3.48193304e-02
1.24680000e+03 8.67949000e+02 1.80101000e+03 4.84285995e-03 2.66097312e-02 3.57293803e-02
1.24750000e+03 8.56469000e+02 1.80454000e+03 4.23068971e-03 2.88073913e-02 3.58257884e-02
1.26356000e+03 9.04505000e+02 1.79785000e+03 -1.49085862e-02 3.86544823e-03 3.32454087e-02
1.26528000e+03 8.82142000e+02 1.80497000e+03 -1.16754414e-02 1.43391829e-02 2.94144625e-02
1.26238000e+03 9.14611000e+02 1.79465000e+03 -1.70121305e-02 3.16101218e-03 3.91040667e-02
1.26480000e+03 8.93717000e+02 1.80144000e+03 -1.49766541e-02 8.90251486e-03 3.02605399e-02
1.27513000e+03 9.02031000e+02 1.80346000e+03 -2.69851267e-02 6.35682403e-04 2.54921593e-02
1.27918000e+03 9.25389000e+02 1.80094000e+03 -3.31244738e-02 -9.83185622e-03 2.68550114e-02
1.25136000e+03 9.43670000e+02 1.78504000e+03 -1.39378019e-02 -1.94877491e-02 3.73631251e-02
1.26092000e+03 9.37425000e+02 1.79057000e+03 -2.12038921e-02 -1.94534499e-02 3.14214857e-02
1.26173000e+03 9.25535000e+02 1.79211000e+03 -1.84390573e-02 -1.09730749e-02 3.43918418e-02
1.27125000e+03 9.19382000e+02 1.79783000e+03 -2.53841504e-02 -6.49168286e-03 2.87768462e-02
1.27088000e+03 9.10241000e+02 1.79957000e+03 -2.26980206e-02 -3.22087735e-04 3.42744170e-02
1.27901000e+03 8.49672000e+02 1.79554000e+03 -4.87857380e-03 2.27700355e-02 1.40659640e-02
1.26873000e+03 8.46087000e+02 1.79072000e+03 3.89193918e-03 2.60886066e-02 1.73995769e-02
1.27167000e+03 8.57387000e+02 1.79019000e+03 3.19792510e-04 2.12404800e-02 1.75450920e-02
1.26134000e+03 8.53871000e+02 1.78554000e+03 8.96974705e-03 2.52362901e-02 2.04329083e-02
1.26424000e+03 8.65156000e+02 1.78512000e+03 5.70248876e-03 2.09244763e-02 2.03742982e-02
1.25388000e+03 8.61726000e+02 1.78063000e+03 1.37604923e-02 2.49816206e-02 2.33786941e-02
1.25103000e+03 8.50382000e+02 1.78079000e+03 1.64327205e-02 2.90506926e-02 2.34111784e-02
1.24640000e+03 8.69696000e+02 1.77590000e+03 1.77803966e-02 2.30501389e-02 2.73307665e-02
1.28206000e+03 8.60904000e+02 1.79469000e+03 -7.72086920e-03 1.71972844e-02 1.35103169e-02
1.31989000e+03 8.94057000e+02 1.80349000e+03 -4.02080115e-02 5.15032883e-03 2.28145238e-03
1.32305000e+03 9.05217000e+02 1.80164000e+03 -4.34347394e-02 3.50821885e-04 1.75613212e-03
1.31282000e+03 9.01504000e+02 1.79725000e+03 -3.26080913e-02 4.18504845e-04 3.97610455e-03
1.31582000e+03 9.12588000e+02 1.79573000e+03 -3.58401869e-02 -3.96269869e-03 3.92313948e-03
1.30556000e+03 9.09255000e+02 1.79138000e+03 -2.61398796e-02 -2.14735185e-03 6.71274947e-03
1.24868000e+03 9.44227000e+02 1.75877000e+03 1.89898343e-02 -9.63634414e-03 2.80959786e-02
1.25851000e+03 9.47715000e+02 1.76416000e+03 9.42965798e-03 -1.28011245e-02 2.25624730e-02
1.25588000e+03 9.36001000e+02 1.76374000e+03 1.30507396e-02 -8.11496646e-03 2.39147398e-02
1.26586000e+03 9.39420000e+02 1.76834000e+03 4.28466095e-03 -1.02896948e-02 2.11634533e-02
1.26309000e+03 9.27598000e+02 1.76895000e+03 6.75592539e-03 -5.62383962e-03 2.11284919e-02
1.27337000e+03 9.30914000e+02 1.77293000e+03 -6.97303995e-04 -8.76210217e-03 1.79469146e-02
1.26976000e+03 9.18952000e+02 1.77400000e+03 1.25937932e-03 -5.03534453e-03 1.92213797e-02
1.30247000e+03 8.98022000e+02 1.79319000e+03 -2.39612590e-02 2.11512614e-03 7.21245984e-03
1.30828000e+03 9.20582000e+02 1.79027000e+03 -2.93832995e-02 -5.22737660e-03 6.13816430e-03
1.25213000e+03 9.24329000e+02 1.76483000e+03 1.62401652e-02 -2.38348602e-03 2.67240205e-02
1.27565000e+03 9.42844000e+02 1.77331000e+03 -5.71460517e-03 -1.17464559e-02 1.95173628e-02
1.31802000e+03 9.23433000e+02 1.79484000e+03 -3.91319555e-02 -5.95408204e-03 4.02236284e-03
1.29512000e+03 9.05926000e+02 1.78756000e+03 -1.76802548e-02 -7.13068699e-04 9.24253002e-03
1.29188000e+03 8.94596000e+02 1.78960000e+03 -1.62744212e-02 3.77689624e-03 1.13416151e-02
1.29919000e+03 8.86833000e+02 1.79529000e+03 -2.12231020e-02 6.23279126e-03 7.83684844e-03
1.28326000e+03 9.34295000e+02 1.77714000e+03 -8.82534180e-03 -9.06868731e-03 1.48960534e-02
1.28504000e+03 9.46146000e+02 1.77857000e+03 -1.57223499e-02 -1.36106131e-02 1.67010971e-02
1.31061000e+03 9.32209000e+02 1.79040000e+03 -3.30590599e-02 -7.65474960e-03 5.37791595e-03
1.27713000e+03 9.54374000e+02 1.77593000e+03 -1.25118604e-02 -1.57736640e-02 2.06822318e-02
1.28442000e+03 9.02568000e+02 1.78427000e+03 -1.03528638e-02 1.47188091e-03 1.19024474e-02
1.28110000e+03 8.91183000e+02 1.78632000e+03 -8.58148441e-03 5.26829853e-03 1.29367884e-02
1.27359000e+03 8.99185000e+02 1.78124000e+03 -3.79920934e-03 3.03530250e-03 1.72621420e-02
1.33154000e+03 9.46388000e+02 1.80259000e+03 -5.89944382e-02 -2.89152648e-03 4.33026018e-03
1.30289000e+03 8.68135000e+02 1.80333000e+03 -2.45978637e-02 1.39669262e-02 8.10284426e-03
1.27032000e+03 8.87770000e+02 1.78306000e+03 -2.46195212e-03 9.74114585e-03 1.84536617e-02
1.26283000e+03 8.95732000e+02 1.77816000e+03 9.07317431e-04 7.35897261e-03 2.38780098e-02
1.28767000e+03 9.14088000e+02 1.78235000e+03 -1.18868902e-02 -3.89700508e-03 1.21559368e-02
1.29414000e+03 9.49452000e+02 1.78413000e+03 -2.65951256e-02 -1.52109480e-02 1.42532772e-02
1.30071000e+03 9.29130000e+02 1.78562000e+03 -2.31592377e-02 -8.57075673e-03 8.52565487e-03
1.27778000e+03 8.79848000e+02 1.78805000e+03 -6.26967681e-03 1.04875956e-02 1.45266168e-02
1.29959000e+03 8.56957000e+02 1.80490000e+03 -2.14001372e-02 1.78674805e-02 8.17853359e-03
1.25960000e+03 8.84296000e+02 1.77953000e+03 5.29523410e-03 1.48799376e-02 2.36249559e-02
1.33116000e+03 9.34415000e+02 1.80115000e+03 -5.38138414e-02 -3.30910086e-03 8.04545803e-04
1.26613000e+03 9.07248000e+02 1.77607000e+03 7.76692691e-04 7.88847463e-04 2.12991994e-02
1.25532000e+03 9.03554000e+02 1.77295000e+03 9.82657886e-03 5.09758385e-03 2.65829687e-02
1.32383000e+03 9.42378000e+02 1.79789000e+03 -4.99394812e-02 -6.60024143e-03 5.50605762e-03
1.25853000e+03 9.15198000e+02 1.77054000e+03 8.60559427e-03 3.41659541e-04 2.51689898e-02
1.24687000e+03 9.11661000e+02 1.76659000e+03 1.73679499e-02 3.46068480e-03 2.92986246e-02
1.30291000e+03 9.41167000e+02 1.78704000e+03 -2.87248460e-02 -1.06762384e-02 9.15245407e-03
1.26795000e+03 9.51223000e+02 1.76988000e+03 -1.13800999e-03 -1.49160023e-02 2.20352347e-02
1.27699000e+03 9.10706000e+02 1.77911000e+03 -4.98272946e-03 -1.74762541e-03 1.58896927e-02
1.28855000e+03 8.83326000e+02 1.79164000e+03 -1.33690400e-02 8.33618261e-03 1.10438449e-02
1.30628000e+03 8.79281000e+02 1.80137000e+03 -2.75329946e-02 8.29387241e-03 5.89228720e-03
1.30962000e+03 8.90399000e+02 1.79925000e+03 -3.07751451e-02 4.48221464e-03 5.53714197e-03
1.33527000e+03 9.21857000e+02 1.80451000e+03 -5.59399122e-02 2.34465358e-03 -1.49599241e-03
1.32622000e+03 9.16686000e+02 1.80044000e+03 -4.62825431e-02 -1.28931265e-03 1.25558830e-03
1.29582000e+03 8.75656000e+02 1.79733000e+03 -1.85866220e-02 1.09574427e-02 9.23184979e-03
1.28034000e+03 9.22426000e+02 1.77747000e+03 -5.37759342e-03 -6.52219359e-03 1.40107541e-02
1.29811000e+03 9.17387000e+02 1.78603000e+03 -1.99634573e-02 -4.89840348e-03 8.88662377e-03
1.32207000e+03 9.52371000e+02 1.79948000e+03 -5.21081831e-02 -7.29329765e-03 8.66544976e-03
1.31387000e+03 9.44821000e+02 1.79323000e+03 -4.08591870e-02 -8.53303073e-03 8.13190853e-03
1.28929000e+03 8.53282000e+02 1.80027000e+03 -1.33447884e-02 2.13949619e-02 1.14245447e-02
1.24928000e+03 8.80939000e+02 1.77561000e+03 1.46516258e-02 1.73429003e-02 2.75398864e-02
1.29248000e+03 8.64476000e+02 1.79904000e+03 -1.63962452e-02 1.59884772e-02 1.05892746e-02
1.28524000e+03 8.72099000e+02 1.79339000e+03 -1.06926512e-02 1.25963334e-02 1.21933723e-02
1.24562000e+03 9.33034000e+02 1.75914000e+03 2.13019435e-02 -4.24668258e-03 2.95524057e-02
1.27471000e+03 8.68606000e+02 1.78937000e+03 -3.38747828e-03 1.56264876e-02 1.62213819e-02
1.26720000e+03 8.76433000e+02 1.78435000e+03 6.20236094e-04 1.71528267e-02 2.10440795e-02
1.29061000e+03 9.25811000e+02 1.78129000e+03 -1.42387071e-02 -7.19042516e-03 1.16824893e-02
1.29291000e+03 9.37740000e+02 1.78176000e+03 -1.86930876e-02 -1.07654587e-02 1.28036142e-02
1.25672000e+03 8.73044000e+02 1.78031000e+03 9.93476269e-03 2.00545795e-02 2.33375862e-02
1.25239000e+03 8.92063000e+02 1.77480000e+03 9.31353570e-03 1.29034916e-02 2.84627560e-02
1.30337000e+03 9.53258000e+02 1.79024000e+03 -3.66034614e-02 -1.36642310e-02 1.35820607e-02
1.32607000e+03 9.25806000e+02 1.79887000e+03 -4.64925528e-02 -4.17087896e-03 1.98041803e-03
1.24571000e+03 8.98893000e+02 1.77009000e+03 1.61946309e-02 9.81215339e-03 3.07263752e-02
1.32001000e+03 9.33461000e+02 1.79523000e+03 -4.21923183e-02 -6.79456641e-03 3.66616875e-03
1.34230000e+03 8.47115000e+02 1.76982000e+03 -1.28319823e-02 1.40105758e-02 -1.82636676e-02
1.33449000e+03 8.54317000e+02 1.76814000e+03 -9.61177276e-03 1.24239740e-02 -1.47969800e-02
1.34538000e+03 8.58312000e+02 1.76772000e+03 -1.43280663e-02 1.07217360e-02 -1.86699791e-02
1.33677000e+03 8.65823000e+02 1.76599000e+03 -9.98677528e-03 8.44582322e-03 -1.53958971e-02
1.34785000e+03 8.69634000e+02 1.76562000e+03 -1.47947594e-02 7.50896373e-03 -1.88767592e-02
1.33886000e+03 8.77239000e+02 1.76388000e+03 -1.11989082e-02 5.31279661e-03 -1.59678542e-02
1.35007000e+03 8.81031000e+02 1.76354000e+03 -1.59324225e-02 4.39941817e-03 -1.88190143e-02
1.34159000e+03 8.88747000e+02 1.76183000e+03 -1.22194150e-02 2.53026389e-03 -1.53843147e-02
1.35259000e+03 8.92524000e+02 1.76151000e+03 -1.71782207e-02 9.34747137e-04 -1.88710383e-02
1.34411000e+03 9.00458000e+02 1.75978000e+03 -1.30833189e-02 -4.21852188e-04 -1.46587895e-02
1.34583000e+03 9.11917000e+02 1.75781000e+03 -1.28091409e-02 -3.58288658e-03 -1.45073366e-02
1.33345000e+03 9.06839000e+02 1.75824000e+03 -7.56968402e-03 -1.48382697e-03 -1.04224236e-02
1.33665000e+03 9.19619000e+02 1.75610000e+03 -9.22876109e-03 -4.00765202e-03 -1.02018828e-02
1.32555000e+03 9.15991000e+02 1.75619000e+03 -4.56969379e-03 -4.39484049e-03 -6.73574723e-03
1.32783000e+03 9.27621000e+02 1.75423000e+03 -5.21340727e-03 -6.74126344e-03 -6.53402357e-03
1.31643000e+03 9.23854000e+02 1.75402000e+03 3.70878767e-06 -4.95438939e-03 -1.87511243e-03
1.31882000e+03 9.35405000e+02 1.75209000e+03 -6.90082460e-04 -6.86814874e-03 -8.57456158e-04
1.30781000e+03 9.31481000e+02 1.75145000e+03 4.28704729e-03 -6.91240247e-03 1.95038615e-03
1.30987000e+03 9.42970000e+02 1.74954000e+03 3.61578568e-03 -9.50320490e-03 2.96974788e-03
1.29888000e+03 9.38898000e+02 1.74824000e+03 9.57891294e-03 -7.08132737e-03 4.68558795e-03
1.30087000e+03 9.50336000e+02 1.74650000e+03 8.67999766e-03 -9.95670811e-03 6.17831880e-03
1.28999000e+03 9.45964000e+02 1.74443000e+03 1.36069599e-02 -9.03596843e-03 9.54935913e-03
1.32101000e+03 9.47044000e+02 1.75024000e+03 -9.09688514e-04 -1.02323026e-02 3.44097017e-04
1.31460000e+03 9.12487000e+02 1.75608000e+03 8.55550180e-04 -2.15634837e-03 -3.32233721e-03
1.28722000e+03 9.33457000e+02 1.74654000e+03 1.38573853e-02 -5.84873552e-03 8.08519021e-03
1.28135000e+03 9.53895000e+02 1.74024000e+03 1.70248369e-02 -1.07238469e-02 1.25600887e-02
1.32563000e+03 8.61751000e+02 1.76635000e+03 -5.27022101e-03 1.13135078e-02 -1.08784907e-02
1.25003000e+03 8.58891000e+02 1.75513000e+03 2.56035970e-02 2.27378379e-02 1.67716630e-02
1.24527000e+03 8.69083000e+02 1.75122000e+03 2.78636971e-02 2.02037775e-02 1.95552030e-02
1.25496000e+03 8.48721000e+02 1.75900000e+03 2.33660066e-02 2.56139567e-02 1.53169717e-02
1.25639000e+03 8.69416000e+02 1.75571000e+03 2.30471776e-02 1.85016967e-02 1.54762416e-02
1.25171000e+03 8.79665000e+02 1.75207000e+03 2.52605873e-02 1.44604141e-02 1.76894812e-02
1.26306000e+03 8.80114000e+02 1.75584000e+03 2.03466882e-02 1.25317129e-02 1.29982904e-02
1.25858000e+03 8.90478000e+02 1.75215000e+03 2.25449087e-02 9.49899229e-03 1.50397659e-02
1.26791000e+03 8.69566000e+02 1.75902000e+03 1.88631029e-02 1.62487081e-02 1.02626923e-02
1.27467000e+03 8.80201000e+02 1.75849000e+03 1.61546368e-02 1.17087166e-02 7.56641311e-03
1.27965000e+03 8.69420000e+02 1.76130000e+03 1.41751581e-02 1.44412921e-02 5.86757890e-03
1.28644000e+03 8.79832000e+02 1.76028000e+03 1.16778168e-02 9.77412344e-03 4.01161862e-03
1.28150000e+03 8.90908000e+02 1.75735000e+03 1.34811649e-02 7.10251263e-03 6.50244754e-03
1.24511000e+03 9.23117000e+02 1.73428000e+03 3.09809676e-02 1.56829199e-03 2.12722123e-02
1.32918000e+03 8.85439000e+02 1.76199000e+03 -6.12284278e-03 4.29458931e-03 -1.09793941e-02
1.24703000e+03 9.41564000e+02 1.72835000e+03 3.14650144e-02 -4.38368498e-03 2.17733145e-02
1.29145000e+03 8.68955000e+02 1.76282000e+03 8.67892251e-03 1.27264172e-02 2.01992732e-03
1.28472000e+03 8.58799000e+02 1.76392000e+03 1.14459823e-02 1.67408184e-02 4.10940462e-03
1.29825000e+03 8.79073000e+02 1.76151000e+03 6.83226307e-03 8.98670420e-03 -3.74488672e-04
1.33911000e+03 9.31574000e+02 1.75414000e+03 -9.27125832e-03 -7.57971781e-03 -9.19680051e-03
1.29648000e+03 8.58330000e+02 1.76525000e+03 6.82555294e-03 1.50135807e-02 -2.70966938e-04
1.28991000e+03 8.48372000e+02 1.76655000e+03 9.42187494e-03 2.00939719e-02 1.69684045e-03
1.27808000e+03 8.48660000e+02 1.76488000e+03 1.44372787e-02 2.11187829e-02 6.18207385e-03
1.35271000e+03 9.47339000e+02 1.75196000e+03 -1.39180325e-02 -1.27073529e-02 -1.13293946e-02
1.24944000e+03 9.06589000e+02 1.74333000e+03 2.79110844e-02 5.92915135e-03 1.90396633e-02
1.31319000e+03 8.47948000e+02 1.76846000e+03 -8.24624037e-04 1.65484981e-02 -7.79289402e-03
1.25334000e+03 9.52136000e+02 1.72901000e+03 2.96971559e-02 -7.78308967e-03 2.14670861e-02
1.25793000e+03 9.41898000e+02 1.73321000e+03 2.73472708e-02 -5.25802462e-03 1.83174315e-02
1.26430000e+03 9.52176000e+02 1.73382000e+03 2.52782403e-02 -8.89558952e-03 1.75740586e-02
1.26846000e+03 9.42024000e+02 1.73764000e+03 2.21693254e-02 -6.00655559e-03 1.48128937e-02
1.26268000e+03 9.32159000e+02 1.73841000e+03 2.42544653e-02 -3.83916806e-03 1.50968592e-02
1.27404000e+03 9.32456000e+02 1.74263000e+03 1.96130778e-02 -5.21894726e-03 1.14434529e-02
1.26717000e+03 9.22539000e+02 1.74374000e+03 2.08328667e-02 -1.31554577e-03 1.36461305e-02
1.27909000e+03 9.22402000e+02 1.74755000e+03 1.71113102e-02 -2.43205929e-03 9.43920732e-03
1.27176000e+03 9.12284000e+02 1.74905000e+03 1.91111270e-02 7.60718792e-04 1.08735042e-02
1.28380000e+03 9.12020000e+02 1.75202000e+03 1.47876501e-02 -1.19581481e-04 7.27508397e-03
1.27669000e+03 9.01736000e+02 1.75372000e+03 1.69524069e-02 3.19063904e-03 8.88722411e-03
1.28849000e+03 9.01212000e+02 1.75584000e+03 1.13837480e-02 2.97211518e-03 4.13433539e-03
1.29560000e+03 9.11346000e+02 1.75423000e+03 8.79430203e-03 -8.51602673e-04 3.00843302e-03
1.30036000e+03 9.00652000e+02 1.75730000e+03 5.86010891e-03 1.42676624e-03 1.79263469e-04
1.26538000e+03 9.02246000e+02 1.75079000e+03 2.03868200e-02 4.89866673e-03 1.26429345e-02
1.29335000e+03 8.90223000e+02 1.75890000e+03 8.78031471e-03 5.67884889e-03 1.49460260e-03
1.30527000e+03 8.89402000e+02 1.76001000e+03 3.96312210e-03 4.60125547e-03 -2.22740037e-03
1.30979000e+03 8.77709000e+02 1.76253000e+03 1.89518476e-03 8.36007635e-03 -4.21494428e-03
1.31281000e+03 9.00669000e+02 1.75829000e+03 5.71491626e-04 1.04716534e-03 -4.30966743e-03
1.29121000e+03 9.21441000e+02 1.75080000e+03 1.22225590e-02 -3.32285921e-03 5.88136455e-03
1.31712000e+03 8.87971000e+02 1.76098000e+03 -1.48030647e-03 4.34468568e-03 -6.50994546e-03
1.32494000e+03 8.97254000e+02 1.75961000e+03 -4.57312341e-03 9.81328142e-04 -8.47480200e-03
1.25615000e+03 9.22891000e+02 1.73936000e+03 2.58856635e-02 -6.61430023e-04 1.72206218e-02
1.33228000e+03 9.51095000e+02 1.75044000e+03 -5.36301028e-03 -1.24182126e-02 -2.47186285e-03
1.31194000e+03 9.54560000e+02 1.74784000e+03 2.91344870e-03 -1.25894257e-02 4.57601443e-03
1.33011000e+03 9.39368000e+02 1.75232000e+03 -5.37981414e-03 -9.53707380e-03 -4.67985337e-03
1.30411000e+03 9.20048000e+02 1.75336000e+03 5.58982001e-03 -3.10363188e-03 9.46309816e-04
1.25892000e+03 9.11699000e+02 1.74513000e+03 2.39538185e-02 1.92768138e-03 1.55221865e-02
1.26133000e+03 8.59066000e+02 1.75908000e+03 2.16480567e-02 2.18620983e-02 1.35184579e-02
1.26640000e+03 8.48772000e+02 1.76243000e+03 1.93188514e-02 2.36063684e-02 1.15365573e-02
1.27295000e+03 8.59051000e+02 1.76195000e+03 1.61881249e-02 1.89534062e-02 8.45625257e-03
1.34815000e+03 9.23732000e+02 1.75583000e+03 -1.41935114e-02 -6.38211964e-03 -1.33431706e-02
1.32764000e+03 8.72704000e+02 1.76433000e+03 -6.69414993e-03 8.35971402e-03 -1.10644132e-02
1.35046000e+03 9.35572000e+02 1.75388000e+03 -1.35170105e-02 -9.75259388e-03 -1.23412131e-02
1.25168000e+03 9.32013000e+02 1.73372000e+03 2.86944865e-02 -2.25963292e-03 1.91624364e-02
1.26988000e+03 8.91059000e+02 1.75516000e+03 1.80115852e-02 7.92533601e-03 1.11454266e-02
1.34139000e+03 9.43375000e+02 1.75221000e+03 -9.36126784e-03 -1.08579732e-02 -7.73733191e-03
1.30175000e+03 8.47927000e+02 1.76771000e+03 4.03410281e-03 1.74487212e-02 -2.76904718e-03
1.30325000e+03 8.68208000e+02 1.76391000e+03 4.26730978e-03 1.19584739e-02 -2.35554924e-03
1.31572000e+03 8.67430000e+02 1.76481000e+03 -1.22549318e-03 1.08981878e-02 -7.24143545e-03
1.24736000e+03 8.89487000e+02 1.74796000e+03 2.79688554e-02 1.15006613e-02 1.98275465e-02
1.27899000e+03 9.43014000e+02 1.74143000e+03 1.77072095e-02 -7.39132771e-03 1.17685304e-02
1.32421000e+03 8.50188000e+02 1.76856000e+03 -4.98220220e-03 1.50841446e-02 -1.18770620e-02
1.25499000e+03 8.99798000e+02 1.74814000e+03 2.45270727e-02 6.75152816e-03 1.64822724e-02
1.30784000e+03 8.57722000e+02 1.76621000e+03 1.72058807e-03 1.43762605e-02 -4.65218537e-03
1.33470000e+03 8.95804000e+02 1.76029000e+03 -9.13161024e-03 1.30238060e-03 -1.24077439e-02
1.32243000e+03 9.06812000e+02 1.75770000e+03 -3.04175911e-03 -2.01626425e-03 -6.70534884e-03
1.31943000e+03 8.78348000e+02 1.76291000e+03 -2.44391851e-03 6.94354849e-03 -8.48744719e-03
1.31733000e+03 8.56993000e+02 1.76690000e+03 -2.06827049e-03 1.36919998e-02 -8.35378149e-03
1.24864000e+03 9.14865000e+02 1.73951000e+03 2.88408771e-02 3.32445095e-03 1.98312275e-02
1.29790000e+03 9.29131000e+02 1.75022000e+03 9.32597539e-03 -4.74632438e-03 4.36005125e-03
1.30510000e+03 9.09991000e+02 1.75571000e+03 4.69525251e-03 -7.63757648e-05 -1.75931221e-04
1.35217000e+03 8.50273000e+02 1.76951000e+03 -1.68303899e-02 1.32615950e-02 -2.17177211e-02
1.27275000e+03 9.50877000e+02 1.73747000e+03 2.07558143e-02 -8.52449290e-03 1.47276123e-02
1.24504000e+03 8.89476000e+02 1.69991000e+03 3.27768013e-02 5.58135937e-04 8.96671998e-03
1.25291000e+03 8.98565000e+02 1.69848000e+03 3.09639272e-02 -3.18451306e-03 5.35739152e-03
1.24524000e+03 8.58145000e+02 1.70581000e+03 3.06487700e-02 9.48759627e-03 7.11908659e-03
1.24884000e+03 9.09634000e+02 1.69629000e+03 3.35864952e-02 -4.73409795e-03 8.26002168e-03
1.26072000e+03 9.07658000e+02 1.69705000e+03 2.91430897e-02 -6.24161443e-03 2.98266057e-03
1.26849000e+03 9.16754000e+02 1.69562000e+03 2.70730295e-02 -9.01335073e-03 6.76703879e-04
1.27259000e+03 9.05691000e+02 1.69779000e+03 2.46784207e-02 -7.64698468e-03 -2.68665305e-03
1.28034000e+03 9.14793000e+02 1.69636000e+03 2.28359153e-02 -1.09745384e-02 -5.02994774e-03
1.28446000e+03 9.03729000e+02 1.69853000e+03 2.06670474e-02 -9.24535493e-03 -7.58372793e-03
1.29220000e+03 9.12834000e+02 1.69710000e+03 1.79093194e-02 -1.23723174e-02 -9.50604162e-03
1.29632000e+03 9.01770000e+02 1.69925000e+03 1.58578560e-02 -9.99757894e-03 -1.33504218e-02
1.30404000e+03 9.10876000e+02 1.69782000e+03 1.36233871e-02 -1.27773589e-02 -1.44467122e-02
1.30817000e+03 8.99811000e+02 1.69996000e+03 1.08488668e-02 -1.11379342e-02 -1.78199179e-02
1.31588000e+03 9.08919000e+02 1.69854000e+03 8.43071392e-03 -1.50544004e-02 -2.01099551e-02
1.32002000e+03 8.97853000e+02 1.70067000e+03 6.00613679e-03 -1.32562895e-02 -2.25026863e-02
1.31175000e+03 9.19984000e+02 1.69641000e+03 1.04410319e-02 -1.63561025e-02 -1.64304494e-02
1.32358000e+03 9.18027000e+02 1.69713000e+03 6.13235876e-03 -1.74965527e-02 -2.13601946e-02
1.24959000e+03 8.47056000e+02 1.70808000e+03 2.82014015e-02 1.22234058e-02 4.55996438e-03
1.31945000e+03 9.29093000e+02 1.69500000e+03 8.24093589e-03 -1.93102549e-02 -1.78465611e-02
1.33128000e+03 9.27138000e+02 1.69574000e+03 3.79437648e-03 -2.04452601e-02 -2.28501508e-02
1.34311000e+03 9.25183000e+02 1.69647000e+03 -1.67498068e-03 -2.05739878e-02 -2.62290404e-02
1.31231000e+03 8.88745000e+02 1.70209000e+03 8.60828970e-03 -9.57582330e-03 -2.07290491e-02
1.32415000e+03 8.86786000e+02 1.70279000e+03 3.62750277e-03 -1.13403098e-02 -2.52380475e-02
1.31645000e+03 8.77681000e+02 1.70423000e+03 6.48102858e-03 -8.31398988e-03 -2.35990248e-02
1.32829000e+03 8.75724000e+02 1.70493000e+03 2.11075990e-03 -8.69947639e-03 -2.85258677e-02
1.32059000e+03 8.66624000e+02 1.70638000e+03 4.60237909e-03 -5.88243394e-03 -2.53097063e-02
1.33243000e+03 8.64670000e+02 1.70708000e+03 -4.07112199e-04 -6.76792045e-03 -3.06028659e-02
1.32473000e+03 8.55579000e+02 1.70856000e+03 1.47023239e-03 -3.68371045e-03 -2.79922547e-02
1.33656000e+03 8.53627000e+02 1.70928000e+03 -4.13014514e-03 -5.07516065e-03 -3.31411611e-02
1.34426000e+03 8.62716000e+02 1.70780000e+03 -6.33700799e-03 -7.66437066e-03 -3.52199278e-02
1.30874000e+03 8.68579000e+02 1.70568000e+03 8.99412951e-03 -5.17335616e-03 -2.06031211e-02
1.31703000e+03 8.46497000e+02 1.71007000e+03 3.68330239e-03 -6.23332885e-04 -2.50433938e-02
1.27670000e+03 8.94623000e+02 1.69996000e+03 2.24315163e-02 -5.01320990e-03 -5.23554647e-03
1.25742000e+03 8.56202000e+02 1.70653000e+03 2.63787246e-02 7.89845164e-03 7.92508577e-04
1.33599000e+03 8.84828000e+02 1.70349000e+03 -1.57302503e-03 -1.20747963e-02 -2.99482181e-02
1.25698000e+03 8.87487000e+02 1.70066000e+03 2.83722293e-02 -6.90650677e-04 2.39581163e-03
1.29334000e+03 8.50387000e+02 1.70866000e+03 1.35758229e-02 3.06050889e-03 -1.49794763e-02
1.28143000e+03 8.52329000e+02 1.70795000e+03 1.80634069e-02 4.69041177e-03 -1.02095654e-02
1.28915000e+03 8.61429000e+02 1.70645000e+03 1.58557990e-02 1.25757419e-03 -1.31779223e-02
1.27722000e+03 8.63378000e+02 1.70574000e+03 2.02581969e-02 2.73565960e-03 -7.95532162e-03
1.28498000e+03 8.72486000e+02 1.70427000e+03 1.81460552e-02 -1.20137550e-03 -1.06763476e-02
1.27305000e+03 8.74442000e+02 1.70356000e+03 2.23592670e-02 3.04709918e-04 -5.41525267e-03
1.30103000e+03 8.59480000e+02 1.70715000e+03 1.15186033e-02 -7.27277401e-04 -1.82501342e-02
1.28083000e+03 8.83553000e+02 1.70211000e+03 2.04404982e-02 -3.41006269e-03 -8.21279089e-03
1.29272000e+03 8.81595000e+02 1.70283000e+03 1.57485659e-02 -4.67606051e-03 -1.29463503e-02
1.28858000e+03 8.92662000e+02 1.70068000e+03 1.81668067e-02 -6.33361645e-03 -1.04867914e-02
1.26891000e+03 8.85516000e+02 1.70139000e+03 2.43477261e-02 -1.93929106e-03 -2.42539950e-03
1.26480000e+03 8.96590000e+02 1.69922000e+03 2.64211853e-02 -4.23606584e-03 1.69760409e-04
1.26108000e+03 8.76405000e+02 1.70284000e+03 2.65034949e-02 1.24043789e-03 -1.62372514e-04
1.25320000e+03 8.67286000e+02 1.70431000e+03 2.86127862e-02 5.70856823e-03 3.40852125e-03
1.33542000e+03 9.16071000e+02 1.69785000e+03 8.16944716e-04 -1.87945942e-02 -2.52796097e-02
1.34725000e+03 9.14115000e+02 1.69857000e+03 -3.85546932e-03 -1.92960444e-02 -3.00686271e-02
1.33955000e+03 9.05003000e+02 1.69996000e+03 -1.35874618e-03 -1.65093371e-02 -2.82243986e-02
1.35138000e+03 9.03047000e+02 1.70068000e+03 -6.44216022e-03 -1.80647873e-02 -3.38519160e-02
1.34369000e+03 8.93936000e+02 1.70208000e+03 -3.95238019e-03 -1.52309487e-02 -3.16656576e-02
1.34782000e+03 8.82871000e+02 1.70420000e+03 -6.11449595e-03 -1.31099690e-02 -3.46726632e-02
1.33185000e+03 8.95894000e+02 1.70137000e+03 1.38434986e-03 -1.37321847e-02 -2.68523869e-02
1.32772000e+03 9.06961000e+02 1.69925000e+03 3.32798387e-03 -1.55511644e-02 -2.45657258e-02
1.35196000e+03 8.71812000e+02 1.70635000e+03 -8.72066368e-03 -1.04434131e-02 -3.72286002e-02
1.26946000e+03 8.54269000e+02 1.70725000e+03 2.21682705e-02 7.00258478e-03 -4.41872341e-03
1.26524000e+03 8.65328000e+02 1.70503000e+03 2.44338539e-02 4.14370137e-03 -2.39980443e-03
1.24908000e+03 8.78383000e+02 1.70210000e+03 3.04240143e-02 2.60349464e-03 5.52821712e-03
1.35080000e+03 9.34298000e+02 1.69510000e+03 -4.66233094e-03 -2.43556588e-02 -2.79585878e-02
1.26170000e+03 8.45160000e+02 1.70878000e+03 2.35669395e-02 1.11749550e-02 -1.65102519e-03
1.29687000e+03 8.70532000e+02 1.70498000e+03 1.35483617e-02 -2.68309584e-03 -1.53275960e-02
1.35494000e+03 9.23229000e+02 1.69719000e+03 -6.75887647e-03 -2.27484380e-02 -3.09854023e-02
1.34013000e+03 8.73768000e+02 1.70563000e+03 -3.47324964e-03 -1.02279629e-02 -3.26177828e-02
1.30459000e+03 8.79638000e+02 1.70353000e+03 1.11172972e-02 -6.59132083e-03 -1.84671864e-02
1.31288000e+03 8.57530000e+02 1.70785000e+03 6.80714855e-03 -2.13535518e-03 -2.26986806e-02
1.30519000e+03 8.48443000e+02 1.70936000e+03 8.29992291e-03 1.46743111e-03 -2.02955562e-02
1.29991000e+03 9.21940000e+02 1.69567000e+03 1.56818505e-02 -1.57665061e-02 -1.15853343e-02
1.34839000e+03 8.51676000e+02 1.71001000e+03 -9.04846579e-03 -6.40088834e-03 -3.75688397e-02
1.30045000e+03 8.90704000e+02 1.70139000e+03 1.33860766e-02 -8.28215425e-03 -1.56662552e-02
1.28730000e+03 8.47539000e+02 1.69642000e+03 1.38623796e-02 8.99273276e-04 -1.54762602e-02
1.30111000e+03 8.49415000e+02 1.69725000e+03 9.43571526e-03 -1.92030054e-03 -2.18901017e-02
1.34586000e+03 8.65149000e+02 1.69608000e+03 -6.65851882e-03 -1.24707650e-02 -3.88708569e-02
1.29358000e+03 8.61594000e+02 1.69742000e+03 1.37741839e-02 -2.99379199e-03 -1.71846485e-02
1.31930000e+03 8.62281000e+02 1.69673000e+03 4.13415911e-03 -7.45839024e-03 -2.80921065e-02
1.26413000e+03 8.53935000e+02 1.69706000e+03 2.34218117e-02 4.26448527e-03 -4.79598889e-03
1.32979000e+03 8.50201000e+02 1.69973000e+03 -1.47376820e-03 -6.44887622e-03 -3.36317475e-02
1.33681000e+03 8.76297000e+02 1.69645000e+03 -1.94525501e-03 -1.24549332e-02 -3.34754536e-02
1.34303000e+03 8.53724000e+02 1.69908000e+03 -6.65271800e-03 -9.02168038e-03 -3.83264158e-02
1.29886000e+03 8.72698000e+02 1.69557000e+03 1.26199449e-02 -6.44764801e-03 -1.80067463e-02
1.31502000e+03 8.46448000e+02 1.69962000e+03 3.65295317e-03 -3.56951925e-03 -2.70424051e-02
1.28193000e+03 8.57644000e+02 1.69842000e+03 1.74424078e-02 5.82288493e-04 -1.21185714e-02
1.32271000e+03 8.53920000e+02 1.73832000e+03 -1.30754592e-03 7.73294001e-03 -2.00598428e-02
1.32772000e+03 9.06159000e+02 1.72593000e+03 -5.58430624e-04 -7.18748589e-03 -1.75564798e-02
1.34071000e+03 9.52242000e+02 1.71885000e+03 -2.88889377e-03 -1.82470875e-02 -1.42636416e-02
1.34798000e+03 9.25086000e+02 1.72783000e+03 -8.55136224e-03 -1.24611189e-02 -2.11030377e-02
1.34814000e+03 8.83610000e+02 1.73138000e+03 -9.94370820e-03 -3.98608529e-03 -2.70790854e-02
1.29402000e+03 8.47393000e+02 1.73613000e+03 9.71542471e-03 1.25560600e-02 -9.11090155e-03
1.32008000e+03 9.31312000e+02 1.72391000e+03 4.15924277e-03 -1.17037049e-02 -1.00210464e-02
1.30351000e+03 8.74844000e+02 1.73625000e+03 7.77029095e-03 4.95461569e-03 -1.04337539e-02
1.29539000e+03 9.04356000e+02 1.72604000e+03 1.23051388e-02 -3.25696473e-03 -5.43727396e-03
1.27640000e+03 8.69222000e+02 1.73490000e+03 1.78947827e-02 9.50400666e-03 -1.48845480e-04
1.29465000e+03 9.29581000e+02 1.71907000e+03 1.46415816e-02 -9.17680597e-03 -2.63569231e-03
1.27264000e+03 8.95286000e+02 1.72544000e+03 2.11519924e-02 1.49282171e-03 1.79113834e-03
1.27956000e+03 9.53942000e+02 1.71551000e+03 2.24161725e-02 -1.32437971e-02 7.18499063e-03
1.31874000e+03 8.78538000e+02 1.73384000e+03 2.32524731e-03 1.51598576e-03 -1.67598301e-02
1.26960000e+03 9.18528000e+02 1.72047000e+03 2.33521371e-02 -4.38252397e-03 5.76657856e-03
1.25329000e+03 8.80126000e+02 1.72581000e+03 2.73191451e-02 8.60666086e-03 8.81682815e-03
1.34599000e+03 8.60793000e+02 1.73227000e+03 -1.01492072e-02 1.12234172e-03 -2.91105988e-02
1.24707000e+03 8.59069000e+02 1.72795000e+03 2.79684286e-02 1.63810492e-02 1.14112371e-02
1.25233000e+03 9.07554000e+02 1.71888000e+03 2.97716355e-02 5.94717622e-04 1.13113896e-02
1.26488000e+03 9.30848000e+02 1.70894000e+03 2.72287715e-02 -8.45950834e-03 7.11417565e-03
1.34185000e+03 8.99042000e+02 1.73104000e+03 -6.84698511e-03 -6.00474255e-03 -2.28307888e-02
1.31237000e+03 9.15537000e+02 1.71443000e+03 7.56524559e-03 -1.02517835e-02 -1.33355063e-02
1.32052000e+03 9.54368000e+02 1.73573000e+03 2.35361732e-03 -1.47117042e-02 -2.05668539e-03
1.34173000e+03 8.52025000e+02 1.74801000e+03 -1.04735687e-02 8.35246601e-03 -2.44394521e-02
1.30897000e+03 8.87958000e+02 1.72033000e+03 7.59045848e-03 -3.04746624e-03 -1.52769374e-02
1.28734000e+03 8.91093000e+02 1.74169000e+03 1.32348220e-02 3.75674794e-03 -1.07070687e-03
1.30893000e+03 8.46512000e+02 1.74815000e+03 2.86503313e-03 1.36789444e-02 -1.24308976e-02
1.33418000e+03 9.37490000e+02 1.73107000e+03 -3.05167986e-03 -1.19460715e-02 -1.19920500e-02
1.34075000e+03 9.12999000e+02 1.71906000e+03 -4.33705885e-03 -1.16682797e-02 -2.27796545e-02
1.30420000e+03 8.61189000e+02 1.72956000e+03 7.26221597e-03 5.05645346e-03 -1.41997003e-02
1.33400000e+03 9.35527000e+02 1.71320000e+03 -3.69308211e-05 -1.61735686e-02 -1.71775601e-02
1.32369000e+03 8.93046000e+02 1.73558000e+03 2.46976866e-06 -1.84097436e-03 -1.62063472e-02
1.31598000e+03 8.72209000e+02 1.74803000e+03 7.49244669e-04 5.80242935e-03 -1.26699685e-02
1.28375000e+03 8.82741000e+02 1.71693000e+03 1.71953573e-02 4.30058618e-04 -6.38886633e-03
1.33461000e+03 8.67491000e+02 1.74360000e+03 -6.48072079e-03 4.38281920e-03 -2.10170984e-02
1.30664000e+03 9.44942000e+02 1.72368000e+03 1.03037944e-02 -1.23666569e-02 -2.75435845e-03
1.32806000e+03 9.21742000e+02 1.74095000e+03 -2.32723059e-03 -6.71036676e-03 -1.07678035e-02
1.31985000e+03 9.50851000e+02 1.70918000e+03 7.71923342e-03 -1.82763749e-02 -9.34592629e-03
1.30646000e+03 9.26024000e+02 1.73069000e+03 8.02185621e-03 -7.83252884e-03 -5.07713902e-03
1.28919000e+03 8.69788000e+02 1.74899000e+03 1.13784827e-02 1.10928014e-02 -1.45676624e-03
1.34637000e+03 9.42672000e+02 1.70600000e+03 -4.05885119e-03 -2.10131817e-02 -2.18590199e-02
1.33903000e+03 8.84280000e+02 1.71710000e+03 -4.11228460e-03 -6.78719495e-03 -2.74446411e-02
1.24797000e+03 9.23663000e+02 1.71384000e+03 3.27828435e-02 -2.81363814e-03 1.50951055e-02
1.24913000e+03 9.52730000e+02 1.70802000e+03 3.46295935e-02 -1.05367310e-02 1.81036225e-02
1.29885000e+03 9.44237000e+02 1.70649000e+03 1.59567724e-02 -1.49110669e-02 -4.84597124e-03
1.32925000e+03 9.20098000e+02 1.71250000e+03 9.69157146e-04 -1.34882920e-02 -1.90691541e-02
1.28080000e+03 8.54381000e+02 1.72865000e+03 1.55094843e-02 1.10592743e-02 -4.94546764e-03
1.35252000e+03 8.64884000e+02 1.74952000e+03 -1.50589948e-02 4.26358674e-03 -2.62544138e-02
1.28991000e+03 9.13657000e+02 1.71107000e+03 1.71290419e-02 -8.38455888e-03 -5.56241941e-03
1.31078000e+03 9.07576000e+02 1.73794000e+03 5.17785371e-03 -3.01613148e-03 -8.13296685e-03
1.27938000e+03 9.10024000e+02 1.73489000e+03 1.83148817e-02 -7.79914095e-04 3.76340547e-03
1.25995000e+03 8.60517000e+02 1.74284000e+03 2.25244988e-02 1.67053240e-02 8.68501045e-03
1.28043000e+03 8.58201000e+02 1.74823000e+03 1.47173498e-02 1.51698419e-02 1.10614729e-03
1.26554000e+03 8.61421000e+02 1.72011000e+03 2.25894567e-02 9.54452069e-03 2.82750820e-04
1.33651000e+03 8.87053000e+02 1.74902000e+03 -7.35229771e-03 1.34608289e-03 -1.79930616e-02
1.29582000e+03 8.74331000e+02 1.71759000e+03 1.23517515e-02 3.92082840e-04 -1.21948166e-02
1.27804000e+03 9.34682000e+02 1.72793000e+03 2.01801973e-02 -7.02055666e-03 6.67501909e-03
1.25655000e+03 8.95150000e+02 1.73185000e+03 2.61011109e-02 5.29830806e-03 1.06475493e-02
1.26547000e+03 8.84238000e+02 1.73875000e+03 2.14809676e-02 8.24543343e-03 7.18316539e-03
1.26821000e+03 8.82137000e+02 1.71817000e+03 2.27097660e-02 3.80948327e-03 2.28982105e-04
1.30635000e+03 9.29724000e+02 1.70992000e+03 1.14416926e-02 -1.27686951e-02 -8.78449546e-03
1.32922000e+03 8.66478000e+02 1.72098000e+03 -1.62673390e-03 -1.24782277e-03 -2.59925184e-02
1.28012000e+03 9.32617000e+02 1.70885000e+03 2.22579872e-02 -1.04171053e-02 1.02238644e-03
1.30778000e+03 8.60328000e+02 1.74739000e+03 3.71650148e-03 1.02270290e-02 -1.06073871e-02
1.34472000e+03 8.69561000e+02 1.71879000e+03 -7.72855352e-03 -5.23352158e-03 -3.18196881e-02
1.31159000e+03 8.71203000e+02 1.71841000e+03 6.30761827e-03 -1.11810227e-03 -1.81832695e-02
1.34374000e+03 9.14953000e+02 1.74437000e+03 -1.02656117e-02 -6.46837572e-03 -1.64521628e-02
1.35146000e+03 8.92305000e+02 1.71875000e+03 -9.57416177e-03 -9.24892712e-03 -3.08884690e-02
1.26537000e+03 9.04767000e+02 1.71028000e+03 2.58623811e-02 -2.93066309e-03 2.72438538e-03
1.28630000e+03 8.96558000e+02 1.71248000e+03 1.76827138e-02 -4.03623562e-03 -6.59889672e-03
1.25263000e+03 8.48138000e+02 1.74354000e+03 2.47126093e-02 2.18667093e-02 1.17627710e-02
1.25977000e+03 8.93627000e+02 1.71452000e+03 2.63649545e-02 1.50679538e-03 5.17871236e-03
1.30332000e+03 8.92946000e+02 1.73683000e+03 7.92127622e-03 1.08675586e-03 -7.80349895e-03
1.32412000e+03 8.54915000e+02 1.75498000e+03 -3.53765795e-03 1.12952863e-02 -1.51614166e-02
1.35336000e+03 9.33710000e+02 1.74113000e+03 -1.28626400e-02 -1.15802726e-02 -1.72575286e-02
1.35171000e+03 8.92310000e+02 1.74869000e+03 -1.45243933e-02 -1.35848946e-03 -2.23349741e-02
1.26272000e+03 9.08203000e+02 1.73356000e+03 2.44499104e-02 1.60604555e-03 1.03692327e-02
1.34353000e+03 8.45576000e+02 1.72461000e+03 -8.94342049e-03 2.00534504e-03 -3.23153957e-02
1.32635000e+03 8.95012000e+02 1.71557000e+03 1.55760933e-03 -7.70601083e-03 -2.17036966e-02
1.32660000e+03 9.08194000e+02 1.74460000e+03 -2.52770228e-03 -3.94832232e-03 -1.13354639e-02
1.25468000e+03 9.22061000e+02 1.72515000e+03 2.85939810e-02 -1.89421176e-03 1.40595605e-02
1.28877000e+03 9.21945000e+02 1.73655000e+03 1.44963608e-02 -4.53317790e-03 2.94590139e-03
1.26159000e+03 9.16287000e+02 1.70787000e+03 2.77872647e-02 -5.51129020e-03 5.79559512e-03
1.30295000e+03 9.05196000e+02 1.71035000e+03 1.19791308e-02 -8.33059528e-03 -1.26570668e-02
1.27876000e+03 8.80944000e+02 1.74694000e+03 1.55837633e-02 8.96137899e-03 3.05514899e-03
1.29829000e+03 8.90319000e+02 1.71179000e+03 1.27619760e-02 -4.62802120e-03 -1.21591236e-02
1.29478000e+03 8.82516000e+02 1.74799000e+03 9.71687487e-03 6.10803007e-03 -3.18653135e-03
1.31580000e+03 9.43504000e+02 1.73815000e+03 3.79151866e-03 -1.18977758e-02 -2.39590218e-03
1.28711000e+03 9.48340000e+02 1.72933000e+03 1.73310382e-02 -1.03356853e-02 7.13754171e-03
1.31965000e+03 9.35417000e+02 1.70688000e+03 7.21438525e-03 -1.65477287e-02 -1.37043367e-02
1.25027000e+03 8.67440000e+02 1.71725000e+03 2.86319843e-02 1.00977486e-02 7.79703613e-03
1.29440000e+03 8.55030000e+02 1.75475000e+03 8.02479333e-03 1.52809206e-02 -3.47580330e-03
1.35096000e+03 8.49200000e+02 1.73900000e+03 -1.38793778e-02 4.38673563e-03 -3.11714668e-02
1.29425000e+03 9.05150000e+02 1.74366000e+03 1.09295266e-02 -3.75483027e-04 -3.99898052e-04
1.26779000e+03 9.47216000e+02 1.70309000e+03 2.82514754e-02 -1.34312408e-02 7.25141176e-03
1.34958000e+03 8.77945000e+02 1.75100000e+03 -1.41874706e-02 2.25935259e-03 -2.32056553e-02
1.34517000e+03 9.45666000e+02 1.74071000e+03 -8.64502413e-03 -1.32723689e-02 -1.17010115e-02
1.34826000e+03 9.39474000e+02 1.72253000e+03 -7.62985320e-03 -1.56726091e-02 -1.91715340e-02
1.27879000e+03 8.68839000e+02 1.71826000e+03 1.83620759e-02 5.07342308e-03 -5.34413603e-03
1.27442000e+03 8.97215000e+02 1.74229000e+03 1.85030623e-02 3.97901889e-03 5.76806453e-03
1.30040000e+03 9.19207000e+02 1.70676000e+03 1.37623648e-02 -1.11702056e-02 -1.00180600e-02
1.35288000e+03 8.54299000e+02 1.75769000e+03 -1.67590890e-02 8.82559839e-03 -2.49944474e-02
1.32270000e+03 8.82246000e+02 1.71529000e+03 2.68525793e-03 -5.17842806e-03 -2.29480500e-02
1.35020000e+03 9.12177000e+02 1.72892000e+03 -9.85447661e-03 -1.00976262e-02 -2.34045402e-02
1.33569000e+03 9.15178000e+02 1.73140000e+03 -3.78299394e-03 -7.22151004e-03 -1.73006282e-02
1.32569000e+03 9.47112000e+02 1.72256000e+03 2.63375151e-03 -1.48589469e-02 -8.60496456e-03
1.30940000e+03 8.50049000e+02 1.73375000e+03 3.94080059e-03 8.35972857e-03 -1.56342467e-02
1.28814000e+03 8.76568000e+02 1.73356000e+03 1.39644302e-02 4.82803913e-03 -4.96846948e-03
1.31588000e+03 8.65336000e+02 1.73319000e+03 2.66639970e-03 4.48512508e-03 -1.71539042e-02
1.30140000e+03 9.15646000e+02 1.72301000e+03 1.06719626e-02 -6.97624055e-03 -6.84954659e-03
1.32857000e+03 8.47092000e+02 1.72030000e+03 -2.74941566e-03 1.74147849e-03 -2.75835908e-02
1.31293000e+03 9.03067000e+02 1.72303000e+03 6.08900052e-03 -5.59152895e-03 -1.39018003e-02
1.33500000e+03 9.26228000e+02 1.72439000e+03 -1.95886636e-03 -1.17891977e-02 -1.68837658e-02
1.25575000e+03 8.75577000e+02 1.74310000e+03 2.51776919e-02 1.32964425e-02 1.19849544e-02
1.27077000e+03 8.69152000e+02 1.74790000e+03 1.85317229e-02 1.34881649e-02 5.56924715e-03
1.26717000e+03 9.44671000e+02 1.72218000e+03 2.56829081e-02 -8.79529494e-03 1.20252533e-02
1.32371000e+03 9.07365000e+02 1.71093000e+03 3.00244678e-03 -1.13731642e-02 -1.99225165e-02
1.28487000e+03 9.47566000e+02 1.70208000e+03 2.22345968e-02 -1.52011030e-02 5.17861309e-04
1.32522000e+03 8.81568000e+02 1.75100000e+03 -3.26565377e-03 3.20668446e-03 -1.38711971e-02
1.31007000e+03 8.83465000e+02 1.74944000e+03 3.68146052e-03 4.22174453e-03 -8.11126283e-03
1.34321000e+03 9.26379000e+02 1.70799000e+03 -3.31805330e-03 -1.71555595e-02 -2.40878311e-02
1.25184000e+03 9.38529000e+02 1.70267000e+03 3.32719342e-02 -9.44051213e-03 1.26438795e-02
1.35449000e+03 8.80218000e+02 1.71587000e+03 -1.07219818e-02 -8.20516693e-03 -3.47010805e-02
1.27340000e+03 8.93744000e+02 1.71150000e+03 2.25103509e-02 -1.61630508e-03 -1.85937860e-03
1.29355000e+03 9.33322000e+02 1.70330000e+03 1.78469187e-02 -1.39351775e-02 -4.92493351e-03
1.30951000e+03 9.48166000e+02 1.70222000e+03 1.26702415e-02 -1.84078752e-02 -7.75615344e-03
1.27154000e+03 9.21818000e+02 1.73378000e+03 2.14024741e-02 -2.99955853e-03 8.74010598e-03
1.34857000e+03 9.53435000e+02 1.70145000e+03 -3.09484577e-03 -2.44800067e-02 -2.12140719e-02
1.31903000e+03 9.16844000e+02 1.72886000e+03 3.81208222e-03 -7.31197510e-03 -1.15792430e-02
1.32070000e+03 9.30555000e+02 1.74179000e+03 1.29346625e-03 -8.52650107e-03 -5.40951243e-03
1.24640000e+03 9.36108000e+02 1.71713000e+03 3.36381389e-02 -5.09310040e-03 1.81128788e-02
1.33876000e+03 8.61850000e+02 1.75689000e+03 -9.86224188e-03 8.04866911e-03 -1.88917935e-02
1.29462000e+03 9.37805000e+02 1.73521000e+03 1.26372149e-02 -8.24488784e-03 2.97410201e-03
1.32982000e+03 9.44023000e+02 1.70365000e+03 3.52675731e-03 -1.99104229e-02 -1.57161507e-02
1.30056000e+03 9.16248000e+02 1.74231000e+03 9.12362051e-03 -3.50411387e-03 -1.70773093e-03
1.24861000e+03 8.62810000e+02 1.74144000e+03 2.66869914e-02 1.84806708e-02 1.40091891e-02
1.31520000e+03 8.56292000e+02 1.72045000e+03 3.91651834e-03 1.78184324e-03 -2.14331116e-02
1.33569000e+03 8.52838000e+02 1.73217000e+03 -6.08353941e-03 3.80712386e-03 -2.65164499e-02
1.28541000e+03 8.96810000e+02 1.73026000e+03 1.57324189e-02 5.63024640e-04 -1.54010415e-03
1.27878000e+03 8.84474000e+02 1.73145000e+03 1.76127617e-02 4.97901581e-03 -7.26795428e-04
1.27787000e+03 9.13595000e+02 1.70716000e+03 2.19360546e-02 -7.26017532e-03 -1.61294505e-03
1.35170000e+03 8.71091000e+02 1.73652000e+03 -1.26376731e-02 -1.78202799e-04 -2.91775650e-02
1.27848000e+03 9.06663000e+02 1.72019000e+03 1.95802591e-02 -3.24380157e-03 2.58941604e-04
1.33875000e+03 9.30141000e+02 1.74356000e+03 -6.57560999e-03 -8.34885634e-03 -1.20150445e-02
1.33545000e+03 8.78372000e+02 1.73312000e+03 -4.93420598e-03 -4.43046456e-04 -2.33925817e-02
1.35301000e+03 9.05022000e+02 1.71271000e+03 -9.09768755e-03 -1.34919748e-02 -3.06579471e-02
1.31709000e+03 9.22176000e+02 1.70579000e+03 7.23033056e-03 -1.44421183e-02 -1.61560256e-02
1.26157000e+03 8.71438000e+02 1.71439000e+03 2.50768163e-02 6.34597418e-03 1.73451236e-03
1.28373000e+03 9.19277000e+02 1.72271000e+03 1.80129199e-02 -5.74114334e-03 1.41736806e-04
1.26089000e+03 8.69827000e+02 1.73059000e+03 2.42557229e-02 1.09936599e-02 5.49585725e-03
1.24774000e+03 9.12557000e+02 1.70562000e+03 3.27602269e-02 -2.66194889e-03 1.11019825e-02
1.26147000e+03 9.33186000e+02 1.72605000e+03 2.65935658e-02 -5.61765694e-03 1.33194847e-02
1.31342000e+03 8.97562000e+02 1.70947000e+03 7.47175359e-03 -9.22523578e-03 -1.80854440e-02
1.29132000e+03 8.63407000e+02 1.73451000e+03 1.18018473e-02 8.42865474e-03 -7.47954881e-03
1.32566000e+03 8.67766000e+02 1.75501000e+03 -4.24022458e-03 7.56639840e-03 -1.43209787e-02
1.30312000e+03 8.71979000e+02 1.75308000e+03 5.50151080e-03 8.58467327e-03 -5.11214005e-03
1.33790000e+03 9.00811000e+02 1.71130000e+03 -2.53135422e-03 -1.17274421e-02 -2.60208897e-02
1.29431000e+03 8.86881000e+02 1.72747000e+03 1.25049745e-02 4.88212445e-04 -7.22701613e-03
1.27568000e+03 9.51096000e+02 1.72887000e+03 2.15124954e-02 -9.82810041e-03 1.11780475e-02
1.29729000e+03 8.93664000e+02 1.74935000e+03 8.46011624e-03 3.30788396e-03 -2.00833063e-03
1.27009000e+03 8.57969000e+02 1.73610000e+03 1.90275578e-02 1.41727997e-02 1.90648643e-03
1.34286000e+03 8.57557000e+02 1.71861000e+03 -7.77447268e-03 -2.99455083e-03 -3.23971952e-02
1.24863000e+03 8.87565000e+02 1.73803000e+03 2.84576446e-02 9.58710953e-03 1.53358998e-02
1.28933000e+03 9.41736000e+02 1.71698000e+03 1.80075389e-02 -1.17712570e-02 1.35939151e-03
1.25467000e+03 9.46680000e+02 1.71870000e+03 3.09158760e-02 -8.22864471e-03 1.71879908e-02
1.25425000e+03 8.81973000e+02 1.71130000e+03 2.82542128e-02 4.07452516e-03 5.38469474e-03
1.33455000e+03 8.47668000e+02 1.75942000e+03 -9.17534839e-03 1.25563906e-02 -1.84233642e-02
1.31275000e+03 8.98326000e+02 1.74880000e+03 2.63628954e-03 1.05043211e-04 -6.96469491e-03
1.25533000e+03 8.53408000e+02 1.71710000e+03 2.59289490e-02 1.27237286e-02 3.99371055e-03
1.34007000e+03 9.11579000e+02 1.70762000e+03 -2.47564864e-03 -1.54056342e-02 -2.57721097e-02
1.25962000e+03 8.54899000e+02 1.73066000e+03 2.32330605e-02 1.54358087e-02 5.34094701e-03
1.32882000e+03 9.44500000e+02 1.74177000e+03 -2.09060429e-03 -1.19950567e-02 -5.55663954e-03
1.31229000e+03 9.19709000e+02 1.74420000e+03 3.87223413e-03 -4.77111676e-03 -3.98305886e-03
1.33877000e+03 8.99985000e+02 1.74917000e+03 -8.58630203e-03 -1.41970619e-03 -1.57579143e-02
1.27088000e+03 8.50947000e+02 1.71910000e+03 1.97607883e-02 1.05758086e-02 -3.12558381e-03
1.24723000e+03 8.89606000e+02 1.72214000e+03 3.03028930e-02 6.43180586e-03 1.24803193e-02
1.30768000e+03 9.35984000e+02 1.74020000e+03 6.34342358e-03 -8.91554891e-03 -1.02209299e-03
1.29737000e+03 8.59337000e+02 1.71787000e+03 1.13987395e-02 3.14066662e-03 -1.40801245e-02
1.26652000e+03 8.55055000e+02 1.75072000e+03 1.93997770e-02 1.91812044e-02 7.70102608e-03
1.25580000e+03 9.25922000e+02 1.70199000e+03 3.09238738e-02 -7.73978599e-03 8.54474792e-03
1.34783000e+03 9.51849000e+02 1.77919000e+03 -4.39390884e-02 -4.28039658e-03 -4.57564680e-03
1.34178000e+03 8.71796000e+02 1.79080000e+03 -3.22487847e-02 1.14521649e-02 -1.09015315e-02
1.34631000e+03 9.33644000e+02 1.77854000e+03 -3.77263480e-02 -2.77248734e-03 -8.30664401e-03
1.34331000e+03 9.03228000e+02 1.78643000e+03 -3.59805253e-02 3.29596027e-03 -9.00100682e-03
1.32546000e+03 8.47980000e+02 1.79368000e+03 -2.25303986e-02 1.80802015e-02 -6.12544915e-03
1.32916000e+03 8.84308000e+02 1.78524000e+03 -2.51171394e-02 7.08862658e-03 -6.53698180e-03
1.32330000e+03 9.34885000e+02 1.77385000e+03 -2.31269177e-02 -5.99983783e-03 1.00522139e-03
1.31547000e+03 8.64967000e+02 1.78291000e+03 -1.37537897e-02 1.26317274e-02 -3.24173540e-03
1.32638000e+03 9.14984000e+02 1.77688000e+03 -2.31360834e-02 -1.21602575e-03 -3.29660316e-03
1.34284000e+03 8.87399000e+02 1.79147000e+03 -3.68171778e-02 8.33589908e-03 -9.91883842e-03
1.34703000e+03 8.47079000e+02 1.78133000e+03 -2.36770971e-02 1.61625238e-02 -1.76593037e-02
1.31281000e+03 9.44065000e+02 1.76913000e+03 -1.60746720e-02 -7.52862497e-03 5.35689273e-03
1.31288000e+03 8.98301000e+02 1.77711000e+03 -1.38897496e-02 1.87280564e-03 -7.01659404e-04
1.29975000e+03 8.54598000e+02 1.78190000e+03 -4.59524981e-03 1.72562284e-02 1.51711157e-03
1.29979000e+03 8.76661000e+02 1.77844000e+03 -6.04315506e-03 9.10187200e-03 2.82992873e-03
1.31332000e+03 9.25226000e+02 1.77367000e+03 -1.58251842e-02 -3.00875645e-03 2.21155929e-03
1.35121000e+03 8.89224000e+02 1.77656000e+03 -2.90297211e-02 6.21673213e-03 -1.51369173e-02
1.34288000e+03 9.41328000e+02 1.76373000e+03 -2.34456891e-02 -6.93573139e-03 -6.80809765e-03
1.33311000e+03 9.46707000e+02 1.78854000e+03 -4.40616199e-02 -4.42049377e-03 2.05746462e-03
1.35364000e+03 9.04689000e+02 1.80369000e+03 -5.76690190e-02 1.13922455e-02 -8.91434569e-03
1.29085000e+03 9.49018000e+02 1.76094000e+03 9.56423863e-04 -9.58294009e-03 1.25849953e-02
1.32890000e+03 8.98485000e+02 1.78007000e+03 -2.33549353e-02 2.78945769e-03 -4.98295422e-03
1.30012000e+03 9.33790000e+02 1.76495000e+03 -4.20766194e-03 -6.26231690e-03 7.08012884e-03
1.32523000e+03 8.64912000e+02 1.79749000e+03 -2.92489176e-02 1.28820802e-02 -3.93636859e-03
1.30123000e+03 9.08555000e+02 1.77180000e+03 -6.50426900e-03 -5.09022837e-04 3.70275284e-03
1.32985000e+03 8.59201000e+02 1.77908000e+03 -1.58324550e-02 1.30517578e-02 -9.72160040e-03
1.34601000e+03 9.40996000e+02 1.79476000e+03 -5.45902913e-02 1.31517520e-03 -4.21420677e-03
1.28771000e+03 8.65351000e+02 1.77880000e+03 3.08838543e-04 1.49601359e-02 6.52188253e-03
1.29991000e+03 8.91584000e+02 1.77576000e+03 -7.23300180e-03 5.03614190e-03 3.36094183e-03
1.34066000e+03 9.17165000e+02 1.77153000e+03 -2.55887255e-02 -1.50390545e-03 -9.77697581e-03
1.33485000e+03 9.21381000e+02 1.78947000e+03 -3.86820773e-02 -3.69180431e-04 -3.33239492e-03
1.27594000e+03 9.42762000e+02 1.75721000e+03 1.14897639e-02 -7.43485693e-03 1.70583526e-02
1.34033000e+03 8.79587000e+02 1.77763000e+03 -2.31895677e-02 7.19734251e-03 -1.27597712e-02
1.33172000e+03 8.96680000e+02 1.79491000e+03 -3.72057938e-02 5.28593672e-03 -4.00700607e-03
1.31006000e+03 8.53695000e+02 1.79618000e+03 -1.88350500e-02 1.75183857e-02 1.07977151e-03
1.29229000e+03 9.21165000e+02 1.76586000e+03 4.19456171e-04 -4.16360393e-03 7.92034871e-03
1.25473000e+03 9.50225000e+02 1.74504000e+03 2.63977626e-02 -6.98907947e-03 2.35987716e-02
1.28613000e+03 8.81289000e+02 1.77522000e+03 9.84207849e-04 8.98989493e-03 7.97827807e-03
1.33000000e+03 8.80538000e+02 1.79909000e+03 -3.62021598e-02 9.60264763e-03 -4.16750371e-03
1.33619000e+03 9.51881000e+02 1.76310000e+03 -2.15443811e-02 -8.99869092e-03 -2.33187424e-03
1.26386000e+03 9.39786000e+02 1.75003000e+03 2.16748155e-02 -5.94037173e-03 1.91158597e-02
1.28677000e+03 8.95781000e+02 1.77062000e+03 1.85050880e-03 4.07669534e-03 7.47474855e-03
1.34677000e+03 8.62288000e+02 1.77900000e+03 -2.41699122e-02 1.20585501e-02 -1.58747400e-02
1.27923000e+03 8.53437000e+02 1.77981000e+03 5.16317343e-03 1.98695065e-02 9.88988532e-03
1.35355000e+03 9.04121000e+02 1.77196000e+03 -2.96654737e-02 2.20401677e-03 -1.68716269e-02
1.30962000e+03 8.83104000e+02 1.78615000e+03 -1.74245326e-02 7.38671584e-03 6.81018968e-04
1.27258000e+03 8.67678000e+02 1.77534000e+03 7.72380432e-03 1.67747350e-02 1.24606530e-02
1.31595000e+03 8.76028000e+02 1.77451000e+03 -9.69869937e-03 8.41543126e-03 -4.65100490e-03
1.32620000e+03 9.43012000e+02 1.76352000e+03 -1.62290721e-02 -8.26166718e-03 -1.33817523e-04
1.31620000e+03 8.49545000e+02 1.77996000e+03 -9.00138226e-03 1.68294219e-02 -6.16340386e-03
1.35137000e+03 8.60902000e+02 1.79469000e+03 -3.80763875e-02 1.67821973e-02 -1.34858654e-02
1.33089000e+03 9.34496000e+02 1.78747000e+03 -3.89511783e-02 -3.84754144e-03 1.99632740e-04
1.33511000e+03 9.30630000e+02 1.76530000e+03 -2.06235817e-02 -4.96787984e-03 -6.72259355e-03
1.31655000e+03 9.09668000e+02 1.76666000e+03 -8.55390583e-03 -1.93222166e-03 -3.07452120e-03
1.27332000e+03 8.92400000e+02 1.76944000e+03 7.91526581e-03 6.89869533e-03 1.27171099e-02
1.28519000e+03 9.34226000e+02 1.76276000e+03 3.93560946e-03 -5.95778339e-03 1.21190724e-02
1.27729000e+03 9.20692000e+02 1.76226000e+03 9.40869802e-03 -3.85780660e-03 1.31418535e-02
1.32511000e+03 9.21284000e+02 1.76622000e+03 -1.38399886e-02 -3.51713893e-03 -4.23507496e-03
1.24996000e+03 9.35581000e+02 1.74545000e+03 2.83398158e-02 -2.91942080e-03 2.36449554e-02
1.31807000e+03 8.76564000e+02 1.79395000e+03 -2.59799753e-02 9.90565750e-03 -1.06205553e-03
1.31998000e+03 9.45320000e+02 1.78361000e+03 -3.30293212e-02 -7.34835871e-03 5.80572772e-03
1.34497000e+03 9.28790000e+02 1.79724000e+03 -5.29413518e-02 3.06585171e-03 -5.32633477e-03
1.26491000e+03 8.57502000e+02 1.77339000e+03 1.34563669e-02 2.26803474e-02 1.56898641e-02
1.32817000e+03 9.09488000e+02 1.78935000e+03 -3.32904469e-02 2.01172052e-05 -1.58090498e-03
1.33963000e+03 9.51797000e+02 1.79694000e+03 -5.68995512e-02 -1.24808606e-03 9.03767841e-04
1.32178000e+03 9.27543000e+02 1.78390000e+03 -3.02706857e-02 -4.27783415e-03 1.53495270e-03
1.26722000e+03 8.79065000e+02 1.77027000e+03 1.14130218e-02 1.36933386e-02 1.50426172e-02
1.28468000e+03 9.08499000e+02 1.76886000e+03 2.18368048e-03 -6.68892581e-04 9.25108034e-03
1.30450000e+03 9.49379000e+02 1.75982000e+03 -4.37237967e-03 -9.43994464e-03 7.61107941e-03
1.27048000e+03 9.29758000e+02 1.75624000e+03 1.68056953e-02 -4.01810818e-03 1.67791884e-02
1.33446000e+03 8.49011000e+02 1.77943000e+03 -1.65220370e-02 1.54154708e-02 -1.30502186e-02
1.27056000e+03 9.07486000e+02 1.76442000e+03 1.13409825e-02 1.94618152e-03 1.47852988e-02
1.33771000e+03 8.57834000e+02 1.79317000e+03 -2.94776473e-02 1.55940483e-02 -1.01249661e-02
1.30286000e+03 8.67565000e+02 1.79064000e+03 -1.46819148e-02 1.31898245e-02 3.22052105e-03
1.29413000e+03 8.47246000e+02 1.79301000e+03 -8.70904725e-03 2.10422394e-02 6.21754418e-03
1.29690000e+03 9.46449000e+02 1.77288000e+03 -1.37527560e-02 -9.12197129e-03 1.24412696e-02
1.34151000e+03 9.13253000e+02 1.79777000e+03 -4.83901259e-02 4.05172433e-03 -4.18213572e-03
1.31511000e+03 9.11515000e+02 1.78183000e+03 -2.12511069e-02 -1.83301883e-03 1.51150615e-03
1.25204000e+03 8.85212000e+02 1.76368000e+03 2.18761557e-02 1.47617458e-02 2.23051745e-02
1.25703000e+03 8.67897000e+02 1.76890000e+03 1.76248001e-02 2.08538569e-02 1.83072360e-02
1.34038000e+03 9.02302000e+02 1.77174000e+03 -2.16103762e-02 2.25882297e-03 -1.15788600e-02
1.30509000e+03 8.64377000e+02 1.77481000e+03 -3.25085457e-03 1.24702252e-02 -6.21939101e-04
1.31697000e+03 9.34675000e+02 1.76297000e+03 -1.02852897e-02 -6.31366417e-03 9.18971994e-04
1.26328000e+03 9.18422000e+02 1.75854000e+03 1.83697157e-02 -1.11921515e-03 1.76808172e-02
1.26078000e+03 8.94379000e+02 1.76556000e+03 1.56475498e-02 8.61780991e-03 1.79355059e-02
1.30987000e+03 8.85936000e+02 1.77050000e+03 -5.55216880e-03 6.46219318e-03 -1.59884200e-03
1.25230000e+03 9.23874000e+02 1.75115000e+03 2.52589362e-02 -1.38942446e-04 2.23600332e-02
1.31785000e+03 9.51938000e+02 1.75981000e+03 -1.03350716e-02 -1.01640116e-02 4.22118661e-03
1.31882000e+03 8.54371000e+02 1.80488000e+03 -2.99608350e-02 1.69560247e-02 -5.04902444e-04
1.35466000e+03 8.95775000e+02 1.78986000e+03 -4.32141690e-02 8.97469341e-03 -1.29645638e-02
1.30138000e+03 9.22968000e+02 1.77583000e+03 -1.27999781e-02 -4.88271705e-03 6.46002111e-03
1.35059000e+03 9.31497000e+02 1.76407000e+03 -2.60420423e-02 -5.67203436e-03 -1.27112577e-02
1.30611000e+03 9.54856000e+02 1.77923000e+03 -2.59337027e-02 -9.85873123e-03 1.18327180e-02
1.33776000e+03 8.91519000e+02 1.77811000e+03 -2.47023731e-02 4.30297958e-03 -1.08795573e-02
1.35059000e+03 8.73804000e+02 1.77550000e+03 -2.50590201e-02 9.55580390e-03 -1.64364336e-02
1.32858000e+03 8.71687000e+02 1.77828000e+03 -1.76198164e-02 9.80004756e-03 -8.60722194e-03
1.24566000e+03 8.72083000e+02 1.76258000e+03 2.45793255e-02 2.18154986e-02 2.40379351e-02
1.34097000e+03 8.45684000e+02 1.79671000e+03 -3.08926349e-02 1.94910659e-02 -1.11382741e-02
1.30840000e+03 9.36860000e+02 1.77692000e+03 -2.00362318e-02 -5.63003358e-03 6.50007619e-03
1.32598000e+03 8.87262000e+02 1.77223000e+03 -1.35355552e-02 5.09065407e-03 -7.94042817e-03
1.24526000e+03 8.98551000e+02 1.75707000e+03 2.74043349e-02 8.66604186e-03 2.47953842e-02
1.34136000e+03 8.96440000e+02 1.80245000e+03 -4.91294784e-02 8.97373187e-03 -6.12729963e-03
1.25288000e+03 8.53203000e+02 1.76830000e+03 2.13673239e-02 2.63048826e-02 1.88032717e-02
1.25572000e+03 9.07037000e+02 1.75859000e+03 2.12335445e-02 3.07939699e-03 2.09591055e-02
1.33272000e+03 9.27646000e+02 1.77694000e+03 -2.75912318e-02 -2.94355535e-03 -3.22353114e-03
1.30706000e+03 9.18442000e+02 1.76444000e+03 -4.15842739e-03 -2.76350618e-03 1.40120907e-03
1.32657000e+03 9.05667000e+02 1.76823000e+03 -1.36554254e-02 4.21761916e-04 -6.06349029e-03
1.33398000e+03 9.42751000e+02 1.77499000e+03 -3.15156815e-02 -4.80694631e-03 -7.44811718e-04
1.32006000e+03 8.92955000e+02 1.79068000e+03 -2.75014911e-02 4.01573148e-03 -9.84487925e-04
1.28011000e+03 9.52152000e+02 1.76615000e+03 -1.40984299e-03 -1.23044850e-02 1.78214450e-02
1.31213000e+03 8.64932000e+02 1.79948000e+03 -2.48279822e-02 1.42944240e-02 1.87434295e-03
1.29849000e+03 9.31025000e+02 1.79865000e+03 -3.80647199e-02 -1.35570538e-02 1.34526389e-02
1.30353000e+03 9.44282000e+02 1.80226000e+03 -4.74114854e-02 -1.98132244e-02 1.37113290e-02
1.29214000e+03 9.52154000e+02 1.79685000e+03 -4.11002227e-02 -2.49356511e-02 1.70066035e-02
1.28608000e+03 9.32220000e+02 1.79108000e+03 -2.53609623e-02 -1.49662349e-02 1.64376096e-02
1.28450000e+03 9.44963000e+02 1.79026000e+03 -2.93863237e-02 -2.03790609e-02 1.78956497e-02
1.25261000e+03 8.59205000e+02 1.79246000e+03 7.77497521e-03 2.50064508e-02 2.81028556e-02
1.27496000e+03 9.37281000e+02 1.78517000e+03 -1.73779931e-02 -1.78477517e-02 2.07154446e-02
1.26399000e+03 8.56848000e+02 1.79959000e+03 -1.09998898e-03 2.40147418e-02 2.60912101e-02
1.29658000e+03 9.11687000e+02 1.79899000e+03 -3.30865928e-02 -4.72255574e-03 1.35849153e-02
1.26358000e+03 9.43231000e+02 1.77854000e+03 -8.92309817e-03 -1.70749169e-02 2.35970893e-02
1.28566000e+03 9.19316000e+02 1.79167000e+03 -2.20606687e-02 -8.40977303e-03 1.69261526e-02
1.26309000e+03 8.69857000e+02 1.79537000e+03 -2.08365863e-03 1.93890534e-02 2.64135840e-02
1.27475000e+03 8.67407000e+02 1.80138000e+03 -1.01400700e-02 1.78058669e-02 2.16998208e-02
1.24869000e+03 8.76242000e+02 1.78835000e+03 8.46484410e-03 2.10652733e-02 3.18054206e-02
1.26961000e+03 9.09400000e+02 1.78810000e+03 -1.04149692e-02 -1.88724879e-04 2.42945954e-02
