x y z dx dy dz  # rigid-removed deformational residual
1.27857000e+03 9.37489000e+02 1.80049000e+03 -3.70007107e-02 -2.60198149e-02 2.41889403e-02
1.27845000e+03 9.13058000e+02 1.80238000e+03 -3.05853112e-02 -4.18678929e-03 2.52071056e-02
1.27725000e+03 9.49092000e+02 1.80164000e+03 -4.10653412e-02 -3.68437148e-02 2.32560040e-02
1.26930000e+03 9.43464000e+02 1.79571000e+03 -3.10796055e-02 -2.88337233e-02 2.70856238e-02
1.26805000e+03 9.54943000e+02 1.79745000e+03 -3.98582555e-02 -3.63178980e-02 2.54762372e-02
1.27024000e+03 9.31284000e+02 1.79589000e+03 -2.50311129e-02 -1.62203249e-02 2.97413761e-02
1.26002000e+03 9.49803000e+02 1.79096000e+03 -2.53252262e-02 -3.00659443e-02 2.79470249e-02
1.25233000e+03 9.31123000e+02 1.78634000e+03 -1.04426837e-02 -1.17876723e-02 3.69359942e-02
1.25304000e+03 9.19488000e+02 1.78895000e+03 -6.58029895e-03 -4.34579604e-03 3.67514303e-02
1.25377000e+03 9.08542000e+02 1.79224000e+03 -7.52355305e-03 3.67570210e-03 3.75324051e-02
1.25458000e+03 8.97715000e+02 1.79585000e+03 -5.66165968e-03 1.06720769e-02 3.76770795e-02
1.24554000e+03 8.90874000e+02 1.79365000e+03 2.66106611e-03 1.45438031e-02 3.77645399e-02
1.25527000e+03 8.86549000e+02 1.79950000e+03 -3.87966365e-03 1.42984857e-02 3.45836498e-02
1.24614000e+03 8.79489000e+02 1.79735000e+03 2.55493386e-03 2.08987508e-02 3.71091396e-02
1.25574000e+03 8.75187000e+02 1.80304000e+03 -2.34842725e-03 1.99627504e-02 3.44301142e-02
1.24680000e+03 8.67949000e+02 1.80101000e+03 4.98928632e-03 2.60961681e-02 3.53193966e-02
1.24750000e+03 8.56469000e+02 1.80454000e+03 4.27423711e-03 2.82320791e-02 3.56932657e-02
1.26356000e+03 9.04505000e+02 1.79785000e+03 -1.36899523e-02 3.68672005e-03 3.19799500e-02
1.26528000e+03 8.82142000e+02 1.80497000e+03 -1.14111687e-02 1.38837300e-02 2.90119303e-02
1.26238000e+03 9.14611000e+02 1.79465000e+03 -1.53148905e-02 3.00480899e-03 3.78420263e-02
1.26480000e+03 8.93717000e+02 1.80144000e+03 -1.41511555e-02 8.48563929e-03 2.94719099e-02
1.27513000e+03 9.02031000e+02 1.80346000e+03 -2.63095339e-02 5.69465768e-04 2.47284956e-02
1.27918000e+03 9.25389000e+02 1.80094000e+03 -3.12573076e-02 -9.53221571e-03 2.58277830e-02
1.25136000e+03 9.43670000e+02 1.78504000e+03 -1.13348002e-02 -1.89915706e-02 3.65295564e-02
1.26092000e+03 9.37425000e+02 1.79057000e+03 -1.91370259e-02 -1.91420094e-02 3.00854079e-02
1.26173000e+03 9.25535000e+02 1.79211000e+03 -1.68418089e-02 -1.07462739e-02 3.34806207e-02
1.27125000e+03 9.19382000e+02 1.79783000e+03 -2.33223189e-02 -6.16966607e-03 2.71173582e-02
1.27088000e+03 9.10241000e+02 1.79957000e+03 -2.15103584e-02 -1.66559657e-04 3.30992600e-02
1.27901000e+03 8.49672000e+02 1.79554000e+03 -5.11852053e-03 2.20372535e-02 1.41614288e-02
1.26873000e+03 8.46087000e+02 1.79072000e+03 3.72363667e-03 2.52884615e-02 1.73702844e-02
1.27167000e+03 8.57387000e+02 1.79019000e+03 4.85757276e-04 2.04116814e-02 1.74400900e-02
1.26134000e+03 8.53871000e+02 1.78554000e+03 8.92254655e-03 2.44368398e-02 2.03014340e-02
1.26424000e+03 8.65156000e+02 1.78512000e+03 5.98842261e-03 1.99610526e-02 1.99459224e-02
1.25388000e+03 8.61726000e+02 1.78063000e+03 1.40301914e-02 2.40825701e-02 2.32711445e-02
1.25103000e+03 8.50382000e+02 1.78079000e+03 1.65402430e-02 2.82075965e-02 2.33622111e-02
1.24640000e+03 8.69696000e+02 1.77590000e+03 1.82853496e-02 2.21717558e-02 2.69925767e-02
1.28206000e+03 8.60904000e+02 1.79469000e+03 -7.76821938e-03 1.66486688e-02 1.37410986e-02
1.31989000e+03 8.94057000e+02 1.80349000e+03 -4.05637709e-02 4.39108155e-03 2.21345277e-03
1.32305000e+03 9.05217000e+02 1.80164000e+03 -4.36300681e-02 -2.66764144e-04 1.67188957e-03
1.31282000e+03 9.01504000e+02 1.79725000e+03 -3.26640883e-02 9.89614534e-06 3.63792145e-03
1.31582000e+03 9.12588000e+02 1.79573000e+03 -3.57626126e-02 -4.23630192e-03 3.72690029e-03
1.30556000e+03 9.09255000e+02 1.79138000e+03 -2.62397293e-02 -2.19536300e-03 6.56966296e-03
1.24868000e+03 9.44227000e+02 1.75877000e+03 1.92432241e-02 -9.45262627e-03 2.76014075e-02
1.25851000e+03 9.47715000e+02 1.76416000e+03 9.53205006e-03 -1.24239250e-02 2.18375793e-02
1.25588000e+03 9.36001000e+02 1.76374000e+03 1.33614706e-02 -7.92596760e-03 2.32621815e-02
1.26586000e+03 9.39420000e+02 1.76834000e+03 4.45742418e-03 -9.89530545e-03 2.03333454e-02
1.26309000e+03 9.27598000e+02 1.76895000e+03 7.37221814e-03 -5.46956512e-03 2.03598873e-02
1.27337000e+03 9.30914000e+02 1.77293000e+03 -2.47966328e-04 -8.41633688e-03 1.69223871e-02
1.26976000e+03 9.18952000e+02 1.77400000e+03 1.99103525e-03 -4.77473800e-03 1.85660259e-02
1.30247000e+03 8.98022000e+02 1.79319000e+03 -2.40071259e-02 1.74153503e-03 7.03181658e-03
1.30828000e+03 9.20582000e+02 1.79027000e+03 -2.92172746e-02 -5.11485262e-03 6.01578804e-03
1.25213000e+03 9.24329000e+02 1.76483000e+03 1.71410966e-02 -2.29001366e-03 2.64493428e-02
1.27565000e+03 9.42844000e+02 1.77331000e+03 -5.08222179e-03 -1.11637170e-02 1.86579079e-02
1.31802000e+03 9.23433000e+02 1.79484000e+03 -3.87609072e-02 -6.17044637e-03 4.04611976e-03
1.29512000e+03 9.05926000e+02 1.78756000e+03 -1.76514962e-02 -7.80807701e-04 9.21573787e-03
1.29188000e+03 8.94596000e+02 1.78960000e+03 -1.61268156e-02 3.51875359e-03 1.14224607e-02
1.29919000e+03 8.86833000e+02 1.79529000e+03 -2.14657903e-02 5.78130563e-03 7.71711753e-03
1.28326000e+03 9.34295000e+02 1.77714000e+03 -8.32491398e-03 -8.39243115e-03 1.46732840e-02
1.28504000e+03 9.46146000e+02 1.77857000e+03 -1.47582621e-02 -1.27974936e-02 1.66666798e-02
1.31061000e+03 9.32209000e+02 1.79040000e+03 -3.23658216e-02 -7.49623687e-03 5.43872744e-03
1.27713000e+03 9.54374000e+02 1.77593000e+03 -1.12544930e-02 -1.50702131e-02 2.04003523e-02
1.28442000e+03 9.02568000e+02 1.78427000e+03 -9.94489038e-03 1.30070206e-03 1.19317177e-02
1.28110000e+03 8.91183000e+02 1.78632000e+03 -8.13474277e-03 4.93735815e-03 1.29989979e-02
1.27359000e+03 8.99185000e+02 1.78124000e+03 -2.91151723e-03 2.74131070e-03 1.69011945e-02
1.33154000e+03 9.46388000e+02 1.80259000e+03 -5.80005839e-02 -3.67613002e-03 5.00004518e-03
1.30289000e+03 8.68135000e+02 1.80333000e+03 -2.46839825e-02 1.33333156e-02 7.85799889e-03
1.27032000e+03 8.87770000e+02 1.78306000e+03 -1.78414603e-03 9.19747612e-03 1.82025352e-02
1.26283000e+03 8.95732000e+02 1.77816000e+03 1.57612540e-03 6.93421497e-03 2.33715347e-02
1.28767000e+03 9.14088000e+02 1.78235000e+03 -1.17284997e-02 -3.72619595e-03 1.21365554e-02
1.29414000e+03 9.49452000e+02 1.78413000e+03 -2.49544772e-02 -1.44464683e-02 1.45697453e-02
1.30071000e+03 9.29130000e+02 1.78562000e+03 -2.27663033e-02 -8.21585790e-03 8.36593979e-03
1.27778000e+03 8.79848000e+02 1.78805000e+03 -6.07089096e-03 9.90379946e-03 1.43369946e-02
1.29959000e+03 8.56957000e+02 1.80490000e+03 -2.16253708e-02 1.71608150e-02 8.22789134e-03
1.25960000e+03 8.84296000e+02 1.77953000e+03 6.49413304e-03 1.41746593e-02 2.30473167e-02
1.33116000e+03 9.34415000e+02 1.80115000e+03 -5.32984883e-02 -3.97124061e-03 1.31250964e-03
1.26613000e+03 9.07248000e+02 1.77607000e+03 1.93459614e-03 4.81366559e-04 2.05286654e-02
1.25532000e+03 9.03554000e+02 1.77295000e+03 1.12129351e-02 4.70333028e-03 2.56323521e-02
1.32383000e+03 9.42378000e+02 1.79789000e+03 -4.87400169e-02 -6.96907723e-03 5.79754245e-03
1.25853000e+03 9.15198000e+02 1.77054000e+03 9.68396463e-03 3.42022435e-04 2.45168543e-02
1.24687000e+03 9.11661000e+02 1.76659000e+03 1.82410135e-02 3.15264617e-03 2.85499256e-02
1.30291000e+03 9.41167000e+02 1.78704000e+03 -2.75894523e-02 -1.01252020e-02 9.35365924e-03
1.26795000e+03 9.51223000e+02 1.76988000e+03 -7.33145413e-04 -1.43049792e-02 2.14023533e-02
1.27699000e+03 9.10706000e+02 1.77911000e+03 -4.45288562e-03 -1.68573715e-03 1.55036274e-02
1.28855000e+03 8.83326000e+02 1.79164000e+03 -1.33266315e-02 7.92607022e-03 1.13414007e-02
1.30628000e+03 8.79281000e+02 1.80137000e+03 -2.78340452e-02 7.65854914e-03 5.66377045e-03
1.30962000e+03 8.90399000e+02 1.79925000e+03 -3.10930672e-02 3.96476155e-03 5.30647051e-03
1.33527000e+03 9.21857000e+02 1.80451000e+03 -5.57190711e-02 1.54252074e-03 -9.63569445e-04
1.32622000e+03 9.16686000e+02 1.80044000e+03 -4.59171458e-02 -1.82984085e-03 1.60198203e-03
1.29582000e+03 8.75656000e+02 1.79733000e+03 -1.87861257e-02 1.04582913e-02 9.23416790e-03
1.28034000e+03 9.22426000e+02 1.77747000e+03 -4.78181547e-03 -6.11661984e-03 1.35216115e-02
1.29811000e+03 9.17387000e+02 1.78603000e+03 -1.98876518e-02 -4.70234521e-03 8.66525062e-03
1.32207000e+03 9.52371000e+02 1.79948000e+03 -5.06373008e-02 -7.69032239e-03 9.30516209e-03
1.31387000e+03 9.44821000e+02 1.79323000e+03 -3.93775446e-02 -8.55811416e-03 8.35837032e-03
1.28929000e+03 8.53282000e+02 1.80027000e+03 -1.32074920e-02 2.04412351e-02 1.12589813e-02
1.24928000e+03 8.80939000e+02 1.77561000e+03 1.53469784e-02 1.64096404e-02 2.69754672e-02
1.29248000e+03 8.64476000e+02 1.79904000e+03 -1.64603302e-02 1.54660537e-02 1.08063595e-02
1.28524000e+03 8.72099000e+02 1.79339000e+03 -1.06591494e-02 1.21016077e-02 1.25526630e-02
1.24562000e+03 9.33034000e+02 1.75914000e+03 2.17857771e-02 -4.20794647e-03 2.90174485e-02
1.27471000e+03 8.68606000e+02 1.78937000e+03 -3.20579818e-03 1.49657841e-02 1.61348054e-02
1.26720000e+03 8.76433000e+02 1.78435000e+03 1.14869696e-03 1.64182769e-02 2.11465444e-02
1.29061000e+03 9.25811000e+02 1.78129000e+03 -1.37965119e-02 -6.76008172e-03 1.13393520e-02
1.29291000e+03 9.37740000e+02 1.78176000e+03 -1.79521516e-02 -1.00644860e-02 1.26442245e-02
1.25672000e+03 8.73044000e+02 1.78031000e+03 1.05846638e-02 1.91198536e-02 2.29856074e-02
1.25239000e+03 8.92063000e+02 1.77480000e+03 1.01802209e-02 1.21665790e-02 2.79407378e-02
1.30337000e+03 9.53258000e+02 1.79024000e+03 -3.45489227e-02 -1.33282482e-02 1.39574701e-02
1.32607000e+03 9.25806000e+02 1.79887000e+03 -4.62122295e-02 -4.56238567e-03 2.26009021e-03
1.24571000e+03 8.98893000e+02 1.77009000e+03 1.74933354e-02 9.22589733e-03 3.01406799e-02
1.32001000e+03 9.33461000e+02 1.79523000e+03 -4.13881635e-02 -7.00996930e-03 3.77706331e-03
1.34230000e+03 8.47115000e+02 1.76982000e+03 -1.33443242e-02 1.39621548e-02 -1.76943000e-02
1.33449000e+03 8.54317000e+02 1.76814000e+03 -1.01014197e-02 1.23919071e-02 -1.43841083e-02
1.34538000e+03 8.58312000e+02 1.76772000e+03 -1.49477260e-02 1.07247294e-02 -1.81397675e-02
1.33677000e+03 8.65823000e+02 1.76599000e+03 -1.05599379e-02 8.51407891e-03 -1.49646030e-02
1.34785000e+03 8.69634000e+02 1.76562000e+03 -1.54819120e-02 7.55175685e-03 -1.83697156e-02
1.33886000e+03 8.77239000e+02 1.76388000e+03 -1.18571636e-02 5.46820550e-03 -1.55559104e-02
1.35007000e+03 8.81031000e+02 1.76354000e+03 -1.67264447e-02 4.47072920e-03 -1.83442905e-02
1.34159000e+03 8.88747000e+02 1.76183000e+03 -1.29685789e-02 2.76516773e-03 -1.49649438e-02
1.35259000e+03 8.92524000e+02 1.76151000e+03 -1.80999620e-02 1.22796731e-03 -1.84098880e-02
1.34411000e+03 9.00458000e+02 1.75978000e+03 -1.39389239e-02 -1.08107573e-04 -1.42956376e-02
1.34583000e+03 9.11917000e+02 1.75781000e+03 -1.38830882e-02 -3.16694841e-03 -1.41286071e-02
1.33345000e+03 9.06839000e+02 1.75824000e+03 -8.42080926e-03 -1.08284233e-03 -1.01796669e-02
1.33665000e+03 9.19619000e+02 1.75610000e+03 -1.02986066e-02 -3.51830170e-03 -1.01172652e-02
1.32555000e+03 9.15991000e+02 1.75619000e+03 -5.32373095e-03 -3.94333304e-03 -6.58377652e-03
1.32783000e+03 9.27621000e+02 1.75423000e+03 -6.19579823e-03 -6.16078371e-03 -6.42935443e-03
1.31643000e+03 9.23854000e+02 1.75402000e+03 -6.54380698e-04 -4.49999862e-03 -1.82848929e-03
1.31882000e+03 9.35405000e+02 1.75209000e+03 -1.62125851e-03 -6.24376901e-03 -7.68270519e-04
1.30781000e+03 9.31481000e+02 1.75145000e+03 3.68244462e-03 -6.41379563e-03 1.99595932e-03
1.30987000e+03 9.42970000e+02 1.74954000e+03 2.88710368e-03 -8.90328304e-03 2.89511373e-03
1.29888000e+03 9.38898000e+02 1.74824000e+03 9.04974330e-03 -6.60808714e-03 4.67901902e-03
1.30087000e+03 9.50336000e+02 1.74650000e+03 7.98802732e-03 -9.44378963e-03 6.00816624e-03
1.28999000e+03 9.45964000e+02 1.74443000e+03 1.31544798e-02 -8.66245038e-03 9.34099153e-03
1.32101000e+03 9.47044000e+02 1.75024000e+03 -2.18976891e-03 -9.41014052e-03 3.15527995e-04
1.31460000e+03 9.12487000e+02 1.75608000e+03 2.49879912e-04 -1.75475751e-03 -3.22220021e-03
1.28722000e+03 9.33457000e+02 1.74654000e+03 1.34789825e-02 -5.54620331e-03 7.88496811e-03
1.28135000e+03 9.53895000e+02 1.74024000e+03 1.67033554e-02 -1.03790002e-02 1.22469600e-02
1.32563000e+03 8.61751000e+02 1.76635000e+03 -5.71781618e-03 1.13231478e-02 -1.05769686e-02
1.25003000e+03 8.58891000e+02 1.75513000e+03 2.57739506e-02 2.21526007e-02 1.66464193e-02
1.24527000e+03 8.69083000e+02 1.75122000e+03 2.79707030e-02 1.96823421e-02 1.93541624e-02
1.25496000e+03 8.48721000e+02 1.75900000e+03 2.35684684e-02 2.49977390e-02 1.51785584e-02
1.25639000e+03 8.69416000e+02 1.75571000e+03 2.31013089e-02 1.80861128e-02 1.53850863e-02
1.25171000e+03 8.79665000e+02 1.75207000e+03 2.52564121e-02 1.40809473e-02 1.74831207e-02
1.26306000e+03 8.80114000e+02 1.75584000e+03 2.02791986e-02 1.22586378e-02 1.29057422e-02
1.25858000e+03 8.90478000e+02 1.75215000e+03 2.24852905e-02 9.22234360e-03 1.47788356e-02
1.26791000e+03 8.69566000e+02 1.75902000e+03 1.88027701e-02 1.59699011e-02 1.02684805e-02
1.27467000e+03 8.80201000e+02 1.75849000e+03 1.59691429e-02 1.15587279e-02 7.62064615e-03
1.27965000e+03 8.69420000e+02 1.76130000e+03 1.40362004e-02 1.42835685e-02 5.94041062e-03
1.28644000e+03 8.79832000e+02 1.76028000e+03 1.14373333e-02 9.75306461e-03 4.08746512e-03
1.28150000e+03 8.90908000e+02 1.75735000e+03 1.32744417e-02 7.11747441e-03 6.47982990e-03
1.24511000e+03 9.23117000e+02 1.73428000e+03 3.08753972e-02 1.38414887e-03 2.10487383e-02
1.32918000e+03 8.85439000e+02 1.76199000e+03 -6.69301739e-03 4.50309439e-03 -1.06536557e-02
1.24703000e+03 9.41564000e+02 1.72835000e+03 3.13706856e-02 -4.48569494e-03 2.14132400e-02
1.29145000e+03 8.68955000e+02 1.76282000e+03 8.42961279e-03 1.26272222e-02 2.15110820e-03
1.28472000e+03 8.58799000e+02 1.76392000e+03 1.13224573e-02 1.65152763e-02 4.20071024e-03
1.29825000e+03 8.79073000e+02 1.76151000e+03 6.52058196e-03 9.02735644e-03 -2.77751921e-04
1.33911000e+03 9.31574000e+02 1.75414000e+03 -1.06241129e-02 -6.97526304e-03 -9.15235111e-03
1.29648000e+03 8.58330000e+02 1.76525000e+03 6.59542585e-03 1.48582215e-02 -1.68241734e-04
1.28991000e+03 8.48372000e+02 1.76655000e+03 9.29637089e-03 1.98557336e-02 1.77948638e-03
1.27808000e+03 8.48660000e+02 1.76488000e+03 1.44167439e-02 2.08049810e-02 6.28086841e-03
1.35271000e+03 9.47339000e+02 1.75196000e+03 -1.59764060e-02 -1.16496993e-02 -1.11679456e-02
1.24944000e+03 9.06589000e+02 1.74333000e+03 2.78147063e-02 5.71629937e-03 1.88452110e-02
1.31319000e+03 8.47948000e+02 1.76846000e+03 -1.10159033e-03 1.64238850e-02 -7.49782598e-03
1.25334000e+03 9.52136000e+02 1.72901000e+03 2.95705006e-02 -7.77204284e-03 2.10217602e-02
1.25793000e+03 9.41898000e+02 1.73321000e+03 2.72467250e-02 -5.25074619e-03 1.78972509e-02
1.26430000e+03 9.52176000e+02 1.73382000e+03 2.51256629e-02 -8.77238120e-03 1.71245468e-02
1.26846000e+03 9.42024000e+02 1.73764000e+03 2.20267220e-02 -5.87289742e-03 1.44179933e-02
1.26268000e+03 9.32159000e+02 1.73841000e+03 2.41457647e-02 -3.81845453e-03 1.47377907e-02
1.27404000e+03 9.32456000e+02 1.74263000e+03 1.94330961e-02 -5.07012926e-03 1.11253522e-02
1.26717000e+03 9.22539000e+02 1.74374000e+03 2.07114751e-02 -1.27647688e-03 1.33716360e-02
1.27909000e+03 9.22402000e+02 1.74755000e+03 1.69166578e-02 -2.29054332e-03 9.27047016e-03
1.27176000e+03 9.12284000e+02 1.74905000e+03 1.89301655e-02 8.18814759e-04 1.07212131e-02
1.28380000e+03 9.12020000e+02 1.75202000e+03 1.45426461e-02 7.17742704e-06 7.21661422e-03
1.27669000e+03 9.01736000e+02 1.75372000e+03 1.67362661e-02 3.20449003e-03 8.88885590e-03
1.28849000e+03 9.01212000e+02 1.75584000e+03 1.10761331e-02 3.11054645e-03 4.13291808e-03
1.29560000e+03 9.11346000e+02 1.75423000e+03 8.42011163e-03 -6.18955750e-04 3.00112707e-03
1.30036000e+03 9.00652000e+02 1.75730000e+03 5.44500979e-03 1.65273909e-03 2.30970839e-04
1.26538000e+03 9.02246000e+02 1.75079000e+03 2.02262979e-02 4.80869425e-03 1.24113180e-02
1.29335000e+03 8.90223000e+02 1.75890000e+03 8.45596010e-03 5.77531197e-03 1.56746543e-03
1.30527000e+03 8.89402000e+02 1.76001000e+03 3.57007845e-03 4.75493341e-03 -2.12064134e-03
1.30979000e+03 8.77709000e+02 1.76253000e+03 1.50158565e-03 8.42902334e-03 -4.04331553e-03
1.31281000e+03 9.00669000e+02 1.75829000e+03 7.45512138e-05 1.31416522e-03 -4.17913120e-03
1.29121000e+03 9.21441000e+02 1.75080000e+03 1.18719898e-02 -3.04333081e-03 5.85541854e-03
1.31712000e+03 8.87971000e+02 1.76098000e+03 -1.96292320e-03 4.52888170e-03 -6.30685513e-03
1.32494000e+03 8.97254000e+02 1.75961000e+03 -5.16236685e-03 1.27791515e-03 -8.22934774e-03
1.25615000e+03 9.22891000e+02 1.73936000e+03 2.57998328e-02 -7.21096362e-04 1.69328579e-02
1.33228000e+03 9.51095000e+02 1.75044000e+03 -7.07529820e-03 -1.14552580e-02 -2.44122253e-03
1.31194000e+03 9.54560000e+02 1.74784000e+03 1.82417781e-03 -1.18512968e-02 4.45126341e-03
1.33011000e+03 9.39368000e+02 1.75232000e+03 -6.74177387e-03 -8.75445083e-03 -4.61768586e-03
1.30411000e+03 9.20048000e+02 1.75336000e+03 5.09432221e-03 -2.73987765e-03 9.78725526e-04
1.25892000e+03 9.11699000e+02 1.74513000e+03 2.38580753e-02 1.85694527e-03 1.52600120e-02
1.26133000e+03 8.59066000e+02 1.75908000e+03 2.16962190e-02 2.14549983e-02 1.34193843e-02
1.26640000e+03 8.48772000e+02 1.76243000e+03 1.93861419e-02 2.31989460e-02 1.15910395e-02
1.27295000e+03 8.59051000e+02 1.76195000e+03 1.61752700e-02 1.86613188e-02 8.46054480e-03
1.34815000e+03 9.23732000e+02 1.75583000e+03 -1.56069601e-02 -5.70258155e-03 -1.30686319e-02
1.32764000e+03 8.72704000e+02 1.76433000e+03 -7.19710358e-03 8.43542288e-03 -1.07899448e-02
1.35046000e+03 9.35572000e+02 1.75388000e+03 -1.53395030e-02 -8.91352729e-03 -1.21988866e-02
1.25168000e+03 9.32013000e+02 1.73372000e+03 2.86041228e-02 -2.35136659e-03 1.88271729e-02
1.26988000e+03 8.91059000e+02 1.75516000e+03 1.78930774e-02 7.78561033e-03 1.09737781e-02
1.34139000e+03 9.43375000e+02 1.75221000e+03 -1.11455593e-02 -9.93744358e-03 -7.70796879e-03
1.30175000e+03 8.47927000e+02 1.76771000e+03 3.80918791e-03 1.72824767e-02 -2.55747723e-03
1.30325000e+03 8.68208000e+02 1.76391000e+03 3.96209498e-03 1.19563374e-02 -2.22115496e-03
1.31572000e+03 8.67430000e+02 1.76481000e+03 -1.60639320e-03 1.09221186e-02 -6.99552230e-03
1.24736000e+03 8.89487000e+02 1.74796000e+03 2.79234871e-02 1.11364468e-02 1.95908227e-02
1.27899000e+03 9.43014000e+02 1.74143000e+03 1.74308061e-02 -7.11947819e-03 1.14420557e-02
1.32421000e+03 8.50188000e+02 1.76856000e+03 -5.34150475e-03 1.50236319e-02 -1.15229875e-02
1.25499000e+03 8.99798000e+02 1.74814000e+03 2.44216385e-02 6.55369850e-03 1.62164170e-02
1.30784000e+03 8.57722000e+02 1.76621000e+03 1.43060273e-03 1.42898588e-02 -4.44089781e-03
1.33470000e+03 8.95804000e+02 1.76029000e+03 -9.82805757e-03 1.62012608e-03 -1.20660783e-02
1.32243000e+03 9.06812000e+02 1.75770000e+03 -3.68048064e-03 -1.63988458e-03 -6.56986563e-03
1.31943000e+03 8.78348000e+02 1.76291000e+03 -2.90199773e-03 7.06654004e-03 -8.25527981e-03
1.31733000e+03 8.56993000e+02 1.76690000e+03 -2.41804162e-03 1.36370925e-02 -8.07561484e-03
1.24864000e+03 9.14865000e+02 1.73951000e+03 2.87601693e-02 3.17361634e-03 1.96156117e-02
1.29790000e+03 9.29131000e+02 1.75022000e+03 8.85166994e-03 -4.35536681e-03 4.44136933e-03
1.30510000e+03 9.09991000e+02 1.75571000e+03 4.21534010e-03 2.31640859e-04 -1.07981758e-04
1.35217000e+03 8.50273000e+02 1.76951000e+03 -1.74795737e-02 1.31988615e-02 -2.10732046e-02
1.27275000e+03 9.50877000e+02 1.73747000e+03 2.05457690e-02 -8.29676592e-03 1.43520042e-02
1.24504000e+03 8.89476000e+02 1.69991000e+03 3.26787052e-02 2.29252098e-04 8.98752518e-03
1.25291000e+03 8.98565000e+02 1.69848000e+03 3.08167951e-02 -3.42134103e-03 5.33920307e-03
1.24524000e+03 8.58145000e+02 1.70581000e+03 3.08287336e-02 9.07736672e-03 7.22423932e-03
1.24884000e+03 9.09634000e+02 1.69629000e+03 3.33625949e-02 -4.97323616e-03 8.18880875e-03
1.26072000e+03 9.07658000e+02 1.69705000e+03 2.89718519e-02 -6.38443059e-03 2.92104992e-03
1.26849000e+03 9.16754000e+02 1.69562000e+03 2.68716338e-02 -9.06185112e-03 5.63217517e-04
1.27259000e+03 9.05691000e+02 1.69779000e+03 2.45457605e-02 -7.69472118e-03 -2.72792801e-03
1.28034000e+03 9.14793000e+02 1.69636000e+03 2.26689928e-02 -1.09303072e-02 -5.10999056e-03
1.28446000e+03 9.03729000e+02 1.69853000e+03 2.05608777e-02 -9.20101177e-03 -7.58738429e-03
1.29220000e+03 9.12834000e+02 1.69710000e+03 1.77668352e-02 -1.22421805e-02 -9.54651191e-03
1.29632000e+03 9.01770000e+02 1.69925000e+03 1.57611962e-02 -9.86539853e-03 -1.33027056e-02
1.30404000e+03 9.10876000e+02 1.69782000e+03 1.34833954e-02 -1.25697328e-02 -1.44282851e-02
1.30817000e+03 8.99811000e+02 1.69996000e+03 1.07567528e-02 -1.09271247e-02 -1.77078651e-02
1.31588000e+03 9.08919000e+02 1.69854000e+03 8.27119740e-03 -1.47712850e-02 -2.00266339e-02
1.32002000e+03 8.97853000e+02 1.70067000e+03 5.91055111e-03 -1.29768509e-02 -2.23221002e-02
1.31175000e+03 9.19984000e+02 1.69641000e+03 1.02386020e-02 -1.60691363e-02 -1.64448539e-02
1.32358000e+03 9.18027000e+02 1.69713000e+03 5.92040394e-03 -1.71382713e-02 -2.12930408e-02
1.24959000e+03 8.47056000e+02 1.70808000e+03 2.85011948e-02 1.18156323e-02 4.68651274e-03
1.31945000e+03 9.29093000e+02 1.69500000e+03 8.00305023e-03 -1.89401226e-02 -1.78839364e-02
1.33128000e+03 9.27138000e+02 1.69574000e+03 3.53085954e-03 -2.00047441e-02 -2.27982746e-02
1.34311000e+03 9.25183000e+02 1.69647000e+03 -1.96909308e-03 -2.01181224e-02 -2.60559129e-02
1.31231000e+03 8.88745000e+02 1.70209000e+03 8.57810650e-03 -9.36769069e-03 -2.05374313e-02
1.32415000e+03 8.86786000e+02 1.70279000e+03 3.58390115e-03 -1.10807563e-02 -2.49722288e-02
1.31645000e+03 8.77681000e+02 1.70423000e+03 6.51270560e-03 -8.12249992e-03 -2.33312489e-02
1.32829000e+03 8.75724000e+02 1.70493000e+03 2.13398370e-03 -8.45756558e-03 -2.81778978e-02
1.32059000e+03 8.66624000e+02 1.70638000e+03 4.70775872e-03 -5.70455245e-03 -2.49668963e-02
1.33243000e+03 8.64670000e+02 1.70708000e+03 -3.16238000e-04 -6.55061811e-03 -3.01774721e-02
1.32473000e+03 8.55579000e+02 1.70856000e+03 1.65699838e-03 -3.53333484e-03 -2.75714516e-02
1.33656000e+03 8.53627000e+02 1.70928000e+03 -3.97199101e-03 -4.88746982e-03 -3.26270169e-02
1.34426000e+03 8.62716000e+02 1.70780000e+03 -6.28871084e-03 -7.42375309e-03 -3.46858860e-02
1.30874000e+03 8.68579000e+02 1.70568000e+03 9.10399717e-03 -5.05206953e-03 -2.03337342e-02
1.31703000e+03 8.46497000e+02 1.71007000e+03 3.95469611e-03 -5.40781443e-04 -2.46354122e-02
1.27670000e+03 8.94623000e+02 1.69996000e+03 2.23666785e-02 -5.05700851e-03 -5.20385711e-03
1.25742000e+03 8.56202000e+02 1.70653000e+03 2.65919198e-02 7.59262765e-03 9.14925140e-04
1.33599000e+03 8.84828000e+02 1.70349000e+03 -1.64606248e-03 -1.17638220e-02 -2.95968020e-02
1.25698000e+03 8.87487000e+02 1.70066000e+03 2.83120578e-02 -9.18202600e-04 2.42847844e-03
1.29334000e+03 8.50387000e+02 1.70866000e+03 1.38505766e-02 3.03201042e-03 -1.47197365e-02
1.28143000e+03 8.52329000e+02 1.70795000e+03 1.83209106e-02 4.57124019e-03 -1.00077190e-02
1.28915000e+03 8.61429000e+02 1.70645000e+03 1.60363259e-02 1.23260898e-03 -1.29709444e-02
1.27722000e+03 8.63378000e+02 1.70574000e+03 2.04213521e-02 2.62067326e-03 -7.79723278e-03
1.28498000e+03 8.72486000e+02 1.70427000e+03 1.82379870e-02 -1.22635685e-03 -1.05255113e-02
1.27305000e+03 8.74442000e+02 1.70356000e+03 2.24287052e-02 1.86707435e-04 -5.30472935e-03
1.30103000e+03 8.59480000e+02 1.70715000e+03 1.17065378e-02 -6.78125719e-04 -1.79828464e-02
1.28083000e+03 8.83553000e+02 1.70211000e+03 2.04465892e-02 -3.44264377e-03 -8.11555876e-03
1.29272000e+03 8.81595000e+02 1.70283000e+03 1.57771494e-02 -4.62228231e-03 -1.28040416e-02
1.28858000e+03 8.92662000e+02 1.70068000e+03 1.81235135e-02 -6.28322978e-03 -1.04129510e-02
1.26891000e+03 8.85516000e+02 1.70139000e+03 2.43292375e-02 -2.06875346e-03 -2.36666845e-03
1.26480000e+03 8.96590000e+02 1.69922000e+03 2.63197699e-02 -4.37346614e-03 1.68606635e-04
1.26108000e+03 8.76405000e+02 1.70284000e+03 2.65433536e-02 1.01868405e-03 -8.58293320e-05
1.25320000e+03 8.67286000e+02 1.70431000e+03 2.87150597e-02 5.39472128e-03 3.49782485e-03
1.33542000e+03 9.16071000e+02 1.69785000e+03 5.73447647e-04 -1.83718235e-02 -2.51137652e-02
1.34725000e+03 9.14115000e+02 1.69857000e+03 -4.15950865e-03 -1.89569585e-02 -2.97781278e-02
1.33955000e+03 9.05003000e+02 1.69996000e+03 -1.56320598e-03 -1.61164856e-02 -2.79536182e-02
1.35138000e+03 9.03047000e+02 1.70068000e+03 -6.71216227e-03 -1.77956206e-02 -3.34602808e-02
1.34369000e+03 8.93936000e+02 1.70208000e+03 -4.12085594e-03 -1.48778083e-02 -3.12972088e-02
1.34782000e+03 8.82871000e+02 1.70420000e+03 -6.25902244e-03 -1.28497137e-02 -3.42160888e-02
1.33185000e+03 8.95894000e+02 1.70137000e+03 1.25734575e-03 -1.34014993e-02 -2.65910357e-02
1.32772000e+03 9.06961000e+02 1.69925000e+03 3.15299571e-03 -1.52025939e-02 -2.43987070e-02
1.35196000e+03 8.71812000e+02 1.70635000e+03 -8.79745277e-03 -1.02657662e-02 -3.66840848e-02
1.26946000e+03 8.54269000e+02 1.70725000e+03 2.24095232e-02 6.79273022e-03 -4.26067859e-03
1.26524000e+03 8.65328000e+02 1.70503000e+03 2.45726199e-02 3.93082385e-03 -2.28478710e-03
1.24908000e+03 8.78383000e+02 1.70210000e+03 3.04231040e-02 2.28239901e-03 5.58772144e-03
1.35080000e+03 9.34298000e+02 1.69510000e+03 -4.98114670e-03 -2.39766646e-02 -2.77644875e-02
1.26170000e+03 8.45160000e+02 1.70878000e+03 2.38962182e-02 1.08673006e-02 -1.49972440e-03
1.29687000e+03 8.70532000e+02 1.70498000e+03 1.36497522e-02 -2.62775210e-03 -1.51148968e-02
1.35494000e+03 9.23229000e+02 1.69719000e+03 -7.07456593e-03 -2.23002574e-02 -3.06979268e-02
1.34013000e+03 8.73768000e+02 1.70563000e+03 -3.49249648e-03 -9.93763124e-03 -3.21795223e-02
1.30459000e+03 8.79638000e+02 1.70353000e+03 1.11544275e-02 -6.45959975e-03 -1.82649762e-02
1.31288000e+03 8.57530000e+02 1.70785000e+03 6.99950798e-03 -2.02960864e-03 -2.23620868e-02
1.30519000e+03 8.48443000e+02 1.70936000e+03 8.57899709e-03 1.49852750e-03 -1.99701310e-02
1.29991000e+03 9.21940000e+02 1.69567000e+03 1.54890344e-02 -1.55570975e-02 -1.16599294e-02
1.34839000e+03 8.51676000e+02 1.71001000e+03 -8.95697674e-03 -6.19884808e-03 -3.69443578e-02
1.30045000e+03 8.90704000e+02 1.70139000e+03 1.33573119e-02 -8.14679051e-03 -1.55365100e-02
1.28730000e+03 8.47539000e+02 1.69642000e+03 1.42685261e-02 8.38820340e-04 -1.51990131e-02
1.30111000e+03 8.49415000e+02 1.69725000e+03 9.82824507e-03 -1.88260823e-03 -2.15616117e-02
1.34586000e+03 8.65149000e+02 1.69608000e+03 -6.41858555e-03 -1.22333806e-02 -3.83271043e-02
1.29358000e+03 8.61594000e+02 1.69742000e+03 1.40261786e-02 -2.97054759e-03 -1.69354697e-02
1.31930000e+03 8.62281000e+02 1.69673000e+03 4.40967049e-03 -7.28595259e-03 -2.77198661e-02
1.26413000e+03 8.53935000e+02 1.69706000e+03 2.37213696e-02 4.02704057e-03 -4.61969027e-03
1.32979000e+03 8.50201000e+02 1.69973000e+03 -1.11379713e-03 -6.27664454e-03 -3.31353339e-02
1.33681000e+03 8.76297000e+02 1.69645000e+03 -1.81763266e-03 -1.21627622e-02 -3.30632304e-02
1.34303000e+03 8.53724000e+02 1.69908000e+03 -6.34972266e-03 -8.77328261e-03 -3.77458323e-02
1.29886000e+03 8.72698000e+02 1.69557000e+03 1.27913448e-02 -6.35785234e-03 -1.77814267e-02
1.31502000e+03 8.46448000e+02 1.69962000e+03 4.06462397e-03 -3.47467581e-03 -2.66296543e-02
1.28193000e+03 8.57644000e+02 1.69842000e+03 1.77135551e-02 5.06231100e-04 -1.19035082e-02
1.32271000e+03 8.53920000e+02 1.73832000e+03 -1.51049079e-03 7.81092517e-03 -1.97282012e-02
1.32772000e+03 9.06159000e+02 1.72593000e+03 -1.16201190e-03 -6.84068753e-03 -1.73559188e-02
1.34071000e+03 9.52242000e+02 1.71885000e+03 -3.86100780e-03 -1.77254596e-02 -1.42771330e-02
1.34798000e+03 9.25086000e+02 1.72783000e+03 -9.57209585e-03 -1.19542805e-02 -2.08730377e-02
1.34814000e+03 8.83610000e+02 1.73138000e+03 -1.06214333e-02 -3.79232402e-03 -2.66928919e-02
1.29402000e+03 8.47393000e+02 1.73613000e+03 9.80289890e-03 1.24563234e-02 -8.92988901e-03
1.32008000e+03 9.31312000e+02 1.72391000e+03 3.46120945e-03 -1.12947569e-02 -1.00428530e-02
1.30351000e+03 8.74844000e+02 1.73625000e+03 7.56066174e-03 5.03942448e-03 -1.02273192e-02
1.29539000e+03 9.04356000e+02 1.72604000e+03 1.20085375e-02 -3.14036315e-03 -5.38693081e-03
1.27640000e+03 8.69222000e+02 1.73490000e+03 1.79048164e-02 9.37145943e-03 -6.67759072e-05
1.29465000e+03 9.29581000e+02 1.71907000e+03 1.42520027e-02 -9.00791388e-03 -2.79035211e-03
1.27264000e+03 8.95286000e+02 1.72544000e+03 2.10273666e-02 1.40849995e-03 1.79392066e-03
1.27956000e+03 9.53942000e+02 1.71551000e+03 2.20304383e-02 -1.30816583e-02 6.76179075e-03
1.31874000e+03 8.78538000e+02 1.73384000e+03 1.97196987e-03 1.68857050e-03 -1.64796834e-02
1.26960000e+03 9.18528000e+02 1.72047000e+03 2.31518772e-02 -4.44173875e-03 5.58670152e-03
1.25329000e+03 8.80126000e+02 1.72581000e+03 2.73029927e-02 8.29689576e-03 8.80074976e-03
1.34599000e+03 8.60793000e+02 1.73227000e+03 -1.05480821e-02 1.27873414e-03 -2.86777860e-02
1.24707000e+03 8.59069000e+02 1.72795000e+03 2.81010242e-02 1.59523676e-02 1.14331841e-02
1.25233000e+03 9.07554000e+02 1.71888000e+03 2.96310279e-02 3.41551591e-04 1.11910876e-02
1.26488000e+03 9.30848000e+02 1.70894000e+03 2.69584240e-02 -8.52028059e-03 6.84836870e-03
1.34185000e+03 8.99042000e+02 1.73104000e+03 -7.62102415e-03 -5.70159587e-03 -2.25102887e-02
1.31237000e+03 9.15537000e+02 1.71443000e+03 7.16866293e-03 -9.99541220e-03 -1.33059846e-02
1.32052000e+03 9.54368000e+02 1.73573000e+03 1.23305677e-03 -1.40256832e-02 -2.24025247e-03
1.34173000e+03 8.52025000e+02 1.74801000e+03 -1.08832414e-02 8.42155074e-03 -2.39886148e-02
1.30897000e+03 8.87958000e+02 1.72033000e+03 7.36664720e-03 -2.89208409e-03 -1.50944901e-02
1.28734000e+03 8.91093000e+02 1.74169000e+03 1.30139625e-02 3.80878447e-03 -9.85042375e-04
1.30893000e+03 8.46512000e+02 1.74815000e+03 2.76879051e-03 1.36127565e-02 -1.22026757e-02
1.33418000e+03 9.37490000e+02 1.73107000e+03 -4.12385829e-03 -1.13642876e-02 -1.19487851e-02
1.34075000e+03 9.12999000e+02 1.71906000e+03 -5.02505924e-03 -1.12962377e-02 -2.25605176e-02
1.30420000e+03 8.61189000e+02 1.72956000e+03 7.22215561e-03 5.08939354e-03 -1.39468034e-02
1.33400000e+03 9.35527000e+02 1.71320000e+03 -7.27953611e-04 -1.57020204e-02 -1.71601277e-02
1.32369000e+03 8.93046000e+02 1.73558000e+03 -5.52492176e-04 -1.57430524e-03 -1.59430810e-02
1.31598000e+03 8.72209000e+02 1.74803000e+03 3.74279443e-04 5.93650785e-03 -1.24781652e-02
1.28375000e+03 8.82741000e+02 1.71693000e+03 1.71365031e-02 3.98962909e-04 -6.29770034e-03
1.33461000e+03 8.67491000e+02 1.74360000e+03 -6.96672321e-03 4.56392985e-03 -2.06828434e-02
1.30664000e+03 9.44942000e+02 1.72368000e+03 9.65540978e-03 -1.20183642e-02 -2.98670308e-03
1.32806000e+03 9.21742000e+02 1.74095000e+03 -3.24776186e-03 -6.21929362e-03 -1.06398083e-02
1.31985000e+03 9.50851000e+02 1.70918000e+03 7.13595515e-03 -1.78247960e-02 -9.57976702e-03
1.30646000e+03 9.26024000e+02 1.73069000e+03 7.46655803e-03 -7.53739875e-03 -5.07994126e-03
1.28919000e+03 8.69788000e+02 1.74899000e+03 1.12272071e-02 1.10299909e-02 -1.43082737e-03
1.34637000e+03 9.42672000e+02 1.70600000e+03 -4.67141855e-03 -2.05860030e-02 -2.17779182e-02
1.33903000e+03 8.84280000e+02 1.71710000e+03 -4.46552762e-03 -6.50778453e-03 -2.70686640e-02
1.24797000e+03 9.23663000e+02 1.71384000e+03 3.25729737e-02 -3.03290581e-03 1.48710069e-02
1.24913000e+03 9.52730000e+02 1.70802000e+03 3.43007732e-02 -1.06217140e-02 1.77106884e-02
1.29885000e+03 9.44237000e+02 1.70649000e+03 1.55432177e-02 -1.46681061e-02 -5.13220346e-03
1.32925000e+03 9.20098000e+02 1.71250000e+03 4.37120603e-04 -1.30927919e-02 -1.89743758e-02
1.28080000e+03 8.54381000e+02 1.72865000e+03 1.56331487e-02 1.09049204e-02 -4.79399402e-03
1.35252000e+03 8.64884000e+02 1.74952000e+03 -1.57188342e-02 4.33559099e-03 -2.57611037e-02
1.28991000e+03 9.13657000e+02 1.71107000e+03 1.68852062e-02 -8.30250202e-03 -5.62050496e-03
1.31078000e+03 9.07576000e+02 1.73794000e+03 4.65560405e-03 -2.74303906e-03 -7.99601799e-03
1.27938000e+03 9.10024000e+02 1.73489000e+03 1.81019574e-02 -7.57640671e-04 3.71933144e-03
1.25995000e+03 8.60517000e+02 1.74284000e+03 2.26315724e-02 1.63466806e-02 8.56933322e-03
1.28043000e+03 8.58201000e+02 1.74823000e+03 1.47194209e-02 1.49910003e-02 1.11093396e-03
1.26554000e+03 8.61421000e+02 1.72011000e+03 2.27122025e-02 9.29642707e-03 3.63501893e-04
1.33651000e+03 8.87053000e+02 1.74902000e+03 -8.06410819e-03 1.61778816e-03 -1.76996912e-02
1.29582000e+03 8.74331000e+02 1.71759000e+03 1.23228758e-02 4.33273432e-04 -1.20221678e-02
1.27804000e+03 9.34682000e+02 1.72793000e+03 1.99061259e-02 -6.92039911e-03 6.38703211e-03
1.25655000e+03 8.95150000e+02 1.73185000e+03 2.60318955e-02 5.06892288e-03 1.05524738e-02
1.26547000e+03 8.84238000e+02 1.73875000e+03 2.14389206e-02 8.06985821e-03 7.14404674e-03
1.26821000e+03 8.82137000e+02 1.71817000e+03 2.26699812e-02 3.64421669e-03 2.63860204e-04
1.30635000e+03 9.29724000e+02 1.70992000e+03 1.10383942e-02 -1.25144988e-02 -8.89914319e-03
1.32922000e+03 8.66478000e+02 1.72098000e+03 -1.78210049e-03 -1.07084870e-03 -2.55981027e-02
1.28012000e+03 9.32617000e+02 1.70885000e+03 2.19531798e-02 -1.03519948e-02 7.71609468e-04
1.30778000e+03 8.60328000e+02 1.74739000e+03 3.51856903e-03 1.02372313e-02 -1.04427252e-02
1.34472000e+03 8.69561000e+02 1.71879000e+03 -7.98972424e-03 -5.02832104e-03 -3.13300043e-02
1.31159000e+03 8.71203000e+02 1.71841000e+03 6.24223607e-03 -9.96694745e-04 -1.79220482e-02
1.34374000e+03 9.14953000e+02 1.74437000e+03 -1.13412559e-02 -6.08576146e-03 -1.62301992e-02
1.35146000e+03 8.92305000e+02 1.71875000e+03 -1.01269566e-02 -9.02558092e-03 -3.04509168e-02
1.26537000e+03 9.04767000e+02 1.71028000e+03 2.57050690e-02 -3.06532697e-03 2.64471301e-03
1.28630000e+03 8.96558000e+02 1.71248000e+03 1.75433674e-02 -4.01617495e-03 -6.56164345e-03
1.25263000e+03 8.48138000e+02 1.74354000e+03 2.48945825e-02 2.13640845e-02 1.17009067e-02
1.25977000e+03 8.93627000e+02 1.71452000e+03 2.62543044e-02 1.29818415e-03 5.14547622e-03
1.30332000e+03 8.92946000e+02 1.73683000e+03 7.57157776e-03 1.24624168e-03 -7.64494156e-03
1.32412000e+03 8.54915000e+02 1.75498000e+03 -3.84458098e-03 1.13087730e-02 -1.48051276e-02
1.35336000e+03 9.33710000e+02 1.74113000e+03 -1.43310705e-02 -1.08753398e-02 -1.70190496e-02
1.35171000e+03 8.92310000e+02 1.74869000e+03 -1.54724988e-02 -1.05541804e-03 -2.19491436e-02
1.26272000e+03 9.08203000e+02 1.73356000e+03 2.43264364e-02 1.48187133e-03 1.02201211e-02
1.34353000e+03 8.45576000e+02 1.72461000e+03 -9.03507237e-03 2.14373898e-03 -3.18048608e-02
1.32635000e+03 8.95012000e+02 1.71557000e+03 1.22409862e-03 -7.42147612e-03 -2.14699266e-02
1.32660000e+03 9.08194000e+02 1.74460000e+03 -3.29855709e-03 -3.56317399e-03 -1.11144723e-02
1.25468000e+03 9.22061000e+02 1.72515000e+03 2.84464831e-02 -2.05004630e-03 1.38173702e-02
1.28877000e+03 9.21945000e+02 1.73655000e+03 1.41740548e-02 -4.37783340e-03 2.87599370e-03
1.26159000e+03 9.16287000e+02 1.70787000e+03 2.75671246e-02 -5.64697029e-03 5.64429473e-03
1.30295000e+03 9.05196000e+02 1.71035000e+03 1.17491031e-02 -8.16209188e-03 -1.26037214e-02
1.27876000e+03 8.80944000e+02 1.74694000e+03 1.54677043e-02 8.87306684e-03 3.01088892e-03
1.29829000e+03 8.90319000e+02 1.71179000e+03 1.26386652e-02 -4.52568241e-03 -1.20416975e-02
1.29478000e+03 8.82516000e+02 1.74799000e+03 9.45270124e-03 6.16007154e-03 -3.12519444e-03
1.31580000e+03 9.43504000e+02 1.73815000e+03 2.88633539e-03 -1.13496125e-02 -2.49902524e-03
1.28711000e+03 9.48340000e+02 1.72933000e+03 1.68902909e-02 -1.00949140e-02 6.80803566e-03
1.31965000e+03 9.35417000e+02 1.70688000e+03 6.74891029e-03 -1.61694945e-02 -1.38002196e-02
1.25027000e+03 8.67440000e+02 1.71725000e+03 2.86952362e-02 9.73816310e-03 7.84151999e-03
1.29440000e+03 8.55030000e+02 1.75475000e+03 7.91069289e-03 1.51654644e-02 -3.33004335e-03
1.35096000e+03 8.49200000e+02 1.73900000e+03 -1.42516254e-02 4.40962295e-03 -3.06252146e-02
1.29425000e+03 9.05150000e+02 1.74366000e+03 1.05830067e-02 -1.95469797e-04 -3.12752516e-04
1.26779000e+03 9.47216000e+02 1.70309000e+03 2.79192596e-02 -1.33993794e-02 6.87975862e-03
1.34958000e+03 8.77945000e+02 1.75100000e+03 -1.49928841e-02 2.39125864e-03 -2.27671342e-02
1.34517000e+03 9.45666000e+02 1.74071000e+03 -1.02009964e-02 -1.24993860e-02 -1.15705448e-02
1.34826000e+03 9.39474000e+02 1.72253000e+03 -8.63397095e-03 -1.51450209e-02 -1.89918286e-02
1.27879000e+03 8.68839000e+02 1.71826000e+03 1.84113668e-02 4.96956635e-03 -5.22729758e-03
1.27442000e+03 8.97215000e+02 1.74229000e+03 1.83435253e-02 3.96028668e-03 5.76962563e-03
1.30040000e+03 9.19207000e+02 1.70676000e+03 1.34783891e-02 -1.09873501e-02 -1.00815552e-02
1.35288000e+03 8.54299000e+02 1.75769000e+03 -1.73999984e-02 8.80080297e-03 -2.44206544e-02
1.32270000e+03 8.82246000e+02 1.71529000e+03 2.50089058e-03 -4.95536426e-03 -2.26711004e-02
1.35020000e+03 9.12177000e+02 1.72892000e+03 -1.07584849e-02 -9.70343055e-03 -2.31121495e-02
1.33569000e+03 9.15178000e+02 1.73140000e+03 -4.64810407e-03 -6.79132229e-03 -1.71024633e-02
1.32569000e+03 9.47112000e+02 1.72256000e+03 1.74761782e-03 -1.43129956e-02 -8.73520569e-03
1.30940000e+03 8.50049000e+02 1.73375000e+03 3.93158129e-03 8.36448064e-03 -1.53235357e-02
1.28814000e+03 8.76568000e+02 1.73356000e+03 1.38534354e-02 4.81419721e-03 -4.84567407e-03
1.31588000e+03 8.65336000e+02 1.73319000e+03 2.47517752e-03 4.58772052e-03 -1.68483579e-02
1.30140000e+03 9.15646000e+02 1.72301000e+03 1.02857558e-02 -6.79041981e-03 -6.85148424e-03
1.32857000e+03 8.47092000e+02 1.72030000e+03 -2.67001205e-03 1.84981679e-03 -2.71103156e-02
1.31293000e+03 9.03067000e+02 1.72303000e+03 5.69260873e-03 -5.35700681e-03 -1.37682339e-02
1.33500000e+03 9.26228000e+02 1.72439000e+03 -2.82215224e-03 -1.13299862e-02 -1.67814557e-02
1.25575000e+03 8.75577000e+02 1.74310000e+03 2.52217760e-02 1.29596041e-02 1.18099405e-02
1.27077000e+03 8.69152000e+02 1.74790000e+03 1.85284179e-02 1.32691016e-02 5.49529344e-03
1.26717000e+03 9.44671000e+02 1.72218000e+03 2.54186110e-02 -8.74894697e-03 1.16371820e-02
1.32371000e+03 9.07365000e+02 1.71093000e+03 2.64359923e-03 -1.10614337e-02 -1.97820401e-02
1.28487000e+03 9.47566000e+02 1.70208000e+03 2.18839078e-02 -1.50424868e-02 1.66579753e-04
1.32522000e+03 8.81568000e+02 1.75100000e+03 -3.78411096e-03 3.42070323e-03 -1.36517043e-02
1.31007000e+03 8.83465000e+02 1.74944000e+03 3.29358052e-03 4.38280466e-03 -7.98091302e-03
1.34321000e+03 9.26379000e+02 1.70799000e+03 -3.86323365e-03 -1.67655633e-02 -2.39191350e-02
1.25184000e+03 9.38529000e+02 1.70267000e+03 3.29583847e-02 -9.56063210e-03 1.23565087e-02
1.35449000e+03 8.80218000e+02 1.71587000e+03 -1.10721372e-02 -8.02194353e-03 -3.41763474e-02
1.27340000e+03 8.93744000e+02 1.71150000e+03 2.24074804e-02 -1.69806769e-03 -1.84100188e-03
1.29355000e+03 9.33322000e+02 1.70330000e+03 1.75267198e-02 -1.37603494e-02 -5.12672447e-03
1.30951000e+03 9.48166000e+02 1.70222000e+03 1.22446105e-02 -1.80590207e-02 -8.02634374e-03
1.27154000e+03 9.21818000e+02 1.73378000e+03 2.12412981e-02 -2.99650406e-03 8.52132701e-03
1.34857000e+03 9.53435000e+02 1.70145000e+03 -3.64040477e-03 -2.40201038e-02 -2.11578937e-02
1.31903000e+03 9.16844000e+02 1.72886000e+03 3.17607857e-03 -6.96437238e-03 -1.14873390e-02
1.32070000e+03 9.30555000e+02 1.74179000e+03 4.34572079e-04 -8.00262672e-03 -5.34331019e-03
1.24640000e+03 9.36108000e+02 1.71713000e+03 3.34409317e-02 -5.26443794e-03 1.77966040e-02
1.33876000e+03 8.61850000e+02 1.75689000e+03 -1.03946808e-02 8.12443672e-03 -1.84580876e-02
1.29462000e+03 9.37805000e+02 1.73521000e+03 1.21667287e-02 -7.96932966e-03 2.82761414e-03
1.32982000e+03 9.44023000e+02 1.70365000e+03 3.02609727e-03 -1.94242654e-02 -1.58081388e-02
1.30056000e+03 9.16248000e+02 1.74231000e+03 8.67381954e-03 -3.23991672e-03 -1.63853529e-03
1.24861000e+03 8.62810000e+02 1.74144000e+03 2.68211784e-02 1.80069134e-02 1.38487595e-02
1.31520000e+03 8.56292000e+02 1.72045000e+03 3.96029596e-03 1.86504366e-03 -2.10905761e-02
1.33569000e+03 8.52838000e+02 1.73217000e+03 -6.30963155e-03 3.94794450e-03 -2.60706235e-02
1.28541000e+03 8.96810000e+02 1.73026000e+03 1.55210122e-02 5.90394293e-04 -1.48799990e-03
1.27878000e+03 8.84474000e+02 1.73145000e+03 1.75047515e-02 4.91608614e-03 -6.64254140e-04
1.27787000e+03 9.13595000e+02 1.70716000e+03 2.17353005e-02 -7.26799558e-03 -1.71043727e-03
1.35170000e+03 8.71091000e+02 1.73652000e+03 -1.32399634e-02 -5.39187310e-05 -2.87489155e-02
1.27848000e+03 9.06663000e+02 1.72019000e+03 1.93874643e-02 -3.25845327e-03 2.07236818e-04
1.33875000e+03 9.30141000e+02 1.74356000e+03 -7.82963905e-03 -7.79784251e-03 -1.18972845e-02
1.33545000e+03 8.78372000e+02 1.73312000e+03 -5.43301634e-03 -1.95153669e-04 -2.30105242e-02
1.35301000e+03 9.05022000e+02 1.71271000e+03 -9.63513935e-03 -1.31493099e-02 -3.02882276e-02
1.31709000e+03 9.22176000e+02 1.70579000e+03 6.87216525e-03 -1.41311575e-02 -1.61592011e-02
1.26157000e+03 8.71438000e+02 1.71439000e+03 2.51177417e-02 6.09924016e-03 1.79249422e-03
1.28373000e+03 9.19277000e+02 1.72271000e+03 1.77436046e-02 -5.68282330e-03 3.16022366e-05
1.26089000e+03 8.69827000e+02 1.73059000e+03 2.43056644e-02 1.07224865e-02 5.50481239e-03
1.24774000e+03 9.12557000e+02 1.70562000e+03 3.25350502e-02 -2.92632572e-03 1.09786354e-02
1.26147000e+03 9.33186000e+02 1.72605000e+03 2.64162591e-02 -5.66426158e-03 1.29892712e-02
1.31342000e+03 8.97562000e+02 1.70947000e+03 7.26971628e-03 -9.00255339e-03 -1.79371993e-02
1.29132000e+03 8.63407000e+02 1.73451000e+03 1.17774642e-02 8.38639623e-03 -7.30926301e-03
1.32566000e+03 8.67766000e+02 1.75501000e+03 -4.68787473e-03 7.67178514e-03 -1.40078164e-02
1.30312000e+03 8.71979000e+02 1.75308000e+03 5.22046230e-03 8.60924314e-03 -4.99580566e-03
1.33790000e+03 9.00811000e+02 1.71130000e+03 -2.92848098e-03 -1.13805269e-02 -2.57389846e-02
1.29431000e+03 8.86881000e+02 1.72747000e+03 1.23243337e-02 5.44910652e-04 -7.10128783e-03
1.27568000e+03 9.51096000e+02 1.72887000e+03 2.12034384e-02 -9.64879494e-03 1.07800837e-02
1.29729000e+03 8.93664000e+02 1.74935000e+03 8.10908621e-03 3.46325213e-03 -1.96112347e-03
1.27009000e+03 8.57969000e+02 1.73610000e+03 1.91341069e-02 1.39345557e-02 1.95833590e-03
1.34286000e+03 8.57557000e+02 1.71861000e+03 -7.87811769e-03 -2.79333155e-03 -3.18566269e-02
1.24863000e+03 8.87565000e+02 1.73803000e+03 2.84092832e-02 9.27904029e-03 1.52275962e-02
1.28933000e+03 9.41736000e+02 1.71698000e+03 1.75989363e-02 -1.15990844e-02 1.06741723e-03
1.25467000e+03 9.46680000e+02 1.71870000e+03 3.06770833e-02 -8.27870798e-03 1.67888840e-02
1.25425000e+03 8.81973000e+02 1.71130000e+03 2.82118852e-02 3.78785038e-03 5.40403888e-03
1.33455000e+03 8.47668000e+02 1.75942000e+03 -9.56106759e-03 1.25435511e-02 -1.79933425e-02
1.31275000e+03 8.98326000e+02 1.74880000e+03 2.15010596e-03 3.84549521e-04 -6.81296204e-03
1.25533000e+03 8.53408000e+02 1.71710000e+03 2.61339083e-02 1.23696790e-02 4.07799586e-03
1.34007000e+03 9.11579000e+02 1.70762000e+03 -2.91296977e-03 -1.50005421e-02 -2.55431526e-02
1.25962000e+03 8.54899000e+02 1.73066000e+03 2.34045127e-02 1.50937755e-02 5.38509780e-03
1.32882000e+03 9.44500000e+02 1.74177000e+03 -3.37808317e-03 -1.12449550e-02 -5.54773993e-03
1.31229000e+03 9.19709000e+02 1.74420000e+03 3.23943983e-03 -4.39034384e-03 -3.87828909e-03
1.33877000e+03 8.99985000e+02 1.74917000e+03 -9.40167887e-03 -1.08416185e-03 -1.55279690e-02
1.27088000e+03 8.50947000e+02 1.71910000e+03 1.99704087e-02 1.03421825e-02 -2.98739453e-03
1.24723000e+03 8.89606000e+02 1.72214000e+03 3.02249228e-02 6.08304199e-03 1.24307230e-02
1.30768000e+03 9.35984000e+02 1.74020000e+03 5.66175386e-03 -8.49367175e-03 -1.05578267e-03
1.29737000e+03 8.59337000e+02 1.71787000e+03 1.14997710e-02 3.14078610e-03 -1.38491553e-02
1.26652000e+03 8.55055000e+02 1.75072000e+03 1.94996741e-02 1.88388297e-02 7.71625432e-03
1.25580000e+03 9.25922000e+02 1.70199000e+03 3.06541334e-02 -7.88032332e-03 8.34276656e-03
1.34783000e+03 9.51849000e+02 1.77919000e+03 -4.16944586e-02 -5.32955106e-03 -3.80999568e-03
1.34178000e+03 8.71796000e+02 1.79080000e+03 -3.25927349e-02 1.09154332e-02 -1.05217189e-02
1.34631000e+03 9.33644000e+02 1.77854000e+03 -3.61766059e-02 -3.55831384e-03 -7.74518739e-03
1.34331000e+03 9.03228000e+02 1.78643000e+03 -3.58567721e-02 2.77590947e-03 -8.61499147e-03
1.32546000e+03 8.47980000e+02 1.79368000e+03 -2.30692418e-02 1.75243339e-02 -5.78744816e-03
1.32916000e+03 8.84308000e+02 1.78524000e+03 -2.54308984e-02 6.80828325e-03 -6.41284776e-03
1.32330000e+03 9.34885000e+02 1.77385000e+03 -2.23509740e-02 -5.85309702e-03 1.14142924e-03
1.31547000e+03 8.64967000e+02 1.78291000e+03 -1.41736524e-02 1.23481980e-02 -3.15409574e-03
1.32638000e+03 9.14984000e+02 1.77688000e+03 -2.29626946e-02 -1.22332941e-03 -3.12301671e-03
1.34284000e+03 8.87399000e+02 1.79147000e+03 -3.69620346e-02 7.73090330e-03 -9.59568158e-03
1.34703000e+03 8.47079000e+02 1.78133000e+03 -2.41200331e-02 1.59147660e-02 -1.70176736e-02
1.31281000e+03 9.44065000e+02 1.76913000e+03 -1.53845654e-02 -7.05255946e-03 5.43344338e-03
1.31288000e+03 8.98301000e+02 1.77711000e+03 -1.40738843e-02 1.95737553e-03 -6.51275483e-04
1.29975000e+03 8.54598000e+02 1.78190000e+03 -5.00606493e-03 1.69247023e-02 1.58200855e-03
1.29979000e+03 8.76661000e+02 1.77844000e+03 -6.32849621e-03 8.93721110e-03 2.79772810e-03
1.31332000e+03 9.25226000e+02 1.77367000e+03 -1.55105201e-02 -2.71129267e-03 2.32665331e-03
1.35121000e+03 8.89224000e+02 1.77656000e+03 -2.91739376e-02 5.87040003e-03 -1.46003254e-02
1.34288000e+03 9.41328000e+02 1.76373000e+03 -2.28496171e-02 -6.95288357e-03 -6.45539903e-03
1.33311000e+03 9.46707000e+02 1.78854000e+03 -4.24699994e-02 -5.11581951e-03 2.55358146e-03
1.35364000e+03 9.04689000e+02 1.80369000e+03 -5.77145016e-02 1.00749643e-02 -8.27713132e-03
1.29085000e+03 9.49018000e+02 1.76094000e+03 9.01674234e-04 -8.88300395e-03 1.25186650e-02
1.32890000e+03 8.98485000e+02 1.78007000e+03 -2.34968724e-02 2.71291214e-03 -4.78882727e-03
1.30012000e+03 9.33790000e+02 1.76495000e+03 -3.96479077e-03 -5.65836235e-03 7.06076668e-03
1.32523000e+03 8.64912000e+02 1.79749000e+03 -2.98020384e-02 1.22542380e-02 -3.85948752e-03
1.30123000e+03 9.08555000e+02 1.77180000e+03 -6.61081651e-03 -2.79330765e-04 3.78525290e-03
1.32985000e+03 8.59201000e+02 1.77908000e+03 -1.62282674e-02 1.28283580e-02 -9.35114596e-03
1.34601000e+03 9.40996000e+02 1.79476000e+03 -5.35355695e-02 9.45900758e-05 -3.36936351e-03
1.28771000e+03 8.65351000e+02 1.77880000e+03 5.00129325e-05 1.46745024e-02 6.74409270e-03
1.29991000e+03 8.91584000e+02 1.77576000e+03 -7.41541958e-03 5.05440529e-03 3.36434418e-03
1.34066000e+03 9.17165000e+02 1.77153000e+03 -2.50851283e-02 -1.68001691e-03 -9.49050619e-03
1.33485000e+03 9.21381000e+02 1.78947000e+03 -3.82400908e-02 -8.60048524e-04 -3.01254848e-03
1.27594000e+03 9.42762000e+02 1.75721000e+03 1.14502329e-02 -6.99412317e-03 1.67139166e-02
1.34033000e+03 8.79587000e+02 1.77763000e+03 -2.35429232e-02 7.03934670e-03 -1.23426915e-02
1.33172000e+03 8.96680000e+02 1.79491000e+03 -3.73574684e-02 4.80620484e-03 -3.87320799e-03
1.31006000e+03 8.53695000e+02 1.79618000e+03 -1.94272928e-02 1.69920917e-02 1.08107919e-03
1.29229000e+03 9.21165000e+02 1.76586000e+03 5.12755441e-04 -3.80478727e-03 7.76481423e-03
1.25473000e+03 9.50225000e+02 1.74504000e+03 2.64639525e-02 -6.88203333e-03 2.31011581e-02
1.28613000e+03 8.81289000e+02 1.77522000e+03 8.79866805e-04 8.82252671e-03 8.12373240e-03
1.33000000e+03 8.80538000e+02 1.79909000e+03 -3.65829180e-02 8.94527893e-03 -4.23707049e-03
1.33619000e+03 9.51881000e+02 1.76310000e+03 -2.07516852e-02 -8.89240967e-03 -1.93631870e-03
1.26386000e+03 9.39786000e+02 1.75003000e+03 2.16847833e-02 -5.75339236e-03 1.86790378e-02
1.28677000e+03 8.95781000e+02 1.77062000e+03 1.72246702e-03 4.05673478e-03 7.56874185e-03
1.34677000e+03 8.62288000e+02 1.77900000e+03 -2.45961549e-02 1.18013009e-02 -1.53258457e-02
1.27923000e+03 8.53437000e+02 1.77981000e+03 4.94404571e-03 1.93927665e-02 1.00519642e-02
1.35355000e+03 9.04121000e+02 1.77196000e+03 -2.94384384e-02 1.96067395e-03 -1.61937926e-02
1.30962000e+03 8.83104000e+02 1.78615000e+03 -1.77225999e-02 7.13746943e-03 5.82491579e-04
1.27258000e+03 8.67678000e+02 1.77534000e+03 7.64787793e-03 1.64549941e-02 1.26206215e-02
1.31595000e+03 8.76028000e+02 1.77451000e+03 -1.00389513e-02 8.33953181e-03 -4.55006752e-03
1.32620000e+03 9.43012000e+02 1.76352000e+03 -1.55115513e-02 -7.94678536e-03 1.12087095e-04
1.31620000e+03 8.49545000e+02 1.77996000e+03 -9.36432266e-03 1.65495081e-02 -5.90301683e-03
1.35137000e+03 8.60902000e+02 1.79469000e+03 -3.83687028e-02 1.61056419e-02 -1.29160580e-02
1.33089000e+03 9.34496000e+02 1.78747000e+03 -3.78822428e-02 -4.32415600e-03 4.59752666e-04
1.33511000e+03 9.30630000e+02 1.76530000e+03 -2.02139769e-02 -4.81586908e-03 -6.38084144e-03
1.31655000e+03 9.09668000e+02 1.76666000e+03 -8.78941280e-03 -1.66552234e-03 -2.84756157e-03
1.27332000e+03 8.92400000e+02 1.76944000e+03 7.80728257e-03 6.68165709e-03 1.26054957e-02
1.28519000e+03 9.34226000e+02 1.76276000e+03 4.16373684e-03 -5.37011347e-03 1.18913509e-02
1.27729000e+03 9.20692000e+02 1.76226000e+03 9.48612056e-03 -3.61231389e-03 1.27704171e-02
1.32511000e+03 9.21284000e+02 1.76622000e+03 -1.37360493e-02 -3.26399194e-03 -3.88137857e-03
1.24996000e+03 9.35581000e+02 1.74545000e+03 2.84263569e-02 -2.88697528e-03 2.32455320e-02
1.31807000e+03 8.76564000e+02 1.79395000e+03 -2.64391743e-02 9.47612000e-03 -1.13345859e-03
1.31998000e+03 9.45320000e+02 1.78361000e+03 -3.15479098e-02 -7.52801634e-03 6.05476491e-03
1.34497000e+03 9.28790000e+02 1.79724000e+03 -5.24211155e-02 2.00164955e-03 -4.60757961e-03
1.26491000e+03 8.57502000e+02 1.77339000e+03 1.36104961e-02 2.20594735e-02 1.56201594e-02
1.32817000e+03 9.09488000e+02 1.78935000e+03 -3.31840810e-02 -2.43399593e-04 -1.38771535e-03
1.33963000e+03 9.51797000e+02 1.79694000e+03 -5.55885844e-02 -2.35323513e-03 1.87663023e-03
1.32178000e+03 9.27543000e+02 1.78390000e+03 -2.97049761e-02 -4.38917845e-03 1.62452178e-03
1.26722000e+03 8.79065000e+02 1.77027000e+03 1.11721078e-02 1.33239926e-02 1.51069541e-02
1.28468000e+03 9.08499000e+02 1.76886000e+03 2.05463640e-03 -4.94239181e-04 9.38580162e-03
1.30450000e+03 9.49379000e+02 1.75982000e+03 -4.27640000e-03 -8.78731511e-03 7.57389922e-03
1.27048000e+03 9.29758000e+02 1.75624000e+03 1.68709202e-02 -3.78970040e-03 1.63236637e-02
1.33446000e+03 8.49011000e+02 1.77943000e+03 -1.69407872e-02 1.51724862e-02 -1.25957114e-02
1.27056000e+03 9.07486000e+02 1.76442000e+03 1.12684665e-02 1.99995157e-03 1.46837161e-02
1.33771000e+03 8.57834000e+02 1.79317000e+03 -2.99271330e-02 1.50715985e-02 -9.67698854e-03
1.30286000e+03 8.67565000e+02 1.79064000e+03 -1.51436685e-02 1.27983005e-02 3.16681727e-03
1.29413000e+03 8.47246000e+02 1.79301000e+03 -9.19671862e-03 2.05419088e-02 6.35975331e-03
1.29690000e+03 9.46449000e+02 1.77288000e+03 -1.29485631e-02 -8.39793247e-03 1.25088903e-02
1.34151000e+03 9.13253000e+02 1.79777000e+03 -4.82524291e-02 3.19112711e-03 -3.79544555e-03
1.31511000e+03 9.11515000e+02 1.78183000e+03 -2.12510816e-02 -1.71250553e-03 1.51969320e-03
1.25204000e+03 8.85212000e+02 1.76368000e+03 2.17708787e-02 1.41737198e-02 2.19856288e-02
1.25703000e+03 8.67897000e+02 1.76890000e+03 1.75201264e-02 2.01755107e-02 1.82509667e-02
1.34038000e+03 9.02302000e+02 1.77174000e+03 -2.16819006e-02 2.19955730e-03 -1.11929715e-02
1.30509000e+03 8.64377000e+02 1.77481000e+03 -3.59144232e-03 1.22933772e-02 -4.98855770e-04
1.31697000e+03 9.34675000e+02 1.76297000e+03 -1.01067275e-02 -5.87527380e-03 1.01492837e-03
1.26328000e+03 9.18422000e+02 1.75854000e+03 1.83109608e-02 -9.74229771e-04 1.72509689e-02
1.26078000e+03 8.94379000e+02 1.76556000e+03 1.56100254e-02 8.20429666e-03 1.75833155e-02
1.30987000e+03 8.85936000e+02 1.77050000e+03 -5.86046842e-03 6.53778437e-03 -1.53315764e-03
1.25230000e+03 9.23874000e+02 1.75115000e+03 2.53167770e-02 -3.42884697e-05 2.19817202e-02
1.31785000e+03 9.51938000e+02 1.75981000e+03 -9.91958519e-03 -9.63211351e-03 4.47366649e-03
1.31882000e+03 8.54371000e+02 1.80488000e+03 -3.06779980e-02 1.62549112e-02 -4.45234175e-04
1.35466000e+03 8.95775000e+02 1.78986000e+03 -4.30740103e-02 8.12287179e-03 -1.23061166e-02
1.30138000e+03 9.22968000e+02 1.77583000e+03 -1.26097582e-02 -4.51463491e-03 6.33067545e-03
1.35059000e+03 9.31497000e+02 1.76407000e+03 -2.57331192e-02 -5.74786260e-03 -1.21344319e-02
1.30611000e+03 9.54856000e+02 1.77923000e+03 -2.41145408e-02 -9.46471681e-03 1.18751759e-02
1.33776000e+03 8.91519000e+02 1.77811000e+03 -2.49280758e-02 4.19790459e-03 -1.05542811e-02
1.35059000e+03 8.73804000e+02 1.77550000e+03 -2.54561177e-02 9.33405870e-03 -1.59043359e-02
1.32858000e+03 8.71687000e+02 1.77828000e+03 -1.79950322e-02 9.61981308e-03 -8.34130958e-03
1.24566000e+03 8.72083000e+02 1.76258000e+03 2.46644450e-02 2.11046933e-02 2.37293333e-02
1.34097000e+03 8.45684000e+02 1.79671000e+03 -3.13983767e-02 1.89294477e-02 -1.06169765e-02
1.30840000e+03 9.36860000e+02 1.77692000e+03 -1.92836496e-02 -5.20306965e-03 6.67526970e-03
1.32598000e+03 8.87262000e+02 1.77223000e+03 -1.39411241e-02 5.17049011e-03 -7.72198335e-03
1.24526000e+03 8.98551000e+02 1.75707000e+03 2.76536189e-02 8.25843558e-03 2.47171468e-02
1.34136000e+03 8.96440000e+02 1.80245000e+03 -4.93389797e-02 8.08052701e-03 -5.84445733e-03
1.25288000e+03 8.53203000e+02 1.76830000e+03 2.15414886e-02 2.55262708e-02 1.86095838e-02
1.25572000e+03 9.07037000e+02 1.75859000e+03 2.10927204e-02 3.03100211e-03 2.05068118e-02
1.33272000e+03 9.27646000e+02 1.77694000e+03 -2.68383887e-02 -3.11433178e-03 -2.97903499e-03
1.30706000e+03 9.18442000e+02 1.76444000e+03 -4.25965989e-03 -2.39953286e-03 1.44258102e-03
1.32657000e+03 9.05667000e+02 1.76823000e+03 -1.39369338e-02 6.41187171e-04 -5.81676542e-03
1.33398000e+03 9.42751000e+02 1.77499000e+03 -2.99866963e-02 -5.14046525e-03 -3.40352256e-04
1.32006000e+03 8.92955000e+02 1.79068000e+03 -2.76811984e-02 3.65064065e-03 -9.78610597e-04
1.28011000e+03 9.52152000e+02 1.76615000e+03 -1.12178571e-03 -1.16116203e-02 1.77301354e-02
1.31213000e+03 8.64932000e+02 1.79948000e+03 -2.53435778e-02 1.37424337e-02 1.92044080e-03
1.29849000e+03 9.31025000e+02 1.79865000e+03 -3.61964244e-02 -1.33392311e-02 1.27215937e-02
1.30353000e+03 9.44282000e+02 1.80226000e+03 -4.55358028e-02 -1.96003571e-02 1.40866033e-02
1.29214000e+03 9.52154000e+02 1.79685000e+03 -3.85331457e-02 -2.44094793e-02 1.73614699e-02
1.28608000e+03 9.32220000e+02 1.79108000e+03 -2.37963506e-02 -1.45932425e-02 1.56136345e-02
1.28450000e+03 9.44963000e+02 1.79026000e+03 -2.69985157e-02 -1.98083658e-02 1.77067436e-02
1.25261000e+03 8.59205000e+02 1.79246000e+03 7.88517553e-03 2.43137519e-02 2.80246779e-02
1.27496000e+03 9.37281000e+02 1.78517000e+03 -1.57142822e-02 -1.74714662e-02 1.92212404e-02
1.26399000e+03 8.56848000e+02 1.79959000e+03 -1.08030918e-03 2.33474457e-02 2.59322468e-02
1.29658000e+03 9.11687000e+02 1.79899000e+03 -3.19810152e-02 -4.91380632e-03 1.29148531e-02
1.26358000e+03 9.43231000e+02 1.77854000e+03 -7.38117909e-03 -1.67863245e-02 2.20250850e-02
1.28566000e+03 9.19316000e+02 1.79167000e+03 -2.07206281e-02 -8.13507159e-03 1.62549966e-02
1.26309000e+03 8.69857000e+02 1.79537000e+03 -1.86723484e-03 1.85216668e-02 2.61945154e-02
1.27475000e+03 8.67407000e+02 1.80138000e+03 -9.88353737e-03 1.70359256e-02 2.15295874e-02
1.24869000e+03 8.76242000e+02 1.78835000e+03 9.05730340e-03 2.02773092e-02 3.11797490e-02
1.26961000e+03 9.09400000e+02 1.78810000e+03 -9.03159544e-03 -2.89515821e-04 2.31584659e-02
