x y z dx dy dz  # rigid-removed deformational residual
1.27857000e+03 9.37489000e+02 1.80049000e+03 -3.83056733e-02 -2.61932446e-02 2.52877076e-02
1.27845000e+03 9.13058000e+02 1.80238000e+03 -3.12180804e-02 -4.48458309e-03 2.57821850e-02
1.27725000e+03 9.49092000e+02 1.80164000e+03 -4.27831151e-02 -3.69625450e-02 2.43506532e-02
1.26930000e+03 9.43464000e+02 1.79571000e+03 -3.25704674e-02 -2.91633625e-02 2.83657209e-02
1.26805000e+03 9.54943000e+02 1.79745000e+03 -4.20129095e-02 -3.66326289e-02 2.67401567e-02
1.27024000e+03 9.31284000e+02 1.79589000e+03 -2.60506853e-02 -1.66616672e-02 3.05576950e-02
1.26002000e+03 9.49803000e+02 1.79096000e+03 -2.71889365e-02 -3.06246474e-02 2.91740028e-02
1.25233000e+03 9.31123000e+02 1.78634000e+03 -1.13916650e-02 -1.21539502e-02 3.73392110e-02
1.25304000e+03 9.19488000e+02 1.78895000e+03 -7.53708470e-03 -4.45224155e-03 3.74016951e-02
1.25377000e+03 9.08542000e+02 1.79224000e+03 -8.39682820e-03 3.66632603e-03 3.84814493e-02
1.25458000e+03 8.97715000e+02 1.79585000e+03 -6.49137871e-03 1.08007353e-02 3.84960204e-02
1.24554000e+03 8.90874000e+02 1.79365000e+03 2.05651343e-03 1.46979813e-02 3.82660950e-02
1.25527000e+03 8.86549000e+02 1.79950000e+03 -4.26701787e-03 1.44329940e-02 3.50396753e-02
1.24614000e+03 8.79489000e+02 1.79735000e+03 2.22653889e-03 2.10618238e-02 3.74696630e-02
1.25574000e+03 8.75187000e+02 1.80304000e+03 -2.60161895e-03 2.01758829e-02 3.47690403e-02
1.24680000e+03 8.67949000e+02 1.80101000e+03 4.77709960e-03 2.63367949e-02 3.55666605e-02
1.24750000e+03 8.56469000e+02 1.80454000e+03 4.12227787e-03 2.85887110e-02 3.58621303e-02
1.26356000e+03 9.04505000e+02 1.79785000e+03 -1.43747916e-02 3.61400124e-03 3.28624165e-02
1.26528000e+03 8.82142000e+02 1.80497000e+03 -1.16446708e-02 1.40709564e-02 2.93726716e-02
1.26238000e+03 9.14611000e+02 1.79465000e+03 -1.62555695e-02 2.90977952e-03 3.86915837e-02
1.26480000e+03 8.93717000e+02 1.80144000e+03 -1.46475503e-02 8.58045382e-03 3.00590970e-02
1.27513000e+03 9.02031000e+02 1.80346000e+03 -2.66405244e-02 5.28658163e-04 2.52318702e-02
1.27918000e+03 9.25389000e+02 1.80094000e+03 -3.22290689e-02 -9.80314020e-03 2.65533952e-02
1.25136000e+03 9.43670000e+02 1.78504000e+03 -1.27309746e-02 -1.94616669e-02 3.70654824e-02
1.26092000e+03 9.37425000e+02 1.79057000e+03 -2.02873095e-02 -1.94965286e-02 3.09666863e-02
1.26173000e+03 9.25535000e+02 1.79211000e+03 -1.76929120e-02 -1.11098441e-02 3.40447450e-02
1.27125000e+03 9.19382000e+02 1.79783000e+03 -2.44566047e-02 -6.46731090e-03 2.81249824e-02
1.27088000e+03 9.10241000e+02 1.79957000e+03 -2.22122024e-02 -4.04923414e-04 3.38740460e-02
1.27901000e+03 8.49672000e+02 1.79554000e+03 -5.08805131e-03 2.24335449e-02 1.41757148e-02
1.26873000e+03 8.46087000e+02 1.79072000e+03 3.65011570e-03 2.57254992e-02 1.74718044e-02
1.27167000e+03 8.57387000e+02 1.79019000e+03 3.77093579e-04 2.07782348e-02 1.75315576e-02
1.26134000e+03 8.53871000e+02 1.78554000e+03 8.77618393e-03 2.48188004e-02 2.03823412e-02
1.26424000e+03 8.65156000e+02 1.78512000e+03 5.86993392e-03 2.03881445e-02 2.03402672e-02
1.25388000e+03 8.61726000e+02 1.78063000e+03 1.38326778e-02 2.44962722e-02 2.33344213e-02
1.25103000e+03 8.50382000e+02 1.78079000e+03 1.62884948e-02 2.86398070e-02 2.34244780e-02
1.24640000e+03 8.69696000e+02 1.77590000e+03 1.80511418e-02 2.25630895e-02 2.71393773e-02
1.28206000e+03 8.60904000e+02 1.79469000e+03 -7.80268500e-03 1.69358414e-02 1.36732198e-02
1.31989000e+03 8.94057000e+02 1.80349000e+03 -4.04306289e-02 5.17413231e-03 2.40870472e-03
1.32305000e+03 9.05217000e+02 1.80164000e+03 -4.35281332e-02 4.76804728e-04 1.83865094e-03
1.31282000e+03 9.01504000e+02 1.79725000e+03 -3.26737833e-02 4.59546151e-04 3.96571404e-03
1.31582000e+03 9.12588000e+02 1.79573000e+03 -3.60432266e-02 -3.76930389e-03 4.03270889e-03
1.30556000e+03 9.09255000e+02 1.79138000e+03 -2.63124939e-02 -2.06968016e-03 6.75727720e-03
1.24868000e+03 9.44227000e+02 1.75877000e+03 1.93157194e-02 -9.71910657e-03 2.79532817e-02
1.25851000e+03 9.47715000e+02 1.76416000e+03 9.58414828e-03 -1.27769962e-02 2.23817718e-02
1.25588000e+03 9.36001000e+02 1.76374000e+03 1.33502092e-02 -8.22399983e-03 2.36868575e-02
1.26586000e+03 9.39420000e+02 1.76834000e+03 4.43630267e-03 -1.02869762e-02 2.08974839e-02
1.26309000e+03 9.27598000e+02 1.76895000e+03 7.15769069e-03 -5.78219673e-03 2.08323389e-02
1.27337000e+03 9.30914000e+02 1.77293000e+03 -4.59057037e-04 -8.74390890e-03 1.76715062e-02
1.26976000e+03 9.18952000e+02 1.77400000e+03 1.70970920e-03 -5.14916325e-03 1.89739329e-02
1.30247000e+03 8.98022000e+02 1.79319000e+03 -2.40026175e-02 2.02111303e-03 7.25633235e-03
1.30828000e+03 9.20582000e+02 1.79027000e+03 -2.94315500e-02 -4.95030990e-03 6.15191078e-03
1.25213000e+03 9.24329000e+02 1.76483000e+03 1.67597971e-02 -2.52352523e-03 2.67387658e-02
1.27565000e+03 9.42844000e+02 1.77331000e+03 -5.53778451e-03 -1.15545927e-02 1.94944910e-02
1.31802000e+03 9.23433000e+02 1.79484000e+03 -3.91861072e-02 -5.64154360e-03 4.21104829e-03
1.29512000e+03 9.05926000e+02 1.78756000e+03 -1.77324566e-02 -7.73786677e-04 9.35390161e-03
1.29188000e+03 8.94596000e+02 1.78960000e+03 -1.62170813e-02 3.62458796e-03 1.14639274e-02
1.29919000e+03 8.86833000e+02 1.79529000e+03 -2.13429118e-02 6.07447960e-03 7.88954736e-03
1.28326000e+03 9.34295000e+02 1.77714000e+03 -8.65816483e-03 -8.79212705e-03 1.50731539e-02
1.28504000e+03 9.46146000e+02 1.77857000e+03 -1.55452485e-02 -1.31927123e-02 1.70834012e-02
1.31061000e+03 9.32209000e+02 1.79040000e+03 -3.29908913e-02 -7.25739150e-03 5.57692690e-03
1.27713000e+03 9.54374000e+02 1.77593000e+03 -1.22405120e-02 -1.54802136e-02 2.09053655e-02
1.28442000e+03 9.02568000e+02 1.78427000e+03 -1.02109027e-02 1.26168076e-03 1.19526448e-02
1.28110000e+03 8.91183000e+02 1.78632000e+03 -8.38537709e-03 5.00008289e-03 1.30433245e-02
1.27359000e+03 8.99185000e+02 1.78124000e+03 -3.46628525e-03 2.72457351e-03 1.73196569e-02
1.33154000e+03 9.46388000e+02 1.80259000e+03 -5.88814848e-02 -2.26638845e-03 4.49939328e-03
1.30289000e+03 8.68135000e+02 1.80333000e+03 -2.46844714e-02 1.38087003e-02 8.07691027e-03
1.27032000e+03 8.87770000e+02 1.78306000e+03 -2.21907896e-03 9.34102444e-03 1.85278217e-02
1.26283000e+03 8.95732000e+02 1.77816000e+03 1.25070621e-03 6.96520856e-03 2.37425533e-02
1.28767000e+03 9.14088000e+02 1.78235000e+03 -1.18681170e-02 -3.92867720e-03 1.22377792e-02
1.29414000e+03 9.49452000e+02 1.78413000e+03 -2.62867382e-02 -1.46659050e-02 1.47045342e-02
1.30071000e+03 9.29130000e+02 1.78562000e+03 -2.31057874e-02 -8.28073889e-03 8.73143232e-03
1.27778000e+03 8.79848000e+02 1.78805000e+03 -6.17803931e-03 1.01223392e-02 1.45599877e-02
1.29959000e+03 8.56957000e+02 1.80490000e+03 -2.16070757e-02 1.76510576e-02 8.29252357e-03
1.25960000e+03 8.84296000e+02 1.77953000e+03 5.89845657e-03 1.43674585e-02 2.33973492e-02
1.33116000e+03 9.34415000e+02 1.80115000e+03 -5.37986870e-02 -2.81234989e-03 9.60794749e-04
1.26613000e+03 9.07248000e+02 1.77607000e+03 1.35287831e-03 4.02239241e-04 2.10108922e-02
1.25532000e+03 9.03554000e+02 1.77295000e+03 1.05255030e-02 4.68429618e-03 2.62318052e-02
1.32383000e+03 9.42378000e+02 1.79789000e+03 -4.97319327e-02 -6.02415165e-03 5.67320256e-03
1.25853000e+03 9.15198000e+02 1.77054000e+03 9.23225883e-03 1.31148221e-04 2.49319584e-02
1.24687000e+03 9.11661000e+02 1.76659000e+03 1.79845446e-02 3.14752764e-03 2.90636578e-02
1.30291000e+03 9.41167000e+02 1.78704000e+03 -2.86211358e-02 -1.01548944e-02 9.48755340e-03
1.26795000e+03 9.51223000e+02 1.76988000e+03 -9.93796852e-04 -1.47621588e-02 2.19774970e-02
1.27699000e+03 9.10706000e+02 1.77911000e+03 -4.80796952e-03 -1.88091928e-03 1.59058644e-02
1.28855000e+03 8.83326000e+02 1.79164000e+03 -1.33407278e-02 8.09892980e-03 1.12423860e-02
1.30628000e+03 8.79281000e+02 1.80137000e+03 -2.76804706e-02 8.14116679e-03 5.89013884e-03
1.30962000e+03 8.90399000e+02 1.79925000e+03 -3.09346778e-02 4.44137545e-03 5.57217751e-03
1.33527000e+03 9.21857000e+02 1.80451000e+03 -5.59961312e-02 2.79017870e-03 -1.20972916e-03
1.32622000e+03 9.16686000e+02 1.80044000e+03 -4.62495472e-02 -9.91170864e-04 1.54864996e-03
1.29582000e+03 8.75656000e+02 1.79733000e+03 -1.87027922e-02 1.07624735e-02 9.33566711e-03
1.28034000e+03 9.22426000e+02 1.77747000e+03 -5.06460814e-03 -6.49365485e-03 1.39622630e-02
1.29811000e+03 9.17387000e+02 1.78603000e+03 -2.00263009e-02 -4.76069700e-03 8.95792472e-03
1.32207000e+03 9.52371000e+02 1.79948000e+03 -5.18210547e-02 -6.59145344e-03 8.91856735e-03
1.31387000e+03 9.44821000e+02 1.79323000e+03 -4.05417433e-02 -8.03684119e-03 8.37907911e-03
1.28929000e+03 8.53282000e+02 1.80027000e+03 -1.34227335e-02 2.09880808e-02 1.14272169e-02
1.24928000e+03 8.80939000e+02 1.77561000e+03 1.50410677e-02 1.67501626e-02 2.72309352e-02
1.29248000e+03 8.64476000e+02 1.79904000e+03 -1.64677715e-02 1.57976093e-02 1.07502129e-02
1.28524000e+03 8.72099000e+02 1.79339000e+03 -1.07370355e-02 1.23049697e-02 1.23817405e-02
1.24562000e+03 9.33034000e+02 1.75914000e+03 2.17414844e-02 -4.42845881e-03 2.93226527e-02
1.27471000e+03 8.68606000e+02 1.78937000e+03 -3.28661113e-03 1.52743642e-02 1.63513999e-02
1.26720000e+03 8.76433000e+02 1.78435000e+03 8.85659592e-04 1.66561947e-02 2.11861901e-02
1.29061000e+03 9.25811000e+02 1.78129000e+03 -1.41697325e-02 -7.02827693e-03 1.17861365e-02
1.29291000e+03 9.37740000e+02 1.78176000e+03 -1.84695536e-02 -1.03877770e-02 1.29180996e-02
1.25672000e+03 8.73044000e+02 1.78031000e+03 1.03281854e-02 1.94388275e-02 2.31403423e-02
1.25239000e+03 8.92063000e+02 1.77480000e+03 9.76786124e-03 1.23443742e-02 2.82635702e-02
1.30337000e+03 9.53258000e+02 1.79024000e+03 -3.60702434e-02 -1.31149350e-02 1.40791412e-02
1.32607000e+03 9.25806000e+02 1.79887000e+03 -4.64759933e-02 -3.75278486e-03 2.21274760e-03
1.24571000e+03 8.98893000e+02 1.77009000e+03 1.69153345e-02 9.32459623e-03 3.04983258e-02
1.32001000e+03 9.33461000e+02 1.79523000e+03 -4.21035449e-02 -6.36727638e-03 3.88081829e-03
1.34230000e+03 8.47115000e+02 1.76982000e+03 -1.32687897e-02 1.41239173e-02 -1.81282495e-02
1.33449000e+03 8.54317000e+02 1.76814000e+03 -9.97977051e-03 1.24882234e-02 -1.47107434e-02
1.34538000e+03 8.58312000e+02 1.76772000e+03 -1.47473651e-02 1.08488113e-02 -1.85561037e-02
1.33677000e+03 8.65823000e+02 1.76599000e+03 -1.03270432e-02 8.55454270e-03 -1.52844904e-02
1.34785000e+03 8.69634000e+02 1.76562000e+03 -1.51726526e-02 7.64014963e-03 -1.87526843e-02
1.33886000e+03 8.77239000e+02 1.76388000e+03 -1.15290953e-02 5.46335268e-03 -1.58672853e-02
1.35007000e+03 8.81031000e+02 1.76354000e+03 -1.62953735e-02 4.49951022e-03 -1.87353654e-02
1.34159000e+03 8.88747000e+02 1.76183000e+03 -1.25418658e-02 2.69906897e-03 -1.52738405e-02
1.35259000e+03 8.92524000e+02 1.76151000e+03 -1.75115446e-02 1.12259663e-03 -1.88111994e-02
1.34411000e+03 9.00458000e+02 1.75978000e+03 -1.33705768e-02 -2.80291236e-04 -1.45279426e-02
1.34583000e+03 9.11917000e+02 1.75781000e+03 -1.30780204e-02 -3.45082305e-03 -1.44040598e-02
1.33345000e+03 9.06839000e+02 1.75824000e+03 -7.82603433e-03 -1.28789700e-03 -1.03499169e-02
1.33665000e+03 9.19619000e+02 1.75610000e+03 -9.47124084e-03 -3.81185261e-03 -1.01568345e-02
1.32555000e+03 9.15991000e+02 1.75619000e+03 -4.74221325e-03 -4.22138612e-03 -6.70328324e-03
1.32783000e+03 9.27621000e+02 1.75423000e+03 -5.36832209e-03 -6.55332397e-03 -6.48949927e-03
1.31643000e+03 9.23854000e+02 1.75402000e+03 -7.82196017e-05 -4.83366599e-03 -1.79798498e-03
1.31882000e+03 9.35405000e+02 1.75209000e+03 -7.61975424e-04 -6.71372719e-03 -7.81853527e-04
1.30781000e+03 9.31481000e+02 1.75145000e+03 4.27904794e-03 -6.82902939e-03 2.05533492e-03
1.30987000e+03 9.42970000e+02 1.74954000e+03 3.64337531e-03 -9.38576418e-03 3.09125085e-03
1.29888000e+03 9.38898000e+02 1.74824000e+03 9.68138599e-03 -7.04713076e-03 4.80445032e-03
1.30087000e+03 9.50336000e+02 1.74650000e+03 8.81568040e-03 -9.88892814e-03 6.29263389e-03
1.28999000e+03 9.45964000e+02 1.74443000e+03 1.38204338e-02 -9.03728270e-03 9.65446595e-03
1.32101000e+03 9.47044000e+02 1.75024000e+03 -9.49920885e-04 -1.00357414e-02 4.38252184e-04
1.31460000e+03 9.12487000e+02 1.75608000e+03 7.47896455e-04 -2.05933114e-03 -3.27765553e-03
1.28722000e+03 9.33457000e+02 1.74654000e+03 1.40479499e-02 -5.88500704e-03 8.17256755e-03
1.28135000e+03 9.53895000e+02 1.74024000e+03 1.73465483e-02 -1.07384959e-02 1.26347912e-02
1.32563000e+03 8.61751000e+02 1.76635000e+03 -5.55773578e-03 1.13461906e-02 -1.08173364e-02
1.25003000e+03 8.58891000e+02 1.75513000e+03 2.55894406e-02 2.23861011e-02 1.66816120e-02
1.24527000e+03 8.69083000e+02 1.75122000e+03 2.78869800e-02 1.98668871e-02 1.94342736e-02
1.25496000e+03 8.48721000e+02 1.75900000e+03 2.32725719e-02 2.52871504e-02 1.52183108e-02
1.25639000e+03 8.69416000e+02 1.75571000e+03 2.30724976e-02 1.81823696e-02 1.54349584e-02
1.25171000e+03 8.79665000e+02 1.75207000e+03 2.53287344e-02 1.41573808e-02 1.75757213e-02
1.26306000e+03 8.80114000e+02 1.75584000e+03 2.04047614e-02 1.22485356e-02 1.29755854e-02
1.25858000e+03 8.90478000e+02 1.75215000e+03 2.26816381e-02 9.19766970e-03 1.49200910e-02
1.26791000e+03 8.69566000e+02 1.75902000e+03 1.88362396e-02 1.59749808e-02 1.02845010e-02
1.27467000e+03 8.80201000e+02 1.75849000e+03 1.61391263e-02 1.14664412e-02 7.62401215e-03
1.27965000e+03 8.69420000e+02 1.76130000e+03 1.41020683e-02 1.42035048e-02 5.90272015e-03
1.28644000e+03 8.79832000e+02 1.76028000e+03 1.16255181e-02 9.60353402e-03 4.03167021e-03
1.28150000e+03 8.90908000e+02 1.75735000e+03 1.35245718e-02 6.92613867e-03 6.47833675e-03
1.24511000e+03 9.23117000e+02 1.73428000e+03 3.13192996e-02 1.33121175e-03 2.12390027e-02
1.32918000e+03 8.85439000e+02 1.76199000e+03 -6.35704265e-03 4.41345478e-03 -1.08508323e-02
1.24703000e+03 9.41564000e+02 1.72835000e+03 3.19411777e-02 -4.55401051e-03 2.17021984e-02
1.29145000e+03 8.68955000e+02 1.76282000e+03 8.56337686e-03 1.25480792e-02 2.06873106e-03
1.28472000e+03 8.58799000e+02 1.76392000e+03 1.13154761e-02 1.65098583e-02 4.11728250e-03
1.29825000e+03 8.79073000e+02 1.76151000e+03 6.74942173e-03 8.88046947e-03 -3.35250596e-04
1.33911000e+03 9.31574000e+02 1.75414000e+03 -9.46580139e-03 -7.43872490e-03 -9.16170346e-03
1.29648000e+03 8.58330000e+02 1.76525000e+03 6.64757714e-03 1.48353419e-02 -2.72829391e-04
1.28991000e+03 8.48372000e+02 1.76655000e+03 9.21534367e-03 1.99109788e-02 1.68784906e-03
1.27808000e+03 8.48660000e+02 1.76488000e+03 1.42759450e-02 2.08955438e-02 6.21163161e-03
1.35271000e+03 9.47339000e+02 1.75196000e+03 -1.40942831e-02 -1.23831188e-02 -1.13617758e-02
1.24944000e+03 9.06589000e+02 1.74333000e+03 2.81351099e-02 5.66971606e-03 1.90184987e-02
1.31319000e+03 8.47948000e+02 1.76846000e+03 -1.10834755e-03 1.64866105e-02 -7.69292551e-03
1.25334000e+03 9.52136000e+02 1.72901000e+03 3.01881267e-02 -7.89164038e-03 2.14126301e-02
1.25793000e+03 9.41898000e+02 1.73321000e+03 2.77714495e-02 -5.39817907e-03 1.82604442e-02
1.26430000e+03 9.52176000e+02 1.73382000e+03 2.57151207e-02 -8.97740362e-03 1.75551593e-02
1.26846000e+03 9.42024000e+02 1.73764000e+03 2.25440606e-02 -6.10991798e-03 1.47986226e-02
1.26268000e+03 9.32159000e+02 1.73841000e+03 2.46023540e-02 -4.00399535e-03 1.50553138e-02
1.27404000e+03 9.32456000e+02 1.74263000e+03 1.99177665e-02 -5.33095473e-03 1.14495753e-02
1.26717000e+03 9.22539000e+02 1.74374000e+03 2.11143090e-02 -1.49117000e-03 1.36183972e-02
1.27909000e+03 9.22402000e+02 1.74755000e+03 1.73324706e-02 -2.56191436e-03 9.47831998e-03
1.27176000e+03 9.12284000e+02 1.74905000e+03 1.93165682e-02 5.68578490e-04 1.08632410e-02
1.28380000e+03 9.12020000e+02 1.75202000e+03 1.49219640e-02 -2.45880025e-04 7.28838614e-03
1.27669000e+03 9.01736000e+02 1.75372000e+03 1.70647947e-02 2.98549245e-03 8.85418074e-03
1.28849000e+03 9.01212000e+02 1.75584000e+03 1.14322096e-02 2.85646534e-03 4.10635916e-03
1.29560000e+03 9.11346000e+02 1.75423000e+03 8.82460622e-03 -9.00397371e-04 3.02521419e-03
1.30036000e+03 9.00652000e+02 1.75730000e+03 5.81943762e-03 1.40405872e-03 2.04962719e-04
1.26538000e+03 9.02246000e+02 1.75079000e+03 2.05600971e-02 4.65744344e-03 1.26316635e-02
1.29335000e+03 8.90223000e+02 1.75890000e+03 8.74668478e-03 5.56556788e-03 1.52947559e-03
1.30527000e+03 8.89402000e+02 1.76001000e+03 3.87651402e-03 4.56253037e-03 -2.17252736e-03
1.30979000e+03 8.77709000e+02 1.76253000e+03 1.74047604e-03 8.31311710e-03 -4.14109312e-03
1.31281000e+03 9.00669000e+02 1.75829000e+03 4.48864654e-04 1.08620124e-03 -4.25139277e-03
1.29121000e+03 9.21441000e+02 1.75080000e+03 1.23195688e-02 -3.36442444e-03 5.96230397e-03
1.31712000e+03 8.87971000e+02 1.76098000e+03 -1.63725877e-03 4.38200771e-03 -6.42382974e-03
1.32494000e+03 8.97254000e+02 1.75961000e+03 -4.75835822e-03 1.10342969e-03 -8.40350597e-03
1.25615000e+03 9.22891000e+02 1.73936000e+03 2.62099753e-02 -8.68326369e-04 1.71657961e-02
1.33228000e+03 9.51095000e+02 1.75044000e+03 -5.45119046e-03 -1.21995034e-02 -2.44254346e-03
1.31194000e+03 9.54560000e+02 1.74784000e+03 2.97533555e-03 -1.24339725e-02 4.66856439e-03
1.33011000e+03 9.39368000e+02 1.75232000e+03 -5.52028870e-03 -9.32964529e-03 -4.62607800e-03
1.30411000e+03 9.20048000e+02 1.75336000e+03 5.58363351e-03 -3.06455866e-03 1.00357132e-03
1.25892000e+03 9.11699000e+02 1.74513000e+03 2.42063696e-02 1.68636467e-03 1.54567621e-02
1.26133000e+03 8.59066000e+02 1.75908000e+03 2.16108461e-02 2.15475905e-02 1.34290797e-02
1.26640000e+03 8.48772000e+02 1.76243000e+03 1.92155136e-02 2.33177455e-02 1.14693898e-02
1.27295000e+03 8.59051000e+02 1.76195000e+03 1.60835815e-02 1.86887459e-02 8.45478715e-03
1.34815000e+03 9.23732000e+02 1.75583000e+03 -1.44514572e-02 -6.13085962e-03 -1.32832449e-02
1.32764000e+03 8.72704000e+02 1.76433000e+03 -6.94191316e-03 8.40981456e-03 -1.10133664e-02
1.35046000e+03 9.35572000e+02 1.75388000e+03 -1.37438455e-02 -9.52006324e-03 -1.23440413e-02
1.25168000e+03 9.32013000e+02 1.73372000e+03 2.90826955e-02 -2.45790031e-03 1.90996395e-02
1.26988000e+03 8.91059000e+02 1.75516000e+03 1.81142474e-02 7.66516820e-03 1.10638923e-02
1.34139000e+03 9.43375000e+02 1.75221000e+03 -9.52298161e-03 -1.06274928e-02 -7.70248806e-03
1.30175000e+03 8.47927000e+02 1.76771000e+03 3.76828746e-03 1.73298620e-02 -2.69117452e-03
1.30325000e+03 8.68208000e+02 1.76391000e+03 4.12231853e-03 1.18825513e-02 -2.31536075e-03
1.31572000e+03 8.67430000e+02 1.76481000e+03 -1.42613757e-03 1.08758580e-02 -7.15180719e-03
1.24736000e+03 8.89487000e+02 1.74796000e+03 2.80878026e-02 1.11955167e-02 1.96758695e-02
1.27899000e+03 9.43014000e+02 1.74143000e+03 1.80037511e-02 -7.44694861e-03 1.18174072e-02
1.32421000e+03 8.50188000e+02 1.76856000e+03 -5.29086047e-03 1.51041911e-02 -1.17908059e-02
1.25499000e+03 8.99798000e+02 1.74814000e+03 2.47049922e-02 6.50464884e-03 1.64053796e-02
1.30784000e+03 8.57722000e+02 1.76621000e+03 1.50917425e-03 1.42815841e-02 -4.58370856e-03
1.33470000e+03 8.95804000e+02 1.76029000e+03 -9.41030285e-03 1.47250313e-03 -1.23055676e-02
1.32243000e+03 9.06812000e+02 1.75770000e+03 -3.19426080e-03 -1.87930310e-03 -6.67730464e-03
1.31943000e+03 8.78348000e+02 1.76291000e+03 -2.63407191e-03 6.97344759e-03 -8.40679020e-03
1.31733000e+03 8.56993000e+02 1.76690000e+03 -2.32196937e-03 1.36562825e-02 -8.27290258e-03
1.24864000e+03 9.14865000e+02 1.73951000e+03 2.91405867e-02 3.08945433e-03 1.97824465e-02
1.29790000e+03 9.29131000e+02 1.75022000e+03 9.40421015e-03 -4.74093941e-03 4.45160816e-03
1.30510000e+03 9.09991000e+02 1.75571000e+03 4.63671781e-03 -4.82206616e-05 -1.23197718e-04
1.35217000e+03 8.50273000e+02 1.76951000e+03 -1.73175128e-02 1.33700900e-02 -2.15866781e-02
1.27275000e+03 9.50877000e+02 1.73747000e+03 2.11320874e-02 -8.58065155e-03 1.47580785e-02
1.24504000e+03 8.89476000e+02 1.69991000e+03 3.28394393e-02 4.25843352e-04 8.86136186e-03
1.25291000e+03 8.98565000e+02 1.69848000e+03 3.10588954e-02 -3.32038964e-03 5.26233296e-03
1.24524000e+03 8.58145000e+02 1.70581000e+03 3.05331300e-02 9.39133459e-03 7.00841876e-03
1.24884000e+03 9.09634000e+02 1.69629000e+03 3.37430606e-02 -4.85994329e-03 8.15076955e-03
1.26072000e+03 9.07658000e+02 1.69705000e+03 2.92654167e-02 -6.36064449e-03 2.89099655e-03
1.26849000e+03 9.16754000e+02 1.69562000e+03 2.72137369e-02 -9.10024724e-03 5.88431022e-04
1.27259000e+03 9.05691000e+02 1.69779000e+03 2.47625755e-02 -7.74512928e-03 -2.76113046e-03
1.28034000e+03 9.14793000e+02 1.69636000e+03 2.29324935e-02 -1.10314060e-02 -5.10393604e-03
1.28446000e+03 9.03729000e+02 1.69853000e+03 2.07090658e-02 -9.30661407e-03 -7.64291912e-03
1.29220000e+03 9.12834000e+02 1.69710000e+03 1.79597828e-02 -1.23872277e-02 -9.56914472e-03
1.29632000e+03 9.01770000e+02 1.69925000e+03 1.58507612e-02 -1.00088824e-02 -1.33993278e-02
1.30404000e+03 9.10876000e+02 1.69782000e+03 1.36157444e-02 -1.27371701e-02 -1.45037318e-02
1.30817000e+03 8.99811000e+02 1.69996000e+03 1.07886595e-02 -1.10882111e-02 -1.78619395e-02
1.31588000e+03 9.08919000e+02 1.69854000e+03 8.35797231e-03 -1.49481124e-02 -2.01638912e-02
1.32002000e+03 8.97853000e+02 1.70067000e+03 5.88882417e-03 -1.31385398e-02 -2.25426236e-02
1.31175000e+03 9.19984000e+02 1.69641000e+03 1.04198541e-02 -1.62563481e-02 -1.64990835e-02
1.32358000e+03 9.18027000e+02 1.69713000e+03 6.04508207e-03 -1.73236274e-02 -2.14302459e-02
1.24959000e+03 8.47056000e+02 1.70808000e+03 2.80130145e-02 1.21461100e-02 4.44961366e-03
1.31945000e+03 9.29093000e+02 1.69500000e+03 8.21023021e-03 -1.91368630e-02 -1.79364105e-02
1.33128000e+03 9.27138000e+02 1.69574000e+03 3.69358468e-03 -2.01926957e-02 -2.29429176e-02
1.34311000e+03 9.25183000e+02 1.69647000e+03 -1.84885782e-03 -2.02782517e-02 -2.63280248e-02
1.31231000e+03 8.88745000e+02 1.70209000e+03 8.49951138e-03 -9.51463848e-03 -2.07612719e-02
1.32415000e+03 8.86786000e+02 1.70279000e+03 3.45661276e-03 -1.12130274e-02 -2.52687866e-02
1.31645000e+03 8.77681000e+02 1.70423000e+03 6.31669281e-03 -8.23934253e-03 -2.36241489e-02
1.32829000e+03 8.75724000e+02 1.70493000e+03 1.88832680e-03 -8.55473148e-03 -2.85492083e-02
1.32059000e+03 8.66624000e+02 1.70638000e+03 4.37953533e-03 -5.78732328e-03 -2.53297323e-02
1.33243000e+03 8.64670000e+02 1.70708000e+03 -6.89031770e-04 -6.60571223e-03 -3.06186087e-02
1.32473000e+03 8.55579000e+02 1.70856000e+03 1.19096439e-03 -3.57113411e-03 -2.80048836e-02
1.33656000e+03 8.53627000e+02 1.70928000e+03 -4.47647617e-03 -4.89341342e-03 -3.31453077e-02
1.34426000e+03 8.62716000e+02 1.70780000e+03 -6.70700494e-03 -7.43899154e-03 -3.52319881e-02
1.30874000e+03 8.68579000e+02 1.70568000e+03 8.82336874e-03 -5.14127131e-03 -2.06290312e-02
1.31703000e+03 8.46497000e+02 1.71007000e+03 3.38774818e-03 -5.47386063e-04 -2.50619095e-02
1.27670000e+03 8.94623000e+02 1.69996000e+03 2.24550826e-02 -5.11167434e-03 -5.29652726e-03
1.25742000e+03 8.56202000e+02 1.70653000e+03 2.62460862e-02 7.79584943e-03 6.97149784e-04
1.33599000e+03 8.84828000e+02 1.70349000e+03 -1.81501955e-03 -1.18714164e-02 -2.99780737e-02
1.25698000e+03 8.87487000e+02 1.70066000e+03 2.84035364e-02 -8.27559298e-04 2.30864735e-03
1.29334000e+03 8.50387000e+02 1.70866000e+03 1.33642920e-02 3.04333155e-03 -1.50248577e-02
1.28143000e+03 8.52329000e+02 1.70795000e+03 1.78838665e-02 4.62663836e-03 -1.02719346e-02
1.28915000e+03 8.61429000e+02 1.70645000e+03 1.57076731e-02 1.21328757e-03 -1.32263046e-02
1.27722000e+03 8.63378000e+02 1.70574000e+03 2.01401117e-02 2.64892043e-03 -8.01809380e-03
1.28498000e+03 8.72486000e+02 1.70427000e+03 1.80554397e-02 -1.26791253e-03 -1.07260303e-02
1.27305000e+03 8.74442000e+02 1.70356000e+03 2.23017424e-02 2.00720327e-04 -5.47782587e-03
1.30103000e+03 8.59480000e+02 1.70715000e+03 1.13294375e-02 -7.25753473e-04 -1.82859305e-02
1.28083000e+03 8.83553000e+02 1.70211000e+03 2.04064632e-02 -3.49499206e-03 -8.26427333e-03
1.29272000e+03 8.81595000e+02 1.70283000e+03 1.56784248e-02 -4.71724952e-03 -1.29859453e-02
1.28858000e+03 8.92662000e+02 1.70068000e+03 1.81512453e-02 -6.38726877e-03 -1.05347852e-02
1.26891000e+03 8.85516000e+02 1.70139000e+03 2.43488331e-02 -2.05974554e-03 -2.49347215e-03
1.26480000e+03 8.96590000e+02 1.69922000e+03 2.64809238e-02 -4.36020048e-03 9.17906597e-05
1.26108000e+03 8.76405000e+02 1.70284000e+03 2.64761123e-02 1.10828197e-03 -2.42539850e-04
1.25320000e+03 8.67286000e+02 1.70431000e+03 2.85468550e-02 5.58807122e-03 3.31205594e-03
1.33542000e+03 9.16071000e+02 1.69785000e+03 6.56576301e-04 -1.85415697e-02 -2.53525777e-02
1.34725000e+03 9.14115000e+02 1.69857000e+03 -4.11592947e-03 -1.90888490e-02 -3.01416125e-02
1.33955000e+03 9.05003000e+02 1.69996000e+03 -1.56969838e-03 -1.62567807e-02 -2.82811684e-02
1.35138000e+03 9.03047000e+02 1.70068000e+03 -6.75320415e-03 -1.78930600e-02 -3.39089032e-02
1.34369000e+03 8.93936000e+02 1.70208000e+03 -4.22490979e-03 -1.49829313e-02 -3.17071284e-02
1.34782000e+03 8.82871000e+02 1.70420000e+03 -6.47258859e-03 -1.29114190e-02 -3.47054362e-02
1.33185000e+03 8.95894000e+02 1.70137000e+03 1.19692556e-03 -1.35422657e-02 -2.68945414e-02
1.32772000e+03 9.06961000e+02 1.69925000e+03 3.18713697e-03 -1.53717781e-02 -2.46200783e-02
1.35196000e+03 8.71812000e+02 1.70635000e+03 -9.13127868e-03 -1.02823997e-02 -3.72560749e-02
1.26946000e+03 8.54269000e+02 1.70725000e+03 2.20157054e-02 6.91164662e-03 -4.49688494e-03
1.26524000e+03 8.65328000e+02 1.70503000e+03 2.43438167e-02 4.02886841e-03 -2.47907051e-03
1.24908000e+03 8.78383000e+02 1.70210000e+03 3.04228828e-02 2.47238607e-03 5.42905211e-03
1.35080000e+03 9.34298000e+02 1.69510000e+03 -4.81769607e-03 -2.41202104e-02 -2.80874888e-02
1.26170000e+03 8.45160000e+02 1.70878000e+03 2.33648929e-02 1.10958194e-02 -1.74747608e-03
1.29687000e+03 8.70532000e+02 1.70498000e+03 1.34166695e-02 -2.70489329e-03 -1.53619916e-02
1.35494000e+03 9.23229000e+02 1.69719000e+03 -6.98483099e-03 -2.24235310e-02 -3.11147042e-02
1.34013000e+03 8.73768000e+02 1.70563000e+03 -3.77677291e-03 -1.00021204e-02 -3.26387401e-02
1.30459000e+03 8.79638000e+02 1.70353000e+03 1.10020588e-02 -6.57862754e-03 -1.84972956e-02
1.31288000e+03 8.57530000e+02 1.70785000e+03 6.57693562e-03 -2.08180545e-03 -2.27203932e-02
1.30519000e+03 8.48443000e+02 1.70936000e+03 8.05138789e-03 1.49027958e-03 -2.03266544e-02
1.29991000e+03 9.21940000e+02 1.69567000e+03 1.57237660e-02 -1.57288524e-02 -1.16580517e-02
1.34839000e+03 8.51676000e+02 1.71001000e+03 -9.50785347e-03 -6.16196942e-03 -3.75677041e-02
1.30045000e+03 8.90704000e+02 1.70139000e+03 1.33284100e-02 -8.28292348e-03 -1.57042632e-02
1.28730000e+03 8.47539000e+02 1.69642000e+03 1.36323732e-02 9.15469110e-04 -1.55654906e-02
1.30111000e+03 8.49415000e+02 1.69725000e+03 9.19110490e-03 -1.86513258e-03 -2.19615968e-02
1.34586000e+03 8.65149000e+02 1.69608000e+03 -7.00513834e-03 -1.22427924e-02 -3.89311839e-02
1.29358000e+03 8.61594000e+02 1.69742000e+03 1.36029504e-02 -2.98757921e-03 -1.72506962e-02
1.31930000e+03 8.62281000e+02 1.69673000e+03 3.89890931e-03 -7.33778539e-03 -2.81455907e-02
1.26413000e+03 8.53935000e+02 1.69706000e+03 2.32576494e-02 4.21498761e-03 -4.90284220e-03
1.32979000e+03 8.50201000e+02 1.69973000e+03 -1.79793321e-03 -6.27530525e-03 -3.36743546e-02
1.33681000e+03 8.76297000e+02 1.69645000e+03 -2.20791126e-03 -1.22339932e-02 -3.35296711e-02
1.34303000e+03 8.53724000e+02 1.69908000e+03 -7.03855278e-03 -8.75416415e-03 -3.83690624e-02
1.29886000e+03 8.72698000e+02 1.69557000e+03 1.24845331e-02 -6.42646790e-03 -1.80676568e-02
1.31502000e+03 8.46448000e+02 1.69962000e+03 3.36386720e-03 -3.46697508e-03 -2.70975746e-02
1.28193000e+03 8.57644000e+02 1.69842000e+03 1.72767527e-02 5.52174638e-04 -1.21964212e-02
1.32271000e+03 8.53920000e+02 1.73832000e+03 -1.61405284e-03 7.79136134e-03 -2.00398991e-02
1.32772000e+03 9.06159000e+02 1.72593000e+03 -7.44125420e-04 -7.05199233e-03 -1.75033690e-02
1.34071000e+03 9.52242000e+02 1.71885000e+03 -2.97436531e-03 -1.80473627e-02 -1.43137514e-02
1.34798000e+03 9.25086000e+02 1.72783000e+03 -8.79739572e-03 -1.22418506e-02 -2.10801324e-02
1.34814000e+03 8.83610000e+02 1.73138000e+03 -1.03506305e-02 -3.87368464e-03 -2.70571916e-02
1.29402000e+03 8.47393000e+02 1.73613000e+03 9.52825523e-03 1.24681730e-02 -9.12969317e-03
1.32008000e+03 9.31312000e+02 1.72391000e+03 4.11019139e-03 -1.15785501e-02 -9.99512161e-03
1.30351000e+03 8.74844000e+02 1.73625000e+03 7.65608624e-03 4.90264281e-03 -1.03754691e-02
1.29539000e+03 9.04356000e+02 1.72604000e+03 1.23314980e-02 -3.33447910e-03 -5.39925718e-03
1.27640000e+03 8.69222000e+02 1.73490000e+03 1.78753434e-02 9.32945451e-03 -1.42043568e-04
1.29465000e+03 9.29581000e+02 1.71907000e+03 1.47604891e-02 -9.21656098e-03 -2.63032592e-03
1.27264000e+03 8.95286000e+02 1.72544000e+03 2.12523170e-02 1.30350220e-03 1.79778666e-03
1.27956000e+03 9.53942000e+02 1.71551000e+03 2.27181613e-02 -1.32665553e-02 7.14814905e-03
1.31874000e+03 8.78538000e+02 1.73384000e+03 2.12073791e-03 1.55453992e-03 -1.66861422e-02
1.26960000e+03 9.18528000e+02 1.72047000e+03 2.35716242e-02 -4.55742255e-03 5.73805267e-03
1.25329000e+03 8.80126000e+02 1.72581000e+03 2.73936604e-02 8.37121619e-03 8.77415576e-03
1.34599000e+03 8.60793000e+02 1.73227000e+03 -1.05829224e-02 1.28823995e-03 -2.91222715e-02
1.24707000e+03 8.59069000e+02 1.72795000e+03 2.79146818e-02 1.61874051e-02 1.13416399e-02
1.25233000e+03 9.07554000e+02 1.71888000e+03 3.00015036e-02 3.62614060e-04 1.12580756e-02
1.26488000e+03 9.30848000e+02 1.70894000e+03 2.74915651e-02 -8.58544930e-03 7.04510639e-03
1.34185000e+03 8.99042000e+02 1.73104000e+03 -7.18114872e-03 -5.86323496e-03 -2.27650073e-02
1.31237000e+03 9.15537000e+02 1.71443000e+03 7.52474470e-03 -1.02060546e-02 -1.33328405e-02
1.32052000e+03 9.54368000e+02 1.73573000e+03 2.36507655e-03 -1.45247732e-02 -2.02254713e-03
1.34173000e+03 8.52025000e+02 1.74801000e+03 -1.08744334e-02 8.48117499e-03 -2.44033665e-02
1.30897000e+03 8.87958000e+02 1.72033000e+03 7.48860206e-03 -3.05187466e-03 -1.52461601e-02
1.28734000e+03 8.91093000e+02 1.74169000e+03 1.32657850e-02 3.61823230e-03 -1.01667409e-03
1.30893000e+03 8.46512000e+02 1.74815000e+03 2.60959903e-03 1.36230203e-02 -1.24315499e-02
1.33418000e+03 9.37490000e+02 1.73107000e+03 -3.19296284e-03 -1.17495256e-02 -1.19583070e-02
1.34075000e+03 9.12999000e+02 1.71906000e+03 -4.59513436e-03 -1.14988253e-02 -2.27779617e-02
1.30420000e+03 8.61189000e+02 1.72956000e+03 7.09655489e-03 5.01200111e-03 -1.41635829e-02
1.33400000e+03 9.35527000e+02 1.71320000e+03 -1.61897298e-04 -1.59581425e-02 -1.72142762e-02
1.32369000e+03 8.93046000e+02 1.73558000e+03 -2.07074223e-04 -1.75280141e-03 -1.61154169e-02
1.31598000e+03 8.72209000e+02 1.74803000e+03 5.46208376e-04 5.82590860e-03 -1.26646973e-02
1.28375000e+03 8.82741000e+02 1.71693000e+03 1.71823331e-02 3.05347350e-04 -6.39825554e-03
1.33461000e+03 8.67491000e+02 1.74360000e+03 -6.81426346e-03 4.52126931e-03 -2.10040930e-02
1.30664000e+03 9.44942000e+02 1.72368000e+03 1.03895629e-02 -1.22940819e-02 -2.73766464e-03
1.32806000e+03 9.21742000e+02 1.74095000e+03 -2.48628821e-03 -6.53812654e-03 -1.06817968e-02
1.31985000e+03 9.50851000e+02 1.70918000e+03 7.75953943e-03 -1.80907333e-02 -9.40916281e-03
1.30646000e+03 9.26024000e+02 1.73069000e+03 8.04832895e-03 -7.81310853e-03 -5.01456515e-03
1.28919000e+03 8.69788000e+02 1.74899000e+03 1.12989992e-02 1.09255877e-02 -1.51680560e-03
1.34637000e+03 9.42672000e+02 1.70600000e+03 -4.18098397e-03 -2.08040851e-02 -2.19652299e-02
1.33903000e+03 8.84280000e+02 1.71710000e+03 -4.41227905e-03 -6.61055352e-03 -2.74145149e-02
1.24797000e+03 9.23663000e+02 1.71384000e+03 3.30976969e-02 -3.00185467e-03 1.50106770e-02
1.24913000e+03 9.52730000e+02 1.70802000e+03 3.50684733e-02 -1.06107307e-02 1.80046893e-02
1.29885000e+03 9.44237000e+02 1.70649000e+03 1.60868308e-02 -1.48699526e-02 -4.90023291e-03
1.32925000e+03 9.20098000e+02 1.71250000e+03 8.30535052e-04 -1.33118376e-02 -1.90821242e-02
1.28080000e+03 8.54381000e+02 1.72865000e+03 1.53880440e-02 1.09226564e-02 -4.95524835e-03
1.35252000e+03 8.64884000e+02 1.74952000e+03 -1.54607084e-02 4.37799151e-03 -2.61868973e-02
1.28991000e+03 9.13657000e+02 1.71107000e+03 1.72093147e-02 -8.45993397e-03 -5.58176717e-03
1.31078000e+03 9.07576000e+02 1.73794000e+03 5.10638434e-03 -2.99113664e-03 -8.04489699e-03
1.27938000e+03 9.10024000e+02 1.73489000e+03 1.84682172e-02 -9.48849974e-04 3.79771853e-03
1.25995000e+03 8.60517000e+02 1.74284000e+03 2.24999739e-02 1.64564357e-02 8.53590934e-03
1.28043000e+03 8.58201000e+02 1.74823000e+03 1.46237836e-02 1.49844254e-02 1.02863584e-03
1.26554000e+03 8.61421000e+02 1.72011000e+03 2.25182018e-02 9.37372614e-03 2.31016864e-04
1.33651000e+03 8.87053000e+02 1.74902000e+03 -7.65789879e-03 1.49732766e-03 -1.79650521e-02
1.29582000e+03 8.74331000e+02 1.71759000e+03 1.22623298e-02 3.28815616e-04 -1.21914946e-02
1.27804000e+03 9.34682000e+02 1.72793000e+03 2.04390119e-02 -7.12242711e-03 6.67497947e-03
1.25655000e+03 8.95150000e+02 1.73185000e+03 2.62729568e-02 5.05394837e-03 1.06277461e-02
1.26547000e+03 8.84238000e+02 1.73875000e+03 2.15759732e-02 8.02061340e-03 7.17152380e-03
1.26821000e+03 8.82137000e+02 1.71817000e+03 2.27373105e-02 3.62737696e-03 2.00921419e-04
1.30635000e+03 9.29724000e+02 1.70992000e+03 1.14823441e-02 -1.27271260e-02 -8.80782245e-03
1.32922000e+03 8.66478000e+02 1.72098000e+03 -1.91077070e-03 -1.14048339e-03 -2.59523558e-02
1.28012000e+03 9.32617000e+02 1.70885000e+03 2.24554814e-02 -1.04884078e-02 9.73073107e-04
1.30778000e+03 8.60328000e+02 1.74739000e+03 3.52526348e-03 1.01702966e-02 -1.06234208e-02
1.34472000e+03 8.69561000e+02 1.71879000e+03 -8.11029650e-03 -5.06457517e-03 -3.17828530e-02
1.31159000e+03 8.71203000e+02 1.71841000e+03 6.14068725e-03 -1.10446210e-03 -1.81662633e-02
1.34374000e+03 9.14953000e+02 1.74437000e+03 -1.05286520e-02 -6.36637696e-03 -1.64012897e-02
1.35146000e+03 8.92305000e+02 1.71875000e+03 -9.94970241e-03 -9.12334663e-03 -3.08596015e-02
1.26537000e+03 9.04767000e+02 1.71028000e+03 2.59979258e-02 -3.10101421e-03 2.67291451e-03
1.28630000e+03 8.96558000e+02 1.71248000e+03 1.77101824e-02 -4.14059585e-03 -6.61197718e-03
1.25263000e+03 8.48138000e+02 1.74354000e+03 2.45982042e-02 2.16204008e-02 1.16314733e-02
1.25977000e+03 8.93627000e+02 1.71452000e+03 2.64632317e-02 1.31096186e-03 5.12918201e-03
1.30332000e+03 8.92946000e+02 1.73683000e+03 7.85691661e-03 1.04419213e-03 -7.73075884e-03
1.32412000e+03 8.54915000e+02 1.75498000e+03 -3.81033231e-03 1.13179061e-02 -1.50818408e-02
1.35336000e+03 9.33710000e+02 1.74113000e+03 -1.30898356e-02 -1.13335579e-02 -1.72313823e-02
1.35171000e+03 8.92310000e+02 1.74869000e+03 -1.48832470e-02 -1.18033810e-03 -2.22782874e-02
1.26272000e+03 9.08203000e+02 1.73356000e+03 2.46742837e-02 1.36654818e-03 1.03524826e-02
1.34353000e+03 8.45576000e+02 1.72461000e+03 -9.42372404e-03 2.19728995e-03 -3.23438595e-02
1.32635000e+03 8.95012000e+02 1.71557000e+03 1.37874220e-03 -7.58550511e-03 -2.16869129e-02
1.32660000e+03 9.08194000e+02 1.74460000e+03 -2.73325970e-03 -3.79531761e-03 -1.12346017e-02
1.25468000e+03 9.22061000e+02 1.72515000e+03 2.89114519e-02 -2.10868249e-03 1.40057851e-02
1.28877000e+03 9.21945000e+02 1.73655000e+03 1.46321050e-02 -4.62936046e-03 3.00420958e-03
1.26159000e+03 9.16287000e+02 1.70787000e+03 2.79876601e-02 -5.66970834e-03 5.72861782e-03
1.30295000e+03 9.05196000e+02 1.71035000e+03 1.19657483e-02 -8.34259554e-03 -1.26646233e-02
1.27876000e+03 8.80944000e+02 1.74694000e+03 1.56104903e-02 8.74984365e-03 2.98521022e-03
1.29829000e+03 8.90319000e+02 1.71179000e+03 1.27167309e-02 -4.67146997e-03 -1.21632706e-02
1.29478000e+03 8.82516000e+02 1.74799000e+03 9.66679942e-03 5.98462642e-03 -3.19723744e-03
1.31580000e+03 9.43504000e+02 1.73815000e+03 3.79783359e-03 -1.17717853e-02 -2.32867616e-03
1.28711000e+03 9.48340000e+02 1.72933000e+03 1.75777458e-02 -1.03585268e-02 7.16573492e-03
1.31965000e+03 9.35417000e+02 1.70688000e+03 7.19712530e-03 -1.63988336e-02 -1.37528699e-02
1.25027000e+03 8.67440000e+02 1.71725000e+03 2.86081429e-02 9.91629782e-03 7.72302879e-03
1.29440000e+03 8.55030000e+02 1.75475000e+03 7.86096219e-03 1.51357775e-02 -3.45656829e-03
1.35096000e+03 8.49200000e+02 1.73900000e+03 -1.43628063e-02 4.49550326e-03 -3.11501340e-02
1.29425000e+03 9.05150000e+02 1.74366000e+03 1.09602007e-02 -4.43425668e-04 -3.19033420e-04
1.26779000e+03 9.47216000e+02 1.70309000e+03 2.85591763e-02 -1.34805245e-02 7.16287802e-03
1.34958000e+03 8.77945000e+02 1.75100000e+03 -1.45855813e-02 2.35997018e-03 -2.31303011e-02
1.34517000e+03 9.45666000e+02 1.74071000e+03 -8.80039665e-03 -1.30439201e-02 -1.16565520e-02
1.34826000e+03 9.39474000e+02 1.72253000e+03 -7.79923002e-03 -1.54547685e-02 -1.91776430e-02
1.27879000e+03 8.68839000e+02 1.71826000e+03 1.82981938e-02 4.94140726e-03 -5.36801636e-03
1.27442000e+03 8.97215000e+02 1.74229000e+03 1.86159064e-02 3.78925788e-03 5.80010015e-03
1.30040000e+03 9.19207000e+02 1.70676000e+03 1.38047996e-02 -1.11731920e-02 -1.00491231e-02
1.35288000e+03 8.54299000e+02 1.75769000e+03 -1.72243961e-02 8.92106528e-03 -2.49141667e-02
1.32270000e+03 8.82246000e+02 1.71529000e+03 2.49681054e-03 -5.09175394e-03 -2.29318444e-02
1.35020000e+03 9.12177000e+02 1.72892000e+03 -1.01382239e-02 -9.92220136e-03 -2.33797411e-02
1.33569000e+03 9.15178000e+02 1.73140000e+03 -4.03040220e-03 -7.04477304e-03 -1.72436044e-02
1.32569000e+03 9.47112000e+02 1.72256000e+03 2.59417868e-03 -1.46561532e-02 -8.62054760e-03
1.30940000e+03 8.50049000e+02 1.73375000e+03 3.70187590e-03 8.34529463e-03 -1.55909414e-02
1.28814000e+03 8.76568000e+02 1.73356000e+03 1.39218071e-02 4.69614097e-03 -4.93612672e-03
1.31588000e+03 8.65336000e+02 1.73319000e+03 2.45121057e-03 4.50014978e-03 -1.70912980e-02
1.30140000e+03 9.15646000e+02 1.72301000e+03 1.07025707e-02 -7.00811889e-03 -6.81735002e-03
1.32857000e+03 8.47092000e+02 1.72030000e+03 -3.09250304e-03 1.85742823e-03 -2.75521480e-02
1.31293000e+03 9.03067000e+02 1.72303000e+03 6.00534665e-03 -5.56013903e-03 -1.38590057e-02
1.33500000e+03 9.26228000e+02 1.72439000e+03 -2.15143556e-03 -1.16150633e-02 -1.68661689e-02
1.25575000e+03 8.75577000e+02 1.74310000e+03 2.52642094e-02 1.30227118e-02 1.18520343e-02
1.27077000e+03 8.69152000e+02 1.74790000e+03 1.85307613e-02 1.32460375e-02 5.47571289e-03
1.26717000e+03 9.44671000e+02 1.72218000e+03 2.60358497e-02 -8.89462203e-03 1.19866720e-02
1.32371000e+03 9.07365000e+02 1.71093000e+03 2.87458243e-03 -1.12510817e-02 -1.99285155e-02
1.28487000e+03 9.47566000e+02 1.70208000e+03 2.24518883e-02 -1.51960237e-02 4.40339918e-04
1.32522000e+03 8.81568000e+02 1.75100000e+03 -3.48476772e-03 3.29909683e-03 -1.38508402e-02
1.31007000e+03 8.83465000e+02 1.74944000e+03 3.55508085e-03 4.21174226e-03 -8.09984432e-03
1.34321000e+03 9.26379000e+02 1.70799000e+03 -3.49325235e-03 -1.69656312e-02 -2.41373021e-02
1.25184000e+03 9.38529000e+02 1.70267000e+03 3.36073346e-02 -9.54038002e-03 1.25366805e-02
1.35449000e+03 8.80218000e+02 1.71587000e+03 -1.11090266e-02 -8.06155562e-03 -3.46759206e-02
1.27340000e+03 8.93744000e+02 1.71150000e+03 2.25667045e-02 -1.76517897e-03 -1.89074886e-03
1.29355000e+03 9.33322000e+02 1.70330000e+03 1.79639070e-02 -1.39362850e-02 -4.98224890e-03
1.30951000e+03 9.48166000e+02 1.70222000e+03 1.27558273e-02 -1.82815887e-02 -7.83558912e-03
1.27154000e+03 9.21818000e+02 1.73378000e+03 2.16675243e-02 -3.17632628e-03 8.73317244e-03
1.34857000e+03 9.53435000e+02 1.70145000e+03 -3.15539185e-03 -2.42180555e-02 -2.13396593e-02
1.31903000e+03 9.16844000e+02 1.72886000e+03 3.71482760e-03 -7.21889516e-03 -1.15226579e-02
1.32070000e+03 9.30555000e+02 1.74179000e+03 1.21858027e-03 -8.38338295e-03 -5.32447924e-03
1.24640000e+03 9.36108000e+02 1.71713000e+03 3.40480330e-02 -5.26179156e-03 1.80201443e-02
1.33876000e+03 8.61850000e+02 1.75689000e+03 -1.02213041e-02 8.15939064e-03 -1.88137169e-02
1.29462000e+03 9.37805000e+02 1.73521000e+03 1.27848674e-02 -8.26415281e-03 3.03801649e-03
1.32982000e+03 9.44023000e+02 1.70365000e+03 3.48550297e-03 -1.96567576e-02 -1.57989658e-02
1.30056000e+03 9.16248000e+02 1.74231000e+03 9.15303409e-03 -3.53444044e-03 -1.61494780e-03
1.24861000e+03 8.62810000e+02 1.74144000e+03 2.66970298e-02 1.82050418e-02 1.38448172e-02
1.31520000e+03 8.56292000e+02 1.72045000e+03 3.67843364e-03 1.81474104e-03 -2.14115444e-02
1.33569000e+03 8.52838000e+02 1.73217000e+03 -6.48032772e-03 3.95992167e-03 -2.64889024e-02
1.28541000e+03 8.96810000e+02 1.73026000e+03 1.57803008e-02 4.19454907e-04 -1.50167434e-03
1.27878000e+03 8.84474000e+02 1.73145000e+03 1.76410335e-02 4.80211352e-03 -7.05211438e-04
1.27787000e+03 9.13595000e+02 1.70716000e+03 2.20641893e-02 -7.37446640e-03 -1.65643250e-03
1.35170000e+03 8.71091000e+02 1.73652000e+03 -1.30618285e-02 -6.79409009e-05 -2.91771032e-02
1.27848000e+03 9.06663000e+02 1.72019000e+03 1.96986310e-02 -3.39444056e-03 2.53749515e-04
1.33875000e+03 9.30141000e+02 1.74356000e+03 -6.80060549e-03 -8.19911589e-03 -1.19454626e-02
1.33545000e+03 8.78372000e+02 1.73312000e+03 -5.25185002e-03 -2.91451492e-04 -2.33180698e-02
1.35301000e+03 9.05022000e+02 1.71271000e+03 -9.41050371e-03 -1.32779934e-02 -3.06845624e-02
1.31709000e+03 9.22176000e+02 1.70579000e+03 7.18614555e-03 -1.43409400e-02 -1.61910138e-02
1.26157000e+03 8.71438000e+02 1.71439000e+03 2.50488870e-02 6.17421452e-03 1.67587577e-03
1.28373000e+03 9.19277000e+02 1.72271000e+03 1.81646057e-02 -5.85825458e-03 1.48160315e-04
1.26089000e+03 8.69827000e+02 1.73059000e+03 2.42669629e-02 1.07760591e-02 5.45919455e-03
1.24774000e+03 9.12557000e+02 1.70562000e+03 3.29740342e-02 -2.83516429e-03 1.10066132e-02
1.26147000e+03 9.33186000e+02 1.72605000e+03 2.69417934e-02 -5.77977812e-03 1.32695633e-02
1.31342000e+03 8.97562000e+02 1.70947000e+03 7.38266251e-03 -9.17543285e-03 -1.80914761e-02
1.29132000e+03 8.63407000e+02 1.73451000e+03 1.16997131e-02 8.31701357e-03 -7.45231708e-03
1.32566000e+03 8.67766000e+02 1.75501000e+03 -4.50468916e-03 7.61897028e-03 -1.42457971e-02
1.30312000e+03 8.71979000e+02 1.75308000e+03 5.37442795e-03 8.48582810e-03 -5.11245960e-03
1.33790000e+03 9.00811000e+02 1.71130000e+03 -2.77227571e-03 -1.15361504e-02 -2.60241579e-02
1.29431000e+03 8.86881000e+02 1.72747000e+03 1.24778299e-02 3.88560548e-04 -7.18970386e-03
1.27568000e+03 9.51096000e+02 1.72887000e+03 2.18560146e-02 -9.88496248e-03 1.11841263e-02
1.29729000e+03 8.93664000e+02 1.74935000e+03 8.42492639e-03 3.23657726e-03 -2.00802031e-03
1.27009000e+03 8.57969000e+02 1.73610000e+03 1.89662786e-02 1.39816197e-02 1.86498208e-03
1.34286000e+03 8.57557000e+02 1.71861000e+03 -8.17733604e-03 -2.79227223e-03 -3.23568579e-02
1.24863000e+03 8.87565000e+02 1.73803000e+03 2.85925796e-02 9.34106777e-03 1.52794743e-02
1.28933000e+03 9.41736000e+02 1.71698000e+03 1.81998285e-02 -1.18000035e-02 1.34288050e-03
1.25467000e+03 9.46680000e+02 1.71870000e+03 3.13355062e-02 -8.34655312e-03 1.71138701e-02
1.25425000e+03 8.81973000e+02 1.71130000e+03 2.82911195e-02 3.88804598e-03 5.31555179e-03
1.33455000e+03 8.47668000e+02 1.75942000e+03 -9.55137181e-03 1.26335207e-02 -1.83603978e-02
1.31275000e+03 8.98326000e+02 1.74880000e+03 2.52359494e-03 1.57760096e-04 -6.90833990e-03
1.25533000e+03 8.53408000e+02 1.71710000e+03 2.58104330e-02 1.25779580e-02 3.91230847e-03
1.34007000e+03 9.11579000e+02 1.70762000e+03 -2.70201582e-03 -1.51712040e-02 -2.58031581e-02
1.25962000e+03 8.54899000e+02 1.73066000e+03 2.31661793e-02 1.52413263e-02 5.28146373e-03
1.32882000e+03 9.44500000e+02 1.74177000e+03 -2.19042659e-03 -1.17802051e-02 -5.49607072e-03
1.31229000e+03 9.19709000e+02 1.74420000e+03 3.81833378e-03 -4.70246247e-03 -3.87642883e-03
1.33877000e+03 8.99985000e+02 1.74917000e+03 -8.84812153e-03 -1.26666616e-03 -1.57520489e-02
1.27088000e+03 8.50947000e+02 1.71910000e+03 1.96124565e-02 1.04426172e-02 -3.17817156e-03
1.24723000e+03 8.89606000e+02 1.72214000e+03 3.04377197e-02 6.18955475e-03 1.24163227e-02
1.30768000e+03 9.35984000e+02 1.74020000e+03 6.38661804e-03 -8.85613157e-03 -9.31210073e-04
1.29737000e+03 8.59337000e+02 1.71787000e+03 1.12407066e-02 3.09129951e-03 -1.40876967e-02
1.26652000e+03 8.55055000e+02 1.75072000e+03 1.93324414e-02 1.89247955e-02 7.65837181e-03
1.25580000e+03 9.25922000e+02 1.70199000e+03 3.11758663e-02 -7.86812249e-03 8.45215537e-03
1.34783000e+03 9.51849000e+02 1.77919000e+03 -4.40531138e-02 -3.85399538e-03 -4.53866701e-03
1.34178000e+03 8.71796000e+02 1.79080000e+03 -3.26421399e-02 1.15838948e-02 -1.07591036e-02
1.34631000e+03 9.33644000e+02 1.77854000e+03 -3.79089521e-02 -2.43923074e-03 -8.23224559e-03
1.34331000e+03 9.03228000e+02 1.78643000e+03 -3.62729979e-02 3.53036649e-03 -8.87764143e-03
1.32546000e+03 8.47980000e+02 1.79368000e+03 -2.29548711e-02 1.80372628e-02 -5.96552053e-03
1.32916000e+03 8.84308000e+02 1.78524000e+03 -2.53862787e-02 7.17147191e-03 -6.43973218e-03
1.32330000e+03 9.34885000e+02 1.77385000e+03 -2.31792491e-02 -5.72084378e-03 1.10421657e-03
1.31547000e+03 8.64967000e+02 1.78291000e+03 -1.39925273e-02 1.25966211e-02 -3.19903222e-03
1.32638000e+03 9.14984000e+02 1.77688000e+03 -2.33404518e-02 -1.02289288e-03 -3.14269451e-03
1.34284000e+03 8.87399000e+02 1.79147000e+03 -3.71526266e-02 8.50507585e-03 -9.77185968e-03
1.34703000e+03 8.47079000e+02 1.78133000e+03 -2.41700658e-02 1.62958345e-02 -1.74790117e-02
1.31281000e+03 9.44065000e+02 1.76913000e+03 -1.60377621e-02 -7.22073290e-03 5.44873986e-03
1.31288000e+03 8.98301000e+02 1.77711000e+03 -1.40188446e-02 1.95182571e-03 -6.09092222e-04
1.29975000e+03 8.54598000e+02 1.78190000e+03 -4.85431078e-03 1.71098409e-02 1.53630043e-03
1.29979000e+03 8.76661000e+02 1.77844000e+03 -6.15163188e-03 8.99492419e-03 2.86047813e-03
1.31332000e+03 9.25226000e+02 1.77367000e+03 -1.59168095e-02 -2.79816530e-03 2.35613439e-03
1.35121000e+03 8.89224000e+02 1.77656000e+03 -2.93909048e-02 6.37967248e-03 -1.50008261e-02
1.34288000e+03 9.41328000e+02 1.76373000e+03 -2.35599948e-02 -6.67503262e-03 -6.68417523e-03
1.33311000e+03 9.46707000e+02 1.78854000e+03 -4.40342752e-02 -3.94573096e-03 2.17929569e-03
1.35364000e+03 9.04689000e+02 1.80369000e+03 -5.80293624e-02 1.17288922e-02 -8.76228526e-03
1.29085000e+03 9.49018000e+02 1.76094000e+03 1.07051644e-03 -9.40812127e-03 1.27855284e-02
1.32890000e+03 8.98485000e+02 1.78007000e+03 -2.36079423e-02 2.95676030e-03 -4.85954474e-03
1.30012000e+03 9.33790000e+02 1.76495000e+03 -4.12315223e-03 -6.06669809e-03 7.15219194e-03
1.32523000e+03 8.64912000e+02 1.79749000e+03 -2.95931937e-02 1.28730927e-02 -3.83299535e-03
1.30123000e+03 9.08555000e+02 1.77180000e+03 -6.50237002e-03 -4.58827784e-04 3.85679615e-03
1.32985000e+03 8.59201000e+02 1.77908000e+03 -1.61442659e-02 1.30791655e-02 -9.59131363e-03
1.34601000e+03 9.40996000e+02 1.79476000e+03 -5.46854138e-02 1.78886555e-03 -4.13671257e-03
1.28771000e+03 8.65351000e+02 1.77880000e+03 2.26178753e-04 1.47318964e-02 6.60337750e-03
1.29991000e+03 8.91584000e+02 1.77576000e+03 -7.26818863e-03 4.98112136e-03 3.43282199e-03
1.34066000e+03 9.17165000e+02 1.77153000e+03 -2.58540244e-02 -1.29166104e-03 -9.68451911e-03
1.33485000e+03 9.21381000e+02 1.78947000e+03 -3.88725319e-02 -5.78295106e-05 -3.14732702e-03
1.27594000e+03 9.42762000e+02 1.75721000e+03 1.17432593e-02 -7.39534625e-03 1.71484100e-02
1.34033000e+03 8.79587000e+02 1.77763000e+03 -2.35229855e-02 7.34743663e-03 -1.26112724e-02
1.33172000e+03 8.96680000e+02 1.79491000e+03 -3.74529167e-02 5.48517657e-03 -3.88443278e-03
1.31006000e+03 8.53695000e+02 1.79618000e+03 -1.92157107e-02 1.74231468e-02 1.06254055e-03
1.29229000e+03 9.21165000e+02 1.76586000e+03 5.25304011e-04 -4.12572921e-03 7.93629467e-03
1.25473000e+03 9.50225000e+02 1.74504000e+03 2.68447634e-02 -7.07833801e-03 2.35327756e-02
1.28613000e+03 8.81289000e+02 1.77522000e+03 9.99191780e-04 8.77570991e-03 8.04119026e-03
1.33000000e+03 8.80538000e+02 1.79909000e+03 -3.64834374e-02 9.65455946e-03 -4.09099043e-03
1.33619000e+03 9.51881000e+02 1.76310000e+03 -2.16299146e-02 -8.74203791e-03 -2.25221018e-03
1.26386000e+03 9.39786000e+02 1.75003000e+03 2.20275199e-02 -6.02574830e-03 1.90663045e-02
1.28677000e+03 8.95781000e+02 1.77062000e+03 1.94384073e-03 3.89555469e-03 7.48596633e-03
1.34677000e+03 8.62288000e+02 1.77900000e+03 -2.45995662e-02 1.21825423e-02 -1.57189696e-02
1.27923000e+03 8.53437000e+02 1.77981000e+03 4.95194569e-03 1.95831949e-02 9.99545599e-03
1.35355000e+03 9.04121000e+02 1.77196000e+03 -2.99994034e-02 2.46380317e-03 -1.67585286e-02
1.30962000e+03 8.83104000e+02 1.78615000e+03 -1.75553827e-02 7.33884198e-03 7.32230688e-04
1.27258000e+03 8.67678000e+02 1.77534000e+03 7.70911333e-03 1.64947872e-02 1.26279772e-02
1.31595000e+03 8.76028000e+02 1.77451000e+03 -9.87540996e-03 8.40721724e-03 -4.60273768e-03
1.32620000e+03 9.43012000e+02 1.76352000e+03 -1.63012779e-02 -7.96929792e-03 -6.35367215e-05
1.31620000e+03 8.49545000e+02 1.77996000e+03 -9.28954875e-03 1.67748445e-02 -6.06282534e-03
1.35137000e+03 8.60902000e+02 1.79469000e+03 -3.85402176e-02 1.69364215e-02 -1.32849247e-02
1.33089000e+03 9.34496000e+02 1.78747000e+03 -3.89843695e-02 -3.45593357e-03 3.13554106e-04
1.33511000e+03 9.30630000e+02 1.76530000e+03 -2.07797739e-02 -4.70730355e-03 -6.59313576e-03
1.31655000e+03 9.09668000e+02 1.76666000e+03 -8.65761729e-03 -1.81836098e-03 -2.90846388e-03
1.27332000e+03 8.92400000e+02 1.76944000e+03 8.06843000e-03 6.61997173e-03 1.27791395e-02
1.28519000e+03 9.34226000e+02 1.76276000e+03 4.14041950e-03 -5.84020759e-03 1.21250298e-02
1.27729000e+03 9.20692000e+02 1.76226000e+03 9.56243429e-03 -3.91858397e-03 1.30787600e-02
1.32511000e+03 9.21284000e+02 1.76622000e+03 -1.39783151e-02 -3.35373514e-03 -4.06036354e-03
1.24996000e+03 9.35581000e+02 1.74545000e+03 2.87607067e-02 -3.06441990e-03 2.35540418e-02
1.31807000e+03 8.76564000e+02 1.79395000e+03 -2.62083650e-02 9.89976687e-03 -9.78864327e-04
1.31998000e+03 9.45320000e+02 1.78361000e+03 -3.29225421e-02 -6.95477119e-03 5.92143824e-03
1.34497000e+03 9.28790000e+02 1.79724000e+03 -5.31102528e-02 3.49420043e-03 -5.17735810e-03
1.26491000e+03 8.57502000e+02 1.77339000e+03 1.33268112e-02 2.23022816e-02 1.56768903e-02
1.32817000e+03 9.09488000e+02 1.78935000e+03 -3.34982300e-02 2.77390877e-04 -1.39182182e-03
1.33963000e+03 9.51797000e+02 1.79694000e+03 -5.68733423e-02 -6.49443949e-04 1.02510842e-03
1.32178000e+03 9.27543000e+02 1.78390000e+03 -3.03794879e-02 -4.01713959e-03 1.68490852e-03
1.26722000e+03 8.79065000e+02 1.77027000e+03 1.14204358e-02 1.33914510e-02 1.51727215e-02
1.28468000e+03 9.08499000e+02 1.76886000e+03 2.28540828e-03 -8.00175485e-04 9.33772965e-03
1.30450000e+03 9.49379000e+02 1.75982000e+03 -4.30060887e-03 -9.21615963e-03 7.74065488e-03
1.27048000e+03 9.29758000e+02 1.75624000e+03 1.70929568e-02 -4.09449598e-03 1.66727446e-02
1.33446000e+03 8.49011000e+02 1.77943000e+03 -1.69079936e-02 1.54568272e-02 -1.29221653e-02
1.27056000e+03 9.07486000e+02 1.76442000e+03 1.15117899e-02 1.73486576e-03 1.49049204e-02
1.33771000e+03 8.57834000e+02 1.79317000e+03 -2.98973726e-02 1.56871696e-02 -9.92835473e-03
1.30286000e+03 8.67565000e+02 1.79064000e+03 -1.49086169e-02 1.30638115e-02 3.24322973e-03
1.29413000e+03 8.47246000e+02 1.79301000e+03 -9.03273400e-03 2.08440556e-02 6.29677280e-03
1.29690000e+03 9.46449000e+02 1.77288000e+03 -1.36160340e-02 -8.75662110e-03 1.26767802e-02
1.34151000e+03 9.13253000e+02 1.79777000e+03 -4.86105539e-02 4.36394209e-03 -4.06600335e-03
1.31511000e+03 9.11515000e+02 1.78183000e+03 -2.14137554e-02 -1.63562729e-03 1.61020461e-03
1.25204000e+03 8.85212000e+02 1.76368000e+03 2.18881944e-02 1.42992616e-02 2.21141024e-02
1.25703000e+03 8.67897000e+02 1.76890000e+03 1.75021858e-02 2.04289793e-02 1.82756229e-02
1.34038000e+03 9.02302000e+02 1.77174000e+03 -2.19233408e-02 2.46909310e-03 -1.14757513e-02
1.30509000e+03 8.64377000e+02 1.77481000e+03 -3.41719025e-03 1.23699606e-02 -5.55703673e-04
1.31697000e+03 9.34675000e+02 1.76297000e+03 -1.03452744e-02 -6.08610864e-03 9.66387142e-04
1.26328000e+03 9.18422000e+02 1.75854000e+03 1.85714555e-02 -1.28075781e-03 1.74548039e-02
1.26078000e+03 8.94379000e+02 1.76556000e+03 1.58052187e-02 8.18076042e-03 1.78574954e-02
1.30987000e+03 8.85936000e+02 1.77050000e+03 -5.66247010e-03 6.46828937e-03 -1.54773435e-03
1.25230000e+03 9.23874000e+02 1.75115000e+03 2.55893765e-02 -2.71281976e-04 2.22063278e-02
1.31785000e+03 9.51938000e+02 1.75981000e+03 -1.03109380e-02 -9.88002008e-03 4.26320732e-03
1.31882000e+03 8.54371000e+02 1.80488000e+03 -3.04433277e-02 1.68996157e-02 -4.99899542e-04
1.35466000e+03 8.95775000e+02 1.78986000e+03 -4.35883896e-02 9.24592880e-03 -1.27612193e-02
1.30138000e+03 9.22968000e+02 1.77583000e+03 -1.28449751e-02 -4.72828002e-03 6.58813781e-03
1.35059000e+03 9.31497000e+02 1.76407000e+03 -2.62589169e-02 -5.38163171e-03 -1.26886539e-02
1.30611000e+03 9.54856000e+02 1.77923000e+03 -2.56881546e-02 -9.43496570e-03 1.20637871e-02
1.33776000e+03 8.91519000e+02 1.77811000e+03 -2.50232107e-02 4.50855260e-03 -1.07586025e-02
1.35059000e+03 8.73804000e+02 1.77550000e+03 -2.54697666e-02 9.67610933e-03 -1.63217731e-02
1.32858000e+03 8.71687000e+02 1.77828000e+03 -1.79039716e-02 9.85050494e-03 -8.51832099e-03
1.24566000e+03 8.72083000e+02 1.76258000e+03 2.45742435e-02 2.13637070e-02 2.38544994e-02
1.34097000e+03 8.45684000e+02 1.79671000e+03 -3.13948200e-02 1.96010747e-02 -1.09199473e-02
1.30840000e+03 9.36860000e+02 1.77692000e+03 -1.99716325e-02 -5.28788236e-03 6.72924641e-03
1.32598000e+03 8.87262000e+02 1.77223000e+03 -1.37844775e-02 5.22628987e-03 -7.85286136e-03
1.24526000e+03 8.98551000e+02 1.75707000e+03 2.77546060e-02 8.31168531e-03 2.49377265e-02
1.34136000e+03 8.96440000e+02 1.80245000e+03 -4.94439150e-02 9.22739559e-03 -5.96725109e-03
1.25288000e+03 8.53203000e+02 1.76830000e+03 2.12833201e-02 2.59267358e-02 1.87517936e-02
1.25572000e+03 9.07037000e+02 1.75859000e+03 2.14555874e-02 2.86910494e-03 2.08391983e-02
1.33272000e+03 9.27646000e+02 1.77694000e+03 -2.77517489e-02 -2.67191030e-03 -3.11672517e-03
1.30706000e+03 9.18442000e+02 1.76444000e+03 -4.19500698e-03 -2.66472550e-03 1.48372886e-03
1.32657000e+03 9.05667000e+02 1.76823000e+03 -1.38679692e-02 5.84848250e-04 -5.95143086e-03
1.33398000e+03 9.42751000e+02 1.77499000e+03 -3.15606599e-02 -4.46749639e-03 -7.01199930e-04
1.32006000e+03 8.92955000e+02 1.79068000e+03 -2.76580109e-02 4.04330337e-03 -8.77835202e-04
1.28011000e+03 9.52152000e+02 1.76615000e+03 -1.20667119e-03 -1.21301899e-02 1.80438879e-02
1.31213000e+03 8.64932000e+02 1.79948000e+03 -2.50802710e-02 1.41815925e-02 1.95908686e-03
1.29849000e+03 9.31025000e+02 1.79865000e+03 -3.72726943e-02 -1.31950772e-02 1.33818925e-02
1.30353000e+03 9.44282000e+02 1.80226000e+03 -4.66146176e-02 -1.91721272e-02 1.42016309e-02
1.29214000e+03 9.52154000e+02 1.79685000e+03 -4.01384451e-02 -2.42902524e-02 1.75882901e-02
1.28608000e+03 9.32220000e+02 1.79108000e+03 -2.47367681e-02 -1.47188085e-02 1.63528952e-02
1.28450000e+03 9.44963000e+02 1.79026000e+03 -2.84696280e-02 -1.99883619e-02 1.83371048e-02
1.25261000e+03 8.59205000e+02 1.79246000e+03 7.71214322e-03 2.46671496e-02 2.81316823e-02
1.27496000e+03 9.37281000e+02 1.78517000e+03 -1.66660201e-02 -1.77790007e-02 2.03142580e-02
1.26399000e+03 8.56848000e+02 1.79959000e+03 -1.22029296e-03 2.36793468e-02 2.60637157e-02
1.29658000e+03 9.11687000e+02 1.79899000e+03 -3.25743533e-02 -4.72284716e-03 1.34629465e-02
1.26358000e+03 9.43231000e+02 1.77854000e+03 -8.23291091e-03 -1.71180325e-02 2.30456400e-02
1.28566000e+03 9.19316000e+02 1.79167000e+03 -2.14331133e-02 -8.36128631e-03 1.67777245e-02
1.26309000e+03 8.69857000e+02 1.79537000e+03 -2.07428568e-03 1.88727830e-02 2.64365915e-02
1.27475000e+03 8.67407000e+02 1.80138000e+03 -1.01137485e-02 1.74094050e-02 2.17793366e-02
1.24869000e+03 8.76242000e+02 1.78835000e+03 8.74358326e-03 2.05137754e-02 3.14531941e-02
1.26961000e+03 9.09400000e+02 1.78810000e+03 -9.87128572e-03 -4.18353623e-04 2.39292912e-02
