x y z dx dy dz  # rigid-removed deformational residual
1.27857000e+03 9.37489000e+02 1.80049000e+03 -2.19244404e-02 -2.28593481e-02 2.25250405e-02
1.27845000e+03 9.13058000e+02 1.80238000e+03 -1.87533883e-02 -4.74409940e-03 1.95721873e-02
1.27725000e+03 9.49092000e+02 1.80164000e+03 -2.29012232e-02 -3.15771456e-02 2.33425197e-02
1.26930000e+03 9.43464000e+02 1.79571000e+03 -1.69904891e-02 -2.45384959e-02 2.48196239e-02
1.26805000e+03 9.54943000e+02 1.79745000e+03 -2.21535984e-02 -3.12063008e-02 2.50903929e-02
1.27024000e+03 9.31284000e+02 1.79589000e+03 -1.31933150e-02 -1.50413969e-02 2.39559707e-02
1.26002000e+03 9.49803000e+02 1.79096000e+03 -1.33294507e-02 -2.52568633e-02 2.52363673e-02
1.25233000e+03 9.31123000e+02 1.78634000e+03 -3.07715880e-03 -1.15494020e-02 2.64100991e-02
1.25304000e+03 9.19488000e+02 1.78895000e+03 -1.69992511e-03 -5.70638762e-03 2.62115565e-02
1.25377000e+03 9.08542000e+02 1.79224000e+03 -3.95011706e-03 1.37321224e-03 2.82463259e-02
1.25458000e+03 8.97715000e+02 1.79585000e+03 -3.11328893e-03 7.87778762e-03 2.83034306e-02
1.24554000e+03 8.90874000e+02 1.79365000e+03 3.03297810e-03 1.14295396e-02 2.72838990e-02
1.25527000e+03 8.86549000e+02 1.79950000e+03 -1.78936752e-03 1.13007458e-02 2.55508092e-02
1.24614000e+03 8.79489000e+02 1.79735000e+03 2.04280508e-03 1.75017213e-02 2.75334266e-02
1.25574000e+03 8.75187000e+02 1.80304000e+03 -1.06463744e-03 1.67955722e-02 2.55964145e-02
1.24680000e+03 8.67949000e+02 1.80101000e+03 4.10522254e-03 2.23352751e-02 2.54816726e-02
1.24750000e+03 8.56469000e+02 1.80454000e+03 3.10646550e-03 2.42319892e-02 2.59905003e-02
1.26356000e+03 9.04505000e+02 1.79785000e+03 -8.59289312e-03 1.82342676e-03 2.47880385e-02
1.26528000e+03 8.82142000e+02 1.80497000e+03 -7.66853124e-03 1.13521372e-02 2.26050451e-02
1.26238000e+03 9.14611000e+02 1.79465000e+03 -9.66955087e-03 1.73545322e-03 2.95904996e-02
1.26480000e+03 8.93717000e+02 1.80144000e+03 -9.12332877e-03 6.22465486e-03 2.29287446e-02
1.27513000e+03 9.02031000e+02 1.80346000e+03 -1.64735512e-02 -5.10757310e-04 1.91129933e-02
1.27918000e+03 9.25389000e+02 1.80094000e+03 -2.06280983e-02 -8.35320526e-03 2.29387167e-02
1.25136000e+03 9.43670000e+02 1.78504000e+03 -2.88951898e-03 -1.67860612e-02 2.82272014e-02
1.26092000e+03 9.37425000e+02 1.79057000e+03 -8.48869752e-03 -1.67361980e-02 2.39484434e-02
1.26173000e+03 9.25535000e+02 1.79211000e+03 -7.92626551e-03 -1.11212888e-02 2.48199921e-02
1.27125000e+03 9.19382000e+02 1.79783000e+03 -1.49617432e-02 -6.37727658e-03 2.17755358e-02
1.27088000e+03 9.10241000e+02 1.79957000e+03 -1.29343238e-02 -1.02215495e-03 2.63391208e-02
1.27901000e+03 8.49672000e+02 1.79554000e+03 -3.54665737e-03 1.99336092e-02 1.09468040e-02
1.26873000e+03 8.46087000e+02 1.79072000e+03 3.13678674e-03 2.25107979e-02 1.23887101e-02
1.27167000e+03 8.57387000e+02 1.79019000e+03 6.30959741e-04 1.83687382e-02 1.30363836e-02
1.26134000e+03 8.53871000e+02 1.78554000e+03 6.99576070e-03 2.12732654e-02 1.42461454e-02
1.26424000e+03 8.65156000e+02 1.78512000e+03 4.66881992e-03 1.70576092e-02 1.44964053e-02
1.25388000e+03 8.61726000e+02 1.78063000e+03 1.11694394e-02 2.05365049e-02 1.61299975e-02
1.25103000e+03 8.50382000e+02 1.78079000e+03 1.30309287e-02 2.43403590e-02 1.55859636e-02
1.24640000e+03 8.69696000e+02 1.77590000e+03 1.45112560e-02 1.81149236e-02 1.86168949e-02
1.28206000e+03 8.60904000e+02 1.79469000e+03 -5.43821268e-03 1.49806831e-02 1.14588363e-02
1.31989000e+03 8.94057000e+02 1.80349000e+03 -2.62680850e-02 4.75016076e-03 7.48002080e-03
1.32305000e+03 9.05217000e+02 1.80164000e+03 -2.78065734e-02 7.61531093e-04 6.92649909e-03
1.31282000e+03 9.01504000e+02 1.79725000e+03 -2.16079423e-02 1.64947296e-03 8.16498666e-03
1.31582000e+03 9.12588000e+02 1.79573000e+03 -2.30128121e-02 -2.31244295e-03 7.82075955e-03
1.30556000e+03 9.09255000e+02 1.79138000e+03 -1.73591903e-02 -7.39750807e-04 9.46036255e-03
1.24868000e+03 9.44227000e+02 1.75877000e+03 1.65469768e-02 -9.55003285e-03 2.16553063e-02
1.25851000e+03 9.47715000e+02 1.76416000e+03 9.67299152e-03 -1.16681219e-02 1.89680689e-02
1.25588000e+03 9.36001000e+02 1.76374000e+03 1.13917933e-02 -7.69569153e-03 1.88998583e-02
1.26586000e+03 9.39420000e+02 1.76834000e+03 5.24971040e-03 -9.31390545e-03 1.79656424e-02
1.26309000e+03 9.27598000e+02 1.76895000e+03 6.64508699e-03 -5.04273939e-03 1.68146200e-02
1.27337000e+03 9.30914000e+02 1.77293000e+03 1.45351724e-03 -7.49025637e-03 1.57770334e-02
1.26976000e+03 9.18952000e+02 1.77400000e+03 2.81703656e-03 -4.62548327e-03 1.54990564e-02
1.30247000e+03 8.98022000e+02 1.79319000e+03 -1.62717796e-02 3.15862524e-03 9.18761118e-03
1.30828000e+03 9.20582000e+02 1.79027000e+03 -1.85971592e-02 -3.79269739e-03 8.58864689e-03
1.25213000e+03 9.24329000e+02 1.76483000e+03 1.38530664e-02 -3.85372035e-03 1.92852854e-02
1.27565000e+03 9.42844000e+02 1.77331000e+03 -1.01437560e-03 -1.00096553e-02 1.71746105e-02
1.31802000e+03 9.23433000e+02 1.79484000e+03 -2.46284963e-02 -4.54604586e-03 7.74247887e-03
1.29512000e+03 9.05926000e+02 1.78756000e+03 -1.18328978e-02 -1.52729359e-04 1.02811191e-02
1.29188000e+03 8.94596000e+02 1.78960000e+03 -1.12813055e-02 3.60855267e-03 1.12551683e-02
1.29919000e+03 8.86833000e+02 1.79529000e+03 -1.47884495e-02 5.26471977e-03 8.83044288e-03
1.28326000e+03 9.34295000e+02 1.77714000e+03 -3.95753236e-03 -7.33684735e-03 1.42082670e-02
1.28504000e+03 9.46146000e+02 1.77857000e+03 -7.64753095e-03 -1.09775442e-02 1.68618314e-02
1.31061000e+03 9.32209000e+02 1.79040000e+03 -1.98428715e-02 -5.88218038e-03 8.53427394e-03
1.27713000e+03 9.54374000e+02 1.77593000e+03 -4.31159336e-03 -1.35231121e-02 1.97995970e-02
1.28442000e+03 9.02568000e+02 1.78427000e+03 -6.84029992e-03 1.32062807e-03 1.13788175e-02
1.28110000e+03 8.91183000e+02 1.78632000e+03 -5.43034748e-03 4.00663497e-03 1.16007349e-02
1.27359000e+03 8.99185000e+02 1.78124000e+03 -1.17390762e-03 1.62479439e-03 1.35249409e-02
1.33154000e+03 9.46388000e+02 1.80259000e+03 -3.28921333e-02 -4.71457422e-03 8.99679578e-03
1.30289000e+03 8.68135000e+02 1.80333000e+03 -1.70084103e-02 1.24015888e-02 9.44258196e-03
1.27032000e+03 8.87770000e+02 1.78306000e+03 -3.37784901e-04 7.09815366e-03 1.43428015e-02
1.26283000e+03 8.95732000e+02 1.77816000e+03 3.55259248e-03 4.69098890e-03 1.68760757e-02
1.28767000e+03 9.14088000e+02 1.78235000e+03 -7.12137407e-03 -3.14666146e-03 1.18168204e-02
1.29414000e+03 9.49452000e+02 1.78413000e+03 -1.41259679e-02 -1.27797381e-02 1.56592308e-02
1.30071000e+03 9.29130000e+02 1.78562000e+03 -1.38039511e-02 -6.04690062e-03 1.01097531e-02
1.27778000e+03 8.79848000e+02 1.78805000e+03 -3.98893851e-03 8.56865967e-03 1.23920613e-02
1.29959000e+03 8.56957000e+02 1.80490000e+03 -1.53013120e-02 1.62468707e-02 8.52122819e-03
1.25960000e+03 8.84296000e+02 1.77953000e+03 5.68369880e-03 1.07405261e-02 1.65741354e-02
1.33116000e+03 9.34415000e+02 1.80115000e+03 -3.14012722e-02 -3.88721242e-03 6.10047560e-03
1.26613000e+03 9.07248000e+02 1.77607000e+03 2.68872940e-03 -3.99639102e-04 1.54214545e-02
1.25532000e+03 9.03554000e+02 1.77295000e+03 9.82883780e-03 2.83281181e-03 1.85476092e-02
1.32383000e+03 9.42378000e+02 1.79789000e+03 -2.85881599e-02 -6.38960673e-03 9.34134167e-03
1.25853000e+03 9.15198000e+02 1.77054000e+03 8.62911277e-03 -1.07516589e-03 1.80072155e-02
1.24687000e+03 9.11661000e+02 1.76659000e+03 1.50696584e-02 8.54870880e-04 2.04514875e-02
1.30291000e+03 9.41167000e+02 1.78704000e+03 -1.62740114e-02 -7.81560074e-03 1.11518637e-02
1.26795000e+03 9.51223000e+02 1.76988000e+03 2.89723278e-03 -1.30611031e-02 1.95086837e-02
1.27699000e+03 9.10706000e+02 1.77911000e+03 -2.05416686e-03 -1.79296474e-03 1.29482379e-02
1.28855000e+03 8.83326000e+02 1.79164000e+03 -9.26495826e-03 6.93346721e-03 1.01249287e-02
1.30628000e+03 8.79281000e+02 1.80137000e+03 -1.91484998e-02 7.16466480e-03 8.50041352e-03
1.30962000e+03 8.90399000e+02 1.79925000e+03 -2.06719779e-02 4.50237887e-03 8.56236737e-03
1.33527000e+03 9.21857000e+02 1.80451000e+03 -3.38734328e-02 9.28882632e-04 5.42145055e-03
1.32622000e+03 9.16686000e+02 1.80044000e+03 -2.91641758e-02 -1.08704180e-03 6.41168293e-03
1.29582000e+03 8.75656000e+02 1.79733000e+03 -1.30769819e-02 9.67013765e-03 9.55263318e-03
1.28034000e+03 9.22426000e+02 1.77747000e+03 -2.00726076e-03 -5.45440319e-03 1.27587542e-02
1.29811000e+03 9.17387000e+02 1.78603000e+03 -1.29797758e-02 -3.50673763e-03 1.02492184e-02
1.32207000e+03 9.52371000e+02 1.79948000e+03 -2.80294023e-02 -7.77426698e-03 1.17366500e-02
1.31387000e+03 9.44821000e+02 1.79323000e+03 -2.27238263e-02 -7.29995364e-03 1.08952478e-02
1.28929000e+03 8.53282000e+02 1.80027000e+03 -9.28775732e-03 1.85559568e-02 9.84480251e-03
1.24928000e+03 8.80939000e+02 1.77561000e+03 1.24804162e-02 1.27668556e-02 1.93896757e-02
1.29248000e+03 8.64476000e+02 1.79904000e+03 -1.15939771e-02 1.38249776e-02 9.87623213e-03
1.28524000e+03 8.72099000e+02 1.79339000e+03 -7.23838573e-03 1.02783025e-02 1.06784964e-02
1.24562000e+03 9.33034000e+02 1.75914000e+03 1.78963639e-02 -5.46695423e-03 2.19061754e-02
1.27471000e+03 8.68606000e+02 1.78937000e+03 -1.91480235e-03 1.27405925e-02 1.26074518e-02
1.26720000e+03 8.76433000e+02 1.78435000e+03 1.62899902e-03 1.32810611e-02 1.45323261e-02
1.29061000e+03 9.25811000e+02 1.78129000e+03 -8.12144856e-03 -5.89678545e-03 1.14317143e-02
1.29291000e+03 9.37740000e+02 1.78176000e+03 -1.01617836e-02 -8.66597233e-03 1.32937587e-02
1.25672000e+03 8.73044000e+02 1.78031000e+03 8.11388655e-03 1.55947856e-02 1.61025010e-02
1.25239000e+03 8.92063000e+02 1.77480000e+03 9.79151099e-03 9.22004727e-03 1.95750509e-02
1.30337000e+03 9.53258000e+02 1.79024000e+03 -1.94734882e-02 -1.12045671e-02 1.54915910e-02
1.32607000e+03 9.25806000e+02 1.79887000e+03 -2.81848709e-02 -3.55141072e-03 6.89722414e-03
1.24571000e+03 8.98893000e+02 1.77009000e+03 1.50085870e-02 6.44683558e-03 2.09347408e-02
1.32001000e+03 9.33461000e+02 1.79523000e+03 -2.53763206e-02 -5.80957742e-03 7.57062230e-03
1.34230000e+03 8.47115000e+02 1.76982000e+03 -1.48988217e-02 1.48825061e-02 -1.11995204e-02
1.33449000e+03 8.54317000e+02 1.76814000e+03 -1.15866768e-02 1.30016265e-02 -8.92249077e-03
1.34538000e+03 8.58312000e+02 1.76772000e+03 -1.62408511e-02 1.21689283e-02 -1.13002812e-02
1.33677000e+03 8.65823000e+02 1.76599000e+03 -1.20749793e-02 9.77552450e-03 -9.27116222e-03
1.34785000e+03 8.69634000e+02 1.76562000e+03 -1.70085577e-02 9.46752638e-03 -1.13676810e-02
1.33886000e+03 8.77239000e+02 1.76388000e+03 -1.34327053e-02 7.02818611e-03 -9.47832680e-03
1.35007000e+03 8.81031000e+02 1.76354000e+03 -1.81634659e-02 6.39920672e-03 -1.13033106e-02
1.34159000e+03 8.88747000e+02 1.76183000e+03 -1.45946600e-02 4.40610347e-03 -8.58664405e-03
1.35259000e+03 8.92524000e+02 1.76151000e+03 -1.98292548e-02 3.31770299e-03 -1.08596028e-02
1.34411000e+03 9.00458000e+02 1.75978000e+03 -1.56466102e-02 1.76516335e-03 -7.86469296e-03
1.34583000e+03 9.11917000e+02 1.75781000e+03 -1.54471133e-02 -1.15996443e-03 -7.72776178e-03
1.33345000e+03 9.06839000e+02 1.75824000e+03 -1.04017146e-02 4.26701373e-04 -5.20815271e-03
1.33665000e+03 9.19619000e+02 1.75610000e+03 -1.24135835e-02 -2.03725925e-03 -5.06683091e-03
1.32555000e+03 9.15991000e+02 1.75619000e+03 -7.51671592e-03 -2.50511889e-03 -2.75035051e-03
1.32783000e+03 9.27621000e+02 1.75423000e+03 -8.59111497e-03 -4.49157523e-03 -2.49622757e-03
1.31643000e+03 9.23854000e+02 1.75402000e+03 -3.04591461e-03 -3.48320564e-03 6.89303828e-04
1.31882000e+03 9.35405000e+02 1.75209000e+03 -4.09625094e-03 -5.40539158e-03 1.62247553e-03
1.30781000e+03 9.31481000e+02 1.75145000e+03 7.20426209e-04 -5.96931189e-03 3.36919404e-03
1.30987000e+03 9.42970000e+02 1.74954000e+03 -1.02385764e-04 -8.34440889e-03 4.24659345e-03
1.29888000e+03 9.38898000e+02 1.74824000e+03 5.66327922e-03 -6.63998167e-03 4.80083669e-03
1.30087000e+03 9.50336000e+02 1.74650000e+03 4.67131407e-03 -9.16848853e-03 5.92721479e-03
1.28999000e+03 9.45964000e+02 1.74443000e+03 9.41392922e-03 -8.80524642e-03 8.43517887e-03
1.32101000e+03 9.47044000e+02 1.75024000e+03 -4.84086177e-03 -8.13831527e-03 2.51897253e-03
1.31460000e+03 9.12487000e+02 1.75608000e+03 -2.30973340e-03 -1.19272993e-03 -5.97609760e-04
1.28722000e+03 9.33457000e+02 1.74654000e+03 9.66727661e-03 -5.84135127e-03 6.93285277e-03
1.28135000e+03 9.53895000e+02 1.74024000e+03 1.26367277e-02 -1.08024484e-02 1.02835405e-02
1.32563000e+03 8.61751000e+02 1.76635000e+03 -7.35713753e-03 1.18335594e-02 -6.39738493e-03
1.25003000e+03 8.58891000e+02 1.75513000e+03 2.12157268e-02 1.88810569e-02 9.87127940e-03
1.24527000e+03 8.69083000e+02 1.75122000e+03 2.29725901e-02 1.62451404e-02 1.12062767e-02
1.25496000e+03 8.48721000e+02 1.75900000e+03 1.92682313e-02 2.16364614e-02 8.37476351e-03
1.25639000e+03 8.69416000e+02 1.75571000e+03 1.86234496e-02 1.52046812e-02 9.15743662e-03
1.25171000e+03 8.79665000e+02 1.75207000e+03 2.02917414e-02 1.12341493e-02 1.07285220e-02
1.26306000e+03 8.80114000e+02 1.75584000e+03 1.58056972e-02 1.00845859e-02 8.08329872e-03
1.25858000e+03 8.90478000e+02 1.75215000e+03 1.79691747e-02 7.17194635e-03 9.39017950e-03
1.26791000e+03 8.69566000e+02 1.75902000e+03 1.47748885e-02 1.37394417e-02 6.01304872e-03
1.27467000e+03 8.80201000e+02 1.75849000e+03 1.20739435e-02 1.00853131e-02 4.89851501e-03
1.27965000e+03 8.69420000e+02 1.76130000e+03 1.05690688e-02 1.28174599e-02 3.66546942e-03
1.28644000e+03 8.79832000e+02 1.76028000e+03 8.09305648e-03 8.77526227e-03 2.94504463e-03
1.28150000e+03 8.90908000e+02 1.75735000e+03 9.67426600e-03 6.19999384e-03 4.86069442e-03
1.24511000e+03 9.23117000e+02 1.73428000e+03 2.60365805e-02 -7.14466699e-04 1.36343241e-02
1.32918000e+03 8.85439000e+02 1.76199000e+03 -8.52864979e-03 5.49125554e-03 -6.06254849e-03
1.24703000e+03 9.41564000e+02 1.72835000e+03 2.63265118e-02 -6.29851596e-03 1.46063359e-02
1.29145000e+03 8.68955000e+02 1.76282000e+03 5.51441255e-03 1.17551403e-02 1.74148689e-03
1.28472000e+03 8.58799000e+02 1.76392000e+03 8.23946444e-03 1.51803284e-02 2.54191230e-03
1.29825000e+03 8.79073000e+02 1.76151000e+03 3.64783483e-03 8.65248923e-03 5.16574728e-04
1.33911000e+03 9.31574000e+02 1.75414000e+03 -1.26571429e-02 -4.89098062e-03 -4.33159013e-03
1.29648000e+03 8.58330000e+02 1.76525000e+03 3.97641469e-03 1.40098665e-02 1.72626125e-04
1.28991000e+03 8.48372000e+02 1.76655000e+03 6.51970350e-03 1.85114052e-02 8.56994975e-04
1.27808000e+03 8.48660000e+02 1.76488000e+03 1.11030485e-02 1.88308293e-02 3.46259635e-03
1.35271000e+03 9.47339000e+02 1.75196000e+03 -1.81559092e-02 -8.66668220e-03 -5.77320996e-03
1.24944000e+03 9.06589000e+02 1.74333000e+03 2.31359550e-02 3.53351232e-03 1.19354720e-02
1.31319000e+03 8.47948000e+02 1.76846000e+03 -3.16849833e-03 1.63046368e-02 -5.02043806e-03
1.25334000e+03 9.52136000e+02 1.72901000e+03 2.45342942e-02 -9.20601692e-03 1.52706290e-02
1.25793000e+03 9.41898000e+02 1.73321000e+03 2.24927179e-02 -6.56563364e-03 1.29832740e-02
1.26430000e+03 9.52176000e+02 1.73382000e+03 2.03191894e-02 -9.78748058e-03 1.30765683e-02
1.26846000e+03 9.42024000e+02 1.73764000e+03 1.75921090e-02 -6.67747778e-03 1.09774345e-02
1.26268000e+03 9.32159000e+02 1.73841000e+03 1.96894978e-02 -4.85944434e-03 1.05625448e-02
1.27404000e+03 9.32456000e+02 1.74263000e+03 1.51493430e-02 -5.64231483e-03 8.52033578e-03
1.26717000e+03 9.22539000e+02 1.74374000e+03 1.66095546e-02 -2.14264681e-03 9.75392813e-03
1.27909000e+03 9.22402000e+02 1.74755000e+03 1.28534455e-02 -2.75101000e-03 7.36486160e-03
1.27176000e+03 9.12284000e+02 1.74905000e+03 1.47287664e-02 5.45598548e-06 7.77999407e-03
1.28380000e+03 9.12020000e+02 1.75202000e+03 1.07946185e-02 -4.52745511e-04 5.81572136e-03
1.27669000e+03 9.01736000e+02 1.75372000e+03 1.28629959e-02 2.32231599e-03 6.43792591e-03
1.28849000e+03 9.01212000e+02 1.75584000e+03 7.63188340e-03 2.49408804e-03 3.29278072e-03
1.29560000e+03 9.11346000e+02 1.75423000e+03 5.30383891e-03 -7.97509708e-04 3.21104908e-03
1.30036000e+03 9.00652000e+02 1.75730000e+03 2.62696806e-03 1.65007846e-03 1.17040514e-03
1.26538000e+03 9.02246000e+02 1.75079000e+03 1.59473484e-02 3.44970432e-03 8.31336534e-03
1.29335000e+03 8.90223000e+02 1.75890000e+03 5.36574816e-03 5.34169967e-03 1.73510081e-03
1.30527000e+03 8.89402000e+02 1.76001000e+03 7.95819086e-04 4.98142413e-03 -4.40941264e-04
1.30979000e+03 8.77709000e+02 1.76253000e+03 -1.01109750e-03 8.56753167e-03 -1.79878315e-03
1.31281000e+03 9.00669000e+02 1.75829000e+03 -2.16534329e-03 1.84201535e-03 -1.47524188e-03
1.29121000e+03 9.21441000e+02 1.75080000e+03 8.31944053e-03 -3.25210874e-03 5.18852885e-03
1.31712000e+03 8.87971000e+02 1.76098000e+03 -4.26051769e-03 5.11447471e-03 -3.02115762e-03
1.32494000e+03 8.97254000e+02 1.75961000e+03 -7.17466624e-03 2.35267934e-03 -4.08453212e-03
1.25615000e+03 9.22891000e+02 1.73936000e+03 2.13863897e-02 -2.15454580e-03 1.14436492e-02
1.33228000e+03 9.51095000e+02 1.75044000e+03 -9.41719070e-03 -9.25826720e-03 7.28373935e-04
1.31194000e+03 9.54560000e+02 1.74784000e+03 -9.74429137e-04 -1.10980497e-02 5.40683684e-03
1.33011000e+03 9.39368000e+02 1.75232000e+03 -9.06898041e-03 -7.20744060e-03 -9.60507494e-04
1.30411000e+03 9.20048000e+02 1.75336000e+03 2.24734286e-03 -2.53557798e-03 2.05514501e-03
1.25892000e+03 9.11699000e+02 1.74513000e+03 1.95391652e-02 4.45495844e-04 1.01721230e-02
1.26133000e+03 8.59066000e+02 1.75908000e+03 1.75135756e-02 1.84965502e-02 7.76124595e-03
1.26640000e+03 8.48772000e+02 1.76243000e+03 1.54472017e-02 2.04218469e-02 6.53470389e-03
1.27295000e+03 8.59051000e+02 1.76195000e+03 1.24858883e-02 1.65324518e-02 5.03788555e-03
1.34815000e+03 9.23732000e+02 1.75583000e+03 -1.75020389e-02 -3.61536050e-03 -6.91853451e-03
1.32764000e+03 8.72704000e+02 1.76433000e+03 -8.85041922e-03 9.28669147e-03 -6.25027898e-03
1.35046000e+03 9.35572000e+02 1.75388000e+03 -1.75189932e-02 -6.19797614e-03 -6.27680045e-03
1.25168000e+03 9.32013000e+02 1.73372000e+03 2.38839960e-02 -4.00285901e-03 1.27509274e-02
1.26988000e+03 8.91059000e+02 1.75516000e+03 1.38596190e-02 6.38692940e-03 7.32308738e-03
1.34139000e+03 9.43375000e+02 1.75221000e+03 -1.34728334e-02 -7.62528237e-03 -3.08014830e-03
1.30175000e+03 8.47927000e+02 1.76771000e+03 1.41941717e-03 1.66087273e-02 -1.74953303e-03
1.30325000e+03 8.68208000e+02 1.76391000e+03 1.55991012e-03 1.17259384e-02 -1.01594257e-03
1.31572000e+03 8.67430000e+02 1.76481000e+03 -3.45637553e-03 1.13191598e-02 -3.82559772e-03
1.24736000e+03 8.89487000e+02 1.74796000e+03 2.29764034e-02 8.31320973e-03 1.19771994e-02
1.27899000e+03 9.43014000e+02 1.74143000e+03 1.32056270e-02 -7.59828632e-03 9.47594303e-03
1.32421000e+03 8.50188000e+02 1.76856000e+03 -7.09628864e-03 1.51501488e-02 -7.22261499e-03
1.25499000e+03 8.99798000e+02 1.74814000e+03 2.00192425e-02 4.48862528e-03 1.02177377e-02
1.30784000e+03 8.57722000e+02 1.76621000e+03 -5.63418151e-04 1.40528648e-02 -2.66128636e-03
1.33470000e+03 8.95804000e+02 1.76029000e+03 -1.15128579e-02 3.24370177e-03 -6.67190948e-03
1.32243000e+03 9.06812000e+02 1.75770000e+03 -6.02642691e-03 -3.47411161e-04 -2.90941210e-03
1.31943000e+03 8.78348000e+02 1.76291000e+03 -5.10872040e-03 7.94651830e-03 -4.67526398e-03
1.31733000e+03 8.56993000e+02 1.76690000e+03 -4.33208488e-03 1.38085030e-02 -4.86148421e-03
1.24864000e+03 9.14865000e+02 1.73951000e+03 2.41020288e-02 1.14322903e-03 1.26253764e-02
1.29790000e+03 9.29131000e+02 1.75022000e+03 5.44417583e-03 -4.40344746e-03 4.59371914e-03
1.30510000e+03 9.09991000e+02 1.75571000e+03 1.50427425e-03 4.41239940e-04 1.36040790e-03
1.35217000e+03 8.50273000e+02 1.76951000e+03 -1.88237534e-02 1.44815432e-02 -1.35953664e-02
1.27275000e+03 9.50877000e+02 1.73747000e+03 1.61623220e-02 -8.92817020e-03 1.14652436e-02
1.24504000e+03 8.89476000e+02 1.69991000e+03 2.88962078e-02 -2.16751830e-03 1.51101605e-03
1.25291000e+03 8.98565000e+02 1.69848000e+03 2.71097045e-02 -5.36475201e-03 -9.65336843e-04
1.24524000e+03 8.58145000e+02 1.70581000e+03 2.77936441e-02 6.40669941e-03 -2.44156029e-04
1.24884000e+03 9.09634000e+02 1.69629000e+03 2.94511439e-02 -7.08232171e-03 1.22641820e-03
1.26072000e+03 9.07658000e+02 1.69705000e+03 2.51378514e-02 -7.91223071e-03 -2.35006340e-03
1.26849000e+03 9.16754000e+02 1.69562000e+03 2.28594861e-02 -1.02072061e-02 -3.73789633e-03
1.27259000e+03 9.05691000e+02 1.69779000e+03 2.08844177e-02 -8.70795025e-03 -6.42138909e-03
1.28034000e+03 9.14793000e+02 1.69636000e+03 1.88650279e-02 -1.15486739e-02 -7.96864840e-03
1.28446000e+03 9.03729000e+02 1.69853000e+03 1.69727969e-02 -9.70166980e-03 -9.81167389e-03
1.29220000e+03 9.12834000e+02 1.69710000e+03 1.38778949e-02 -1.24117676e-02 -1.09476464e-02
1.29632000e+03 9.01770000e+02 1.69925000e+03 1.22190593e-02 -9.86519989e-03 -1.40695719e-02
1.30404000e+03 9.10876000e+02 1.69782000e+03 9.66431985e-03 -1.22580461e-02 -1.44648116e-02
1.30817000e+03 8.99811000e+02 1.69996000e+03 7.16501943e-03 -1.04338224e-02 -1.71191676e-02
1.31588000e+03 9.08919000e+02 1.69854000e+03 4.36390742e-03 -1.39163245e-02 -1.88255487e-02
1.32002000e+03 8.97853000e+02 1.70067000e+03 2.36914214e-03 -1.19924448e-02 -2.05050351e-02
1.31175000e+03 9.19984000e+02 1.69641000e+03 6.17351011e-03 -1.54198300e-02 -1.59519928e-02
1.32358000e+03 9.18027000e+02 1.69713000e+03 1.83009768e-03 -1.60284826e-02 -1.95582276e-02
1.24959000e+03 8.47056000e+02 1.70808000e+03 2.57513712e-02 9.26749129e-03 -2.24993824e-03
1.31945000e+03 9.29093000e+02 1.69500000e+03 3.64286295e-03 -1.79439882e-02 -1.67898435e-02
1.33128000e+03 9.27138000e+02 1.69574000e+03 -9.58619769e-04 -1.84572044e-02 -2.05777219e-02
1.34311000e+03 9.25183000e+02 1.69647000e+03 -6.42640476e-03 -1.82611388e-02 -2.27422004e-02
1.31231000e+03 8.88745000e+02 1.70209000e+03 5.30425415e-03 -8.80994265e-03 -1.93658540e-02
1.32415000e+03 8.86786000e+02 1.70279000e+03 3.42912012e-04 -9.98665747e-03 -2.25028474e-02
1.31645000e+03 8.77681000e+02 1.70423000e+03 3.53311631e-03 -7.36934476e-03 -2.15705840e-02
1.32829000e+03 8.75724000e+02 1.70493000e+03 -9.09900660e-04 -7.24405958e-03 -2.50334211e-02
1.32059000e+03 8.66624000e+02 1.70638000e+03 2.03441883e-03 -4.84402867e-03 -2.25512168e-02
1.33243000e+03 8.64670000e+02 1.70708000e+03 -3.20011039e-03 -5.32474349e-03 -2.66280693e-02
1.32473000e+03 8.55579000e+02 1.70856000e+03 -1.00242085e-03 -2.64855800e-03 -2.47910114e-02
1.33656000e+03 8.53627000e+02 1.70928000e+03 -6.44102036e-03 -3.58321060e-03 -2.84214053e-02
1.34426000e+03 8.62716000e+02 1.70780000e+03 -9.09503508e-03 -5.84039608e-03 -2.98305196e-02
1.30874000e+03 8.68579000e+02 1.70568000e+03 6.45511063e-03 -4.75668802e-03 -1.94184338e-02
1.31703000e+03 8.46497000e+02 1.71007000e+03 1.68263876e-03 -3.52179369e-05 -2.26119998e-02
1.27670000e+03 8.94623000e+02 1.69996000e+03 1.91325363e-02 -6.02732027e-03 -8.32042503e-03
1.25742000e+03 8.56202000e+02 1.70653000e+03 2.39365079e-02 5.51014260e-03 -4.84767576e-03
1.33599000e+03 8.84828000e+02 1.70349000e+03 -4.97526754e-03 -1.01173723e-02 -2.59434127e-02
1.25698000e+03 8.87487000e+02 1.70066000e+03 2.50004995e-02 -2.84990050e-03 -3.32944551e-03
1.29334000e+03 8.50387000e+02 1.70866000e+03 1.15824684e-02 2.56511934e-03 -1.55392997e-02
1.28143000e+03 8.52329000e+02 1.70795000e+03 1.59877444e-02 3.46449680e-03 -1.23968694e-02
1.28915000e+03 8.61429000e+02 1.70645000e+03 1.35909135e-02 5.94623260e-04 -1.42783783e-02
1.27722000e+03 8.63378000e+02 1.70574000e+03 1.78603276e-02 1.51625240e-03 -1.07343462e-02
1.28498000e+03 8.72486000e+02 1.70427000e+03 1.55327042e-02 -1.92296990e-03 -1.24847387e-02
1.27305000e+03 8.74442000e+02 1.70356000e+03 1.95602563e-02 -1.11834077e-03 -8.80370938e-03
1.30103000e+03 8.59480000e+02 1.70715000e+03 9.31419724e-03 -8.37594895e-04 -1.79105990e-02
1.28083000e+03 8.83553000e+02 1.70211000e+03 1.74347253e-02 -4.28637835e-03 -1.06335219e-02
1.29272000e+03 8.81595000e+02 1.70283000e+03 1.28071503e-02 -4.92878595e-03 -1.37974985e-02
1.28858000e+03 8.92662000e+02 1.70068000e+03 1.48994736e-02 -6.67610204e-03 -1.20064839e-02
1.26891000e+03 8.85516000e+02 1.70139000e+03 2.12871132e-02 -3.36209324e-03 -6.48209755e-03
1.26480000e+03 8.96590000e+02 1.69922000e+03 2.28899701e-02 -5.80272322e-03 -4.50809253e-03
1.26108000e+03 8.76405000e+02 1.70284000e+03 2.35066443e-02 -7.81926488e-04 -5.28977371e-03
1.25320000e+03 8.67286000e+02 1.70431000e+03 2.56914792e-02 3.20880583e-03 -2.83976396e-03
1.33542000e+03 9.16071000e+02 1.69785000e+03 -3.64715217e-03 -1.67197611e-02 -2.21618365e-02
1.34725000e+03 9.14115000e+02 1.69857000e+03 -8.62140202e-03 -1.69664137e-02 -2.57970431e-02
1.33955000e+03 9.05003000e+02 1.69996000e+03 -5.50384715e-03 -1.43966919e-02 -2.44260770e-02
1.35138000e+03 9.03047000e+02 1.70068000e+03 -1.06590970e-02 -1.56423445e-02 -2.87998836e-02
1.34369000e+03 8.93936000e+02 1.70208000e+03 -7.77707728e-03 -1.31095304e-02 -2.70221916e-02
1.34782000e+03 8.82871000e+02 1.70420000e+03 -9.89898224e-03 -1.09827431e-02 -2.94985475e-02
1.33185000e+03 8.95894000e+02 1.70137000e+03 -2.32020000e-03 -1.19595338e-02 -2.34874263e-02
1.32772000e+03 9.06961000e+02 1.69925000e+03 -7.43969867e-04 -1.39783211e-02 -2.18960140e-02
1.35196000e+03 8.71812000e+02 1.70635000e+03 -1.18610049e-02 -8.21242698e-03 -3.13554366e-02
1.26946000e+03 8.54269000e+02 1.70725000e+03 1.99139974e-02 5.13434747e-03 -8.24578191e-03
1.26524000e+03 8.65328000e+02 1.70503000e+03 2.17579042e-02 2.25401071e-03 -6.90677462e-03
1.24908000e+03 8.78383000e+02 1.70210000e+03 2.72048664e-02 -3.70710905e-05 -1.38520851e-03
1.35080000e+03 9.34298000e+02 1.69510000e+03 -9.81186734e-03 -2.16997983e-02 -2.41241797e-02
1.26170000e+03 8.45160000e+02 1.70878000e+03 2.14022718e-02 8.85387893e-03 -6.75691759e-03
1.29687000e+03 8.70532000e+02 1.70498000e+03 1.09584773e-02 -2.85509570e-03 -1.55873026e-02
1.35494000e+03 9.23229000e+02 1.69719000e+03 -1.17193294e-02 -1.99167914e-02 -2.63834507e-02
1.34013000e+03 8.73768000e+02 1.70563000e+03 -6.67875505e-03 -8.26877439e-03 -2.78647300e-02
1.30459000e+03 8.79638000e+02 1.70353000e+03 8.19413328e-03 -6.22837827e-03 -1.78787424e-02
1.31288000e+03 8.57530000e+02 1.70785000e+03 4.53431835e-03 -1.56093555e-03 -2.08227411e-02
1.30519000e+03 8.48443000e+02 1.70936000e+03 6.23156504e-03 1.50477869e-03 -1.93223727e-02
1.29991000e+03 9.21940000e+02 1.69567000e+03 1.13381554e-02 -1.53709880e-02 -1.23275839e-02
1.34839000e+03 8.51676000e+02 1.71001000e+03 -1.15391550e-02 -4.40814500e-03 -3.14878710e-02
1.30045000e+03 8.90704000e+02 1.70139000e+03 1.01355963e-02 -8.06597617e-03 -1.56933560e-02
1.28730000e+03 8.47539000e+02 1.69642000e+03 1.27624523e-02 1.74054211e-04 -1.69539870e-02
1.30111000e+03 8.49415000e+02 1.69725000e+03 8.29354727e-03 -1.98061354e-03 -2.15831550e-02
1.34586000e+03 8.65149000e+02 1.69608000e+03 -8.63572986e-03 -1.04492529e-02 -3.35651193e-02
1.29358000e+03 8.61594000e+02 1.69742000e+03 1.20397900e-02 -3.33315065e-03 -1.78994341e-02
1.31930000e+03 8.62281000e+02 1.69673000e+03 2.43862827e-03 -6.39535310e-03 -2.57975123e-02
1.26413000e+03 8.53935000e+02 1.69706000e+03 2.16996815e-02 2.35307783e-03 -9.44988434e-03
1.32979000e+03 8.50201000e+02 1.69973000e+03 -3.09869917e-03 -5.13639562e-03 -2.98156153e-02
1.33681000e+03 8.76297000e+02 1.69645000e+03 -4.64006525e-03 -1.05932992e-02 -2.94181076e-02
1.34303000e+03 8.53724000e+02 1.69908000e+03 -8.41956512e-03 -7.14468349e-03 -3.31605404e-02
1.29886000e+03 8.72698000e+02 1.69557000e+03 1.04851971e-02 -6.34945729e-03 -1.81824151e-02
1.31502000e+03 8.46448000e+02 1.69962000e+03 2.45280007e-03 -2.93193777e-03 -2.49619244e-02
1.28193000e+03 8.57644000e+02 1.69842000e+03 1.57188123e-02 -3.99233727e-04 -1.43825030e-02
1.32271000e+03 8.53920000e+02 1.73832000e+03 -3.91759145e-03 8.33620568e-03 -1.61451045e-02
1.32772000e+03 9.06159000e+02 1.72593000e+03 -4.81890557e-03 -5.87017980e-03 -1.40921148e-02
1.34071000e+03 9.52242000e+02 1.71885000e+03 -8.82057825e-03 -1.60826205e-02 -1.11769165e-02
1.34798000e+03 9.25086000e+02 1.72783000e+03 -1.40532568e-02 -1.01306642e-02 -1.59561394e-02
1.34814000e+03 8.83610000e+02 1.73138000e+03 -1.41212633e-02 -2.05271876e-03 -2.08194947e-02
1.29402000e+03 8.47393000e+02 1.73613000e+03 7.29902907e-03 1.17354412e-02 -9.21972679e-03
1.32008000e+03 9.31312000e+02 1.72391000e+03 -6.28501860e-04 -1.05531172e-02 -8.04145372e-03
1.30351000e+03 8.74844000e+02 1.73625000e+03 4.60973538e-03 4.94714234e-03 -9.01769507e-03
1.29539000e+03 9.04356000e+02 1.72604000e+03 8.35728138e-03 -3.35095579e-03 -5.61798571e-03
1.27640000e+03 8.69222000e+02 1.73490000e+03 1.45468846e-02 8.03182427e-03 -2.70107260e-03
1.29465000e+03 9.29581000e+02 1.71907000e+03 9.93276748e-03 -9.16722517e-03 -3.46186185e-03
1.27264000e+03 8.95286000e+02 1.72544000e+03 1.73325130e-02 2.44726718e-04 -1.38301969e-03
1.27956000e+03 9.53942000e+02 1.71551000e+03 1.70558555e-02 -1.37365175e-02 4.02897134e-03
1.31874000e+03 8.78538000e+02 1.73384000e+03 -1.09252831e-03 2.17791122e-03 -1.35361530e-02
1.26960000e+03 9.18528000e+02 1.72047000e+03 1.89700501e-02 -5.40896188e-03 1.94464411e-03
1.25329000e+03 8.80126000e+02 1.72581000e+03 2.33439315e-02 5.98729021e-03 2.67305464e-03
1.34599000e+03 8.60793000e+02 1.73227000e+03 -1.33870285e-02 2.73775498e-03 -2.29479036e-02
1.24707000e+03 8.59069000e+02 1.72795000e+03 2.42640969e-02 1.29112529e-02 4.04286745e-03
1.25233000e+03 9.07554000e+02 1.71888000e+03 2.53237981e-02 -1.54433803e-03 4.88501031e-03
1.26488000e+03 9.30848000e+02 1.70894000e+03 2.25285613e-02 -9.67064543e-03 2.29950064e-03
1.34185000e+03 8.99042000e+02 1.73104000e+03 -1.11875522e-02 -4.22148727e-03 -1.72376837e-02
1.31237000e+03 9.15537000e+02 1.71443000e+03 3.20019184e-03 -9.49044638e-03 -1.19976527e-02
1.32052000e+03 9.54368000e+02 1.73573000e+03 -2.52769408e-03 -1.30657487e-02 -4.59721461e-04
1.34173000e+03 8.52025000e+02 1.74801000e+03 -1.32377876e-02 9.77179780e-03 -1.81413242e-02
1.30897000e+03 8.87958000e+02 1.72033000e+03 4.03964135e-03 -2.60092815e-03 -1.37899739e-02
1.28734000e+03 8.91093000e+02 1.74169000e+03 9.57398919e-03 3.08681467e-03 -1.80381782e-03
1.30893000e+03 8.46512000e+02 1.74815000e+03 4.31121509e-04 1.34675906e-02 -1.03277384e-02
1.33418000e+03 9.37490000e+02 1.73107000e+03 -8.08063584e-03 -9.81331740e-03 -8.40365455e-03
1.34075000e+03 9.12999000e+02 1.71906000e+03 -9.34749404e-03 -9.74204174e-03 -1.82969172e-02
1.30420000e+03 8.61189000e+02 1.72956000e+03 4.52143938e-03 4.98548801e-03 -1.28908579e-02
1.33400000e+03 9.35527000e+02 1.71320000e+03 -5.40394362e-03 -1.43924649e-02 -1.43255322e-02
1.32369000e+03 8.93046000e+02 1.73558000e+03 -3.72317222e-03 -7.96911259e-04 -1.24155324e-02
1.31598000e+03 8.72209000e+02 1.74803000e+03 -2.27559807e-03 6.35875877e-03 -9.38378161e-03
1.28375000e+03 8.82741000e+02 1.71693000e+03 1.39836716e-02 -3.34758743e-04 -8.12876736e-03
1.33461000e+03 8.67491000e+02 1.74360000e+03 -9.75757252e-03 5.88266866e-03 -1.57771667e-02
1.30664000e+03 9.44942000e+02 1.72368000e+03 5.20755875e-03 -1.17855137e-02 -2.67610119e-03
1.32806000e+03 9.21742000e+02 1.74095000e+03 -6.53935775e-03 -5.05773094e-03 -6.99595358e-03
1.31985000e+03 9.50851000e+02 1.70918000e+03 2.19197309e-03 -1.70016226e-02 -8.57098058e-03
1.30646000e+03 9.26024000e+02 1.73069000e+03 3.63769573e-03 -7.27579474e-03 -4.08948110e-03
1.28919000e+03 8.69788000e+02 1.74899000e+03 8.13180524e-03 1.02093168e-02 -2.17802565e-03
1.34637000e+03 9.42672000e+02 1.70600000e+03 -9.73791903e-03 -1.86157221e-02 -1.83490897e-02
1.33903000e+03 8.84280000e+02 1.71710000e+03 -7.85497388e-03 -5.02316416e-03 -2.26222457e-02
1.24797000e+03 9.23663000e+02 1.71384000e+03 2.80565113e-02 -5.09144379e-03 7.99866146e-03
1.24913000e+03 9.52730000e+02 1.70802000e+03 2.89804041e-02 -1.24720295e-02 1.09366239e-02
1.29885000e+03 9.44237000e+02 1.70649000e+03 1.08423353e-02 -1.46535637e-02 -6.00350022e-03
1.32925000e+03 9.20098000e+02 1.71250000e+03 -3.86960301e-03 -1.18934669e-02 -1.61626526e-02
1.28080000e+03 8.54381000e+02 1.72865000e+03 1.27980645e-02 9.65458577e-03 -7.00989981e-03
1.35252000e+03 8.64884000e+02 1.74952000e+03 -1.83204838e-02 6.16796935e-03 -1.87392990e-02
1.28991000e+03 9.13657000e+02 1.71107000e+03 1.29039722e-02 -8.63613460e-03 -6.88193392e-03
1.31078000e+03 9.07576000e+02 1.73794000e+03 1.19250144e-03 -2.45446479e-03 -5.98603761e-03
1.27938000e+03 9.10024000e+02 1.73489000e+03 1.41453135e-02 -1.53539269e-03 1.67957619e-03
1.25995000e+03 8.60517000e+02 1.74284000e+03 1.87855978e-02 1.38615685e-02 3.18424927e-03
1.28043000e+03 8.58201000e+02 1.74823000e+03 1.16269780e-02 1.35809653e-02 -1.02726589e-03
1.26554000e+03 8.61421000e+02 1.72011000e+03 1.96545136e-02 7.44927207e-03 -4.08374436e-03
1.33651000e+03 8.87053000e+02 1.74902000e+03 -1.06252842e-02 3.16002115e-03 -1.22841289e-02
1.29582000e+03 8.74331000e+02 1.71759000e+03 9.37329432e-03 1.55259465e-04 -1.23257061e-02
1.27804000e+03 9.34682000e+02 1.72793000e+03 1.55609170e-02 -7.56539379e-03 4.01745783e-03
1.25655000e+03 8.95150000e+02 1.73185000e+03 2.18881567e-02 3.07705718e-03 4.94050011e-03
1.26547000e+03 8.84238000e+02 1.73875000e+03 1.76176121e-02 6.30436635e-03 2.92656850e-03
1.26821000e+03 8.82137000e+02 1.71817000e+03 1.93139526e-02 2.17184456e-03 -3.71206093e-03
1.30635000e+03 9.29724000e+02 1.70992000e+03 6.67843991e-03 -1.23165993e-02 -8.62008788e-03
1.32922000e+03 8.66478000e+02 1.72098000e+03 -4.66800422e-03 -1.25560995e-04 -2.18837901e-02
1.28012000e+03 9.32617000e+02 1.70885000e+03 1.74594510e-02 -1.09718814e-02 -1.85710728e-03
1.30778000e+03 8.60328000e+02 1.74739000e+03 1.03040234e-03 1.01619789e-02 -8.58493407e-03
1.34472000e+03 8.69561000e+02 1.71879000e+03 -1.11999565e-02 -3.37688938e-03 -2.60547277e-02
1.31159000e+03 8.71203000e+02 1.71841000e+03 3.28251933e-03 -6.58790097e-04 -1.62920348e-02
1.34374000e+03 9.14953000e+02 1.74437000e+03 -1.42537607e-02 -4.31941757e-03 -1.07195310e-02
1.35146000e+03 8.92305000e+02 1.71875000e+03 -1.40633669e-02 -7.06457481e-03 -2.49084179e-02
1.26537000e+03 9.04767000e+02 1.71028000e+03 2.19257257e-02 -4.42907335e-03 -1.78708907e-03
1.28630000e+03 8.96558000e+02 1.71248000e+03 1.40545774e-02 -4.52594290e-03 -8.20847471e-03
1.25263000e+03 8.48138000e+02 1.74354000e+03 2.09141358e-02 1.83519531e-02 4.92936311e-03
1.25977000e+03 8.93627000e+02 1.71452000e+03 2.25527083e-02 -4.37091651e-04 -8.34988432e-06
1.30332000e+03 8.92946000e+02 1.73683000e+03 4.32635317e-03 1.33568844e-03 -6.50682654e-03
1.32412000e+03 8.54915000e+02 1.75498000e+03 -5.98423914e-03 1.17524740e-02 -1.08752848e-02
1.35336000e+03 9.33710000e+02 1.74113000e+03 -1.80041178e-02 -8.75016546e-03 -1.12568310e-02
1.35171000e+03 8.92310000e+02 1.74869000e+03 -1.81835577e-02 9.70051871e-04 -1.49624337e-02
1.26272000e+03 9.08203000e+02 1.73356000e+03 2.00300470e-02 4.67282780e-05 5.67564104e-03
1.34353000e+03 8.45576000e+02 1.72461000e+03 -1.16436001e-02 3.46157381e-03 -2.65597695e-02
1.32635000e+03 8.95012000e+02 1.71557000e+03 -2.38637529e-03 -6.42848931e-03 -1.83547331e-02
1.32660000e+03 9.08194000e+02 1.74460000e+03 -6.30071018e-03 -2.50221828e-03 -7.29161307e-03
1.25468000e+03 9.22061000e+02 1.72515000e+03 2.39979199e-02 -3.69810162e-03 8.00069298e-03
1.28877000e+03 9.21945000e+02 1.73655000e+03 1.02196479e-02 -4.73883137e-03 1.99168575e-03
1.26159000e+03 9.16287000e+02 1.70787000e+03 2.35408404e-02 -7.06259253e-03 6.91309599e-04
1.30295000e+03 9.05196000e+02 1.71035000e+03 8.03858994e-03 -8.00393313e-03 -1.23574301e-02
1.27876000e+03 8.80944000e+02 1.74694000e+03 1.19456212e-02 7.70183272e-03 9.95524795e-04
1.29829000e+03 8.90319000e+02 1.71179000e+03 9.35636240e-03 -4.59087419e-03 -1.22062152e-02
1.29478000e+03 8.82516000e+02 1.74799000e+03 6.29494076e-03 5.72665575e-03 -2.93771176e-03
1.31580000e+03 9.43504000e+02 1.73815000e+03 -7.46851667e-04 -1.06855518e-02 -8.41504184e-04
1.28711000e+03 9.48340000e+02 1.72933000e+03 1.24097999e-02 -1.05194788e-02 5.28658975e-03
1.31965000e+03 9.35417000e+02 1.70688000e+03 2.21713758e-03 -1.53422905e-02 -1.24768747e-02
1.25027000e+03 8.67440000e+02 1.71725000e+03 2.51666544e-02 7.23851833e-03 1.11994095e-03
1.29440000e+03 8.55030000e+02 1.75475000e+03 5.16450575e-03 1.42889365e-02 -3.26839774e-03
1.35096000e+03 8.49200000e+02 1.73900000e+03 -1.69204311e-02 6.13805959e-03 -2.38605296e-02
1.29425000e+03 9.05150000e+02 1.74366000e+03 7.07197233e-03 -4.67152968e-04 -2.39651530e-04
1.26779000e+03 9.47216000e+02 1.70309000e+03 2.30448997e-02 -1.45279068e-02 2.49070030e-03
1.34958000e+03 8.77945000e+02 1.75100000e+03 -1.73592451e-02 4.33625747e-03 -1.60527647e-02
1.34517000e+03 9.45666000e+02 1.74071000e+03 -1.37029651e-02 -1.04687709e-02 -6.97394457e-03
1.34826000e+03 9.39474000e+02 1.72253000e+03 -1.34342088e-02 -1.32768304e-02 -1.46955403e-02
1.27879000e+03 8.68839000e+02 1.71826000e+03 1.55036379e-02 3.86917510e-03 -7.70960829e-03
1.27442000e+03 8.97215000e+02 1.74229000e+03 1.44594614e-02 2.87348485e-03 3.08343666e-03
1.30040000e+03 9.19207000e+02 1.70676000e+03 9.34503215e-03 -1.09911769e-02 -1.03472127e-02
1.35288000e+03 8.54299000e+02 1.75769000e+03 -1.94694754e-02 1.04522037e-02 -1.70923725e-02
1.32270000e+03 8.82246000e+02 1.71529000e+03 -7.93379536e-04 -4.09416904e-03 -1.98156582e-02
1.35020000e+03 9.12177000e+02 1.72892000e+03 -1.50240995e-02 -7.89531642e-03 -1.76114268e-02
1.33569000e+03 9.15178000e+02 1.73140000e+03 -8.51122351e-03 -5.50711806e-03 -1.27145631e-02
1.32569000e+03 9.47112000e+02 1.72256000e+03 -2.71948934e-03 -1.32901667e-02 -6.74777353e-03
1.30940000e+03 8.50049000e+02 1.73375000e+03 1.40491054e-03 8.32697717e-03 -1.37057703e-02
1.28814000e+03 8.76568000e+02 1.73356000e+03 1.07077187e-02 4.15585625e-03 -5.68412277e-03
1.31588000e+03 8.65336000e+02 1.73319000e+03 -3.13602940e-04 4.83621737e-03 -1.43309442e-02
1.30140000e+03 9.15646000e+02 1.72301000e+03 6.38826106e-03 -6.74769525e-03 -6.49429087e-03
1.32857000e+03 8.47092000e+02 1.72030000e+03 -5.01440190e-03 2.65628108e-03 -2.34013519e-02
1.31293000e+03 9.03067000e+02 1.72303000e+03 2.05572802e-03 -4.89884637e-03 -1.20411920e-02
1.33500000e+03 9.26228000e+02 1.72439000e+03 -7.15556731e-03 -9.95938938e-03 -1.30298107e-02
1.25575000e+03 8.75577000e+02 1.74310000e+03 2.09139640e-02 1.04350921e-02 5.93460263e-03
1.27077000e+03 8.69152000e+02 1.74790000e+03 1.49794547e-02 1.14998213e-02 2.02863274e-03
1.26717000e+03 9.44671000e+02 1.72218000e+03 2.05561581e-02 -9.75207286e-03 7.68742139e-03
1.32371000e+03 9.07365000e+02 1.71093000e+03 -1.15123483e-03 -1.00515109e-02 -1.74067188e-02
1.28487000e+03 9.47566000e+02 1.70208000e+03 1.69962747e-02 -1.54923702e-02 -2.35731357e-03
1.32522000e+03 8.81568000e+02 1.75100000e+03 -6.18520512e-03 4.39579102e-03 -9.61413672e-03
1.31007000e+03 8.83465000e+02 1.74944000e+03 4.37061628e-04 4.72789247e-03 -5.68893912e-03
1.34321000e+03 9.26379000e+02 1.70799000e+03 -8.61773993e-03 -1.50580377e-02 -2.01906191e-02
1.25184000e+03 9.38529000e+02 1.70267000e+03 2.81208417e-02 -1.13638644e-02 5.91031593e-03
1.35449000e+03 8.80218000e+02 1.71587000e+03 -1.48225672e-02 -6.09204259e-03 -2.83713247e-02
1.27340000e+03 8.93744000e+02 1.71150000e+03 1.89934450e-02 -2.79299903e-03 -5.21014670e-03
1.29355000e+03 9.33322000e+02 1.70330000e+03 1.30443126e-02 -1.39439751e-02 -6.41228850e-03
1.30951000e+03 9.48166000e+02 1.70222000e+03 7.35305656e-03 -1.75923724e-02 -8.15649838e-03
1.27154000e+03 9.21818000e+02 1.73378000e+03 1.70772710e-02 -3.87845774e-03 5.42791794e-03
1.34857000e+03 9.53435000e+02 1.70145000e+03 -9.05756588e-03 -2.19601840e-02 -1.82351812e-02
1.31903000e+03 9.16844000e+02 1.72886000e+03 -7.00136003e-04 -6.34789855e-03 -9.01053243e-03
1.32070000e+03 9.30555000e+02 1.74179000e+03 -2.84411887e-03 -7.13878824e-03 -2.73472718e-03
1.24640000e+03 9.36108000e+02 1.71713000e+03 2.84943095e-02 -7.24190193e-03 1.07668255e-02
1.33876000e+03 8.61850000e+02 1.75689000e+03 -1.25499891e-02 9.24042692e-03 -1.27582755e-02
1.29462000e+03 9.37805000e+02 1.73521000e+03 8.06071772e-03 -8.03518270e-03 2.37080229e-03
1.32982000e+03 9.44023000e+02 1.70365000e+03 -1.79430219e-03 -1.81417411e-02 -1.39416609e-02
1.30056000e+03 9.16248000e+02 1.74231000e+03 5.22051734e-03 -3.16401090e-03 -1.01473547e-03
1.24861000e+03 8.62810000e+02 1.74144000e+03 2.24800839e-02 1.48867180e-02 6.71094154e-03
1.31520000e+03 8.56292000e+02 1.72045000e+03 1.28490015e-03 2.25679510e-03 -1.90926553e-02
1.33569000e+03 8.52838000e+02 1.73217000e+03 -8.86140279e-03 4.99418287e-03 -2.13625423e-02
1.28541000e+03 8.96810000e+02 1.73026000e+03 1.19149844e-02 -9.62948451e-05 -2.80947117e-03
1.27878000e+03 8.84474000e+02 1.73145000e+03 1.41153247e-02 3.89509869e-03 -2.83960219e-03
1.27787000e+03 9.13595000e+02 1.70716000e+03 1.78377045e-02 -8.00344333e-03 -4.56884809e-03
1.35170000e+03 8.71091000e+02 1.73652000e+03 -1.65082791e-02 1.79463573e-03 -2.21469958e-02
1.27848000e+03 9.06663000e+02 1.72019000e+03 1.55895335e-02 -4.05581260e-03 -2.29803455e-03
1.33875000e+03 9.30141000e+02 1.74356000e+03 -1.10919266e-02 -6.25629972e-03 -7.33599122e-03
1.33545000e+03 8.78372000e+02 1.73312000e+03 -8.43128060e-03 9.50431330e-04 -1.82190241e-02
1.35301000e+03 9.05022000e+02 1.71271000e+03 -1.38963639e-02 -1.11593683e-02 -2.50958969e-02
1.31709000e+03 9.22176000e+02 1.70579000e+03 2.68642232e-03 -1.33553599e-02 -1.47717331e-02
1.26157000e+03 8.71438000e+02 1.71439000e+03 2.18652139e-02 4.19592157e-03 -3.26645802e-03
1.28373000e+03 9.19277000e+02 1.72271000e+03 1.37055336e-02 -6.26439100e-03 -1.74245606e-03
1.26089000e+03 8.69827000e+02 1.73059000e+03 2.06629693e-02 8.58895245e-03 5.45197370e-04
1.24774000e+03 9.12557000e+02 1.70562000e+03 2.81873932e-02 -5.06340497e-03 4.04633981e-03
1.26147000e+03 9.33186000e+02 1.72605000e+03 2.17888654e-02 -6.91740599e-03 8.33696096e-03
1.31342000e+03 8.97562000e+02 1.70947000e+03 3.71282791e-03 -8.42438321e-03 -1.65247375e-02
1.29132000e+03 8.63407000e+02 1.73451000e+03 8.91167316e-03 7.71306920e-03 -7.84262962e-03
1.32566000e+03 8.67766000e+02 1.75501000e+03 -6.97397204e-03 8.59525004e-03 -9.72748538e-03
1.30312000e+03 8.71979000e+02 1.75308000e+03 2.47565405e-03 8.41827023e-03 -3.74984399e-03
1.33790000e+03 9.00811000e+02 1.71130000e+03 -6.94962296e-03 -9.87399729e-03 -2.18429356e-02
1.29431000e+03 8.86881000e+02 1.72747000e+03 9.02835970e-03 2.04336094e-04 -7.34749671e-03
1.27568000e+03 9.51096000e+02 1.72887000e+03 1.65909756e-02 -1.03791865e-02 8.06755007e-03
1.29729000e+03 8.93664000e+02 1.74935000e+03 5.00553010e-03 3.17824559e-03 -1.42282408e-03
1.27009000e+03 8.57969000e+02 1.73610000e+03 1.58526051e-02 1.21189093e-02 -1.70565666e-03
1.34286000e+03 8.57557000e+02 1.71861000e+03 -1.06080494e-02 -1.31441160e-03 -2.68179855e-02
1.24863000e+03 8.87565000e+02 1.73803000e+03 2.39287639e-02 6.64856217e-03 8.03754799e-03
1.28933000e+03 9.41736000e+02 1.71698000e+03 1.29797952e-02 -1.19823836e-02 -4.14718926e-04
1.25467000e+03 9.46680000e+02 1.71870000e+03 2.56685984e-02 -9.80071086e-03 1.10187737e-02
1.25425000e+03 8.81973000e+02 1.71130000e+03 2.47056295e-02 1.64411071e-03 -7.72913693e-04
1.33455000e+03 8.47668000e+02 1.75942000e+03 -1.14002737e-02 1.32726064e-02 -1.27289773e-02
1.31275000e+03 8.98326000e+02 1.74880000e+03 -5.69130571e-04 7.51204340e-04 -4.25095543e-03
1.25533000e+03 8.53408000e+02 1.71710000e+03 2.29977490e-02 9.97707302e-03 -1.95933796e-03
1.34007000e+03 9.11579000e+02 1.70762000e+03 -7.20615941e-03 -1.33010988e-02 -2.17490793e-02
1.25962000e+03 8.54899000e+02 1.73066000e+03 2.00320390e-02 1.27744608e-02 -1.45894486e-04
1.32882000e+03 9.44500000e+02 1.74177000e+03 -6.74549680e-03 -9.95940248e-03 -2.58109178e-03
1.31229000e+03 9.19709000e+02 1.74420000e+03 4.43477774e-05 -3.82637646e-03 -1.85056504e-03
1.33877000e+03 8.99985000e+02 1.74917000e+03 -1.21162206e-02 6.38355395e-04 -1.00854102e-02
1.27088000e+03 8.50947000e+02 1.71910000e+03 1.73140850e-02 8.67153871e-03 -6.76892023e-03
1.24723000e+03 8.89606000e+02 1.72214000e+03 2.59742898e-02 3.68296893e-03 5.23368241e-03
1.30768000e+03 9.35984000e+02 1.74020000e+03 2.07448591e-03 -8.19314418e-03 -5.43791641e-05
1.29737000e+03 8.59337000e+02 1.71787000e+03 8.93398120e-03 2.79136450e-03 -1.38734980e-02
1.26652000e+03 8.55055000e+02 1.75072000e+03 1.57507555e-02 1.64403318e-02 3.13573542e-03
1.25580000e+03 9.25922000e+02 1.70199000e+03 2.63155974e-02 -9.55653220e-03 2.49484408e-03
1.34783000e+03 9.51849000e+02 1.77919000e+03 -2.80805766e-02 -2.16863283e-03 2.54889233e-03
1.34178000e+03 8.71796000e+02 1.79080000e+03 -2.36909364e-02 1.22878203e-02 -2.54677669e-03
1.34631000e+03 9.33644000e+02 1.77854000e+03 -2.56030564e-02 -8.91188541e-04 -1.91590634e-04
1.34331000e+03 9.03228000e+02 1.78643000e+03 -2.55957045e-02 4.74921688e-03 -5.11351071e-04
1.32546000e+03 8.47980000e+02 1.79368000e+03 -1.69259708e-02 1.85080226e-02 -7.70121521e-04
1.32916000e+03 8.84308000e+02 1.78524000e+03 -1.89227541e-02 8.44730804e-03 -4.06616217e-04
1.32330000e+03 9.34885000e+02 1.77385000e+03 -1.54290549e-02 -4.01297563e-03 5.03020467e-03
1.31547000e+03 8.64967000e+02 1.78291000e+03 -1.11137100e-02 1.27847367e-02 7.82750183e-04
1.32638000e+03 9.14984000e+02 1.77688000e+03 -1.68700409e-02 6.82880004e-04 1.94768321e-03
1.34284000e+03 8.87399000e+02 1.79147000e+03 -2.63278943e-02 9.31760085e-03 -1.46631525e-03
1.34703000e+03 8.47079000e+02 1.78133000e+03 -2.10727619e-02 1.70431275e-02 -9.30170855e-03
1.31281000e+03 9.44065000e+02 1.76913000e+03 -1.07012100e-02 -5.74946246e-03 7.77048385e-03
1.31288000e+03 8.98301000e+02 1.77711000e+03 -1.04794689e-02 2.75327543e-03 3.16361054e-03
1.29975000e+03 8.54598000e+02 1.78190000e+03 -3.68806738e-03 1.61130114e-02 2.83421381e-03
1.29979000e+03 8.76661000e+02 1.77844000e+03 -4.40757349e-03 8.78301296e-03 4.41795352e-03
1.31332000e+03 9.25226000e+02 1.77367000e+03 -1.09808896e-02 -1.24432001e-03 5.29537358e-03
1.35121000e+03 8.89224000e+02 1.77656000e+03 -2.42548640e-02 7.63195002e-03 -6.49798559e-03
1.34288000e+03 9.41328000e+02 1.76373000e+03 -1.94554268e-02 -4.39417238e-03 -6.58972234e-04
1.33311000e+03 9.46707000e+02 1.78854000e+03 -2.56609585e-02 -3.61189272e-03 7.08952901e-03
1.35364000e+03 9.04689000e+02 1.80369000e+03 -3.61984521e-02 1.05453322e-02 1.23748593e-03
1.29085000e+03 9.49018000e+02 1.76094000e+03 1.14150687e-03 -8.51333007e-03 1.22699472e-02
1.32890000e+03 8.98485000e+02 1.78007000e+03 -1.75990816e-02 4.37427349e-03 9.28359306e-04
1.30012000e+03 9.33790000e+02 1.76495000e+03 -2.76010410e-03 -5.16948317e-03 8.19790867e-03
1.32523000e+03 8.64912000e+02 1.79749000e+03 -2.07069425e-02 1.34800486e-02 1.72258477e-03
1.30123000e+03 9.08555000e+02 1.77180000e+03 -5.08184326e-03 5.23011994e-04 5.50231902e-03
1.32985000e+03 8.59201000e+02 1.77908000e+03 -1.41359358e-02 1.36697180e-02 -3.65110341e-03
1.34601000e+03 9.40996000e+02 1.79476000e+03 -3.20394608e-02 3.21497013e-04 3.62386131e-03
1.28771000e+03 8.65351000e+02 1.77880000e+03 4.60489085e-04 1.33248764e-02 5.99337294e-03
1.29991000e+03 8.91584000e+02 1.77576000e+03 -5.47534858e-03 5.47602697e-03 5.08186552e-03
1.34066000e+03 9.17165000e+02 1.77153000e+03 -2.02901608e-02 4.43954188e-04 -2.60909638e-03
1.33485000e+03 9.21381000e+02 1.78947000e+03 -2.48954366e-02 8.50004063e-04 2.98463192e-03
1.27594000e+03 9.42762000e+02 1.75721000e+03 9.37963793e-03 -7.10809673e-03 1.46631339e-02
1.34033000e+03 8.79587000e+02 1.77763000e+03 -1.95843381e-02 8.83070502e-03 -5.28529242e-03
1.33172000e+03 8.96680000e+02 1.79491000e+03 -2.47719762e-02 5.69958783e-03 3.13555318e-03
1.31006000e+03 8.53695000e+02 1.79618000e+03 -1.38152388e-02 1.69173566e-02 3.81502640e-03
1.29229000e+03 9.21165000e+02 1.76586000e+03 3.42786049e-04 -3.51609888e-03 7.84370584e-03
1.25473000e+03 9.50225000e+02 1.74504000e+03 2.16811359e-02 -7.87574313e-03 1.80211603e-02
1.28613000e+03 8.81289000e+02 1.77522000e+03 9.84531926e-04 8.06364484e-03 7.23227415e-03
1.33000000e+03 8.80538000e+02 1.79909000e+03 -2.42530499e-02 9.85643647e-03 2.70065221e-03
1.33619000e+03 9.51881000e+02 1.76310000e+03 -1.70587263e-02 -6.81073512e-03 2.48233634e-03
1.26386000e+03 9.39786000e+02 1.75003000e+03 1.73967597e-02 -6.44375153e-03 1.50077105e-02
1.28677000e+03 8.95781000e+02 1.77062000e+03 1.22564752e-03 3.67422222e-03 7.15002227e-03
1.34677000e+03 8.62288000e+02 1.77900000e+03 -2.10694587e-02 1.29710600e-02 -7.25085064e-03
1.27923000e+03 8.53437000e+02 1.77981000e+03 4.04299878e-03 1.74491218e-02 7.30865408e-03
1.35355000e+03 9.04121000e+02 1.77196000e+03 -2.52989021e-02 4.20813548e-03 -7.81361022e-03
1.30962000e+03 8.83104000e+02 1.78615000e+03 -1.27639980e-02 7.68854486e-03 4.31108983e-03
1.27258000e+03 8.67678000e+02 1.77534000e+03 6.04623544e-03 1.43682693e-02 9.18338366e-03
1.31595000e+03 8.76028000e+02 1.77451000e+03 -8.80928092e-03 9.04341373e-03 -6.29353052e-04
1.32620000e+03 9.43012000e+02 1.76352000e+03 -1.27139839e-02 -6.27836202e-03 3.80737020e-03
1.31620000e+03 8.49545000e+02 1.77996000e+03 -8.08924207e-03 1.65431835e-02 -2.28131689e-03
1.35137000e+03 8.60902000e+02 1.79469000e+03 -2.79505379e-02 1.72150222e-02 -4.38455314e-03
1.33089000e+03 9.34496000e+02 1.78747000e+03 -2.39206082e-02 -2.20380414e-03 5.47641952e-03
1.33511000e+03 9.30630000e+02 1.76530000e+03 -1.69642884e-02 -3.16514231e-03 -9.49184640e-04
1.31655000e+03 9.09668000e+02 1.76666000e+03 -7.78525461e-03 -7.39185682e-05 7.10206460e-04
1.27332000e+03 8.92400000e+02 1.76944000e+03 5.96428492e-03 5.58322313e-03 9.94579672e-03
1.28519000e+03 9.34226000e+02 1.76276000e+03 3.39658518e-03 -5.06539629e-03 1.13168845e-02
1.27729000e+03 9.20692000e+02 1.76226000e+03 7.54806688e-03 -3.62889651e-03 1.10174814e-02
1.32511000e+03 9.21284000e+02 1.76622000e+03 -1.14709848e-02 -1.69623368e-03 5.01209339e-04
1.24996000e+03 9.35581000e+02 1.74545000e+03 2.33526565e-02 -4.32777398e-03 1.70125662e-02
1.31807000e+03 8.76564000e+02 1.79395000e+03 -1.83205234e-02 1.00579057e-02 3.75417052e-03
1.31998000e+03 9.45320000e+02 1.78361000e+03 -1.92734808e-02 -5.69224123e-03 9.12332296e-03
1.34497000e+03 9.28790000e+02 1.79724000e+03 -3.21749918e-02 2.13269592e-03 2.84592486e-03
1.26491000e+03 8.57502000e+02 1.77339000e+03 1.09388433e-02 1.92052368e-02 1.04939588e-02
1.32817000e+03 9.09488000e+02 1.78935000e+03 -2.20766691e-02 1.27644337e-03 4.35819626e-03
1.33963000e+03 9.51797000e+02 1.79694000e+03 -3.15145018e-02 -2.93665412e-03 6.88378830e-03
1.32178000e+03 9.27543000e+02 1.78390000e+03 -1.92479615e-02 -2.64306387e-03 5.71024767e-03
1.26722000e+03 8.79065000e+02 1.77027000e+03 8.98132264e-03 1.12665924e-02 1.04355930e-02
1.28468000e+03 9.08499000e+02 1.76886000e+03 1.78318469e-03 -6.37380439e-04 8.47009768e-03
1.30450000e+03 9.49379000e+02 1.75982000e+03 -3.52465473e-03 -7.76503228e-03 8.85672195e-03
1.27048000e+03 9.29758000e+02 1.75624000e+03 1.34280822e-02 -4.26305575e-03 1.35498126e-02
1.33446000e+03 8.49011000e+02 1.77943000e+03 -1.49980820e-02 1.61793449e-02 -6.34051027e-03
1.27056000e+03 9.07486000e+02 1.76442000e+03 9.09727977e-03 1.41642019e-03 1.12790559e-02
1.33771000e+03 8.57834000e+02 1.79317000e+03 -2.21982890e-02 1.64607471e-02 -2.49631049e-03
1.30286000e+03 8.67565000e+02 1.79064000e+03 -1.08756635e-02 1.19750782e-02 5.31782582e-03
1.29413000e+03 8.47246000e+02 1.79301000e+03 -6.68555919e-03 1.91196440e-02 6.36380569e-03
1.29690000e+03 9.46449000e+02 1.77288000e+03 -7.61925976e-03 -7.63243660e-03 1.31947779e-02
1.34151000e+03 9.13253000e+02 1.79777000e+03 -3.07040310e-02 3.93129903e-03 3.44746813e-03
1.31511000e+03 9.11515000e+02 1.78183000e+03 -1.46574194e-02 -1.64298207e-04 5.26758292e-03
1.25204000e+03 8.85212000e+02 1.76368000e+03 1.71375274e-02 1.10983199e-02 1.53408650e-02
1.25703000e+03 8.67897000e+02 1.76890000e+03 1.41801794e-02 1.70129255e-02 1.20268850e-02
1.34038000e+03 9.02302000e+02 1.77174000e+03 -1.82602914e-02 3.81255963e-03 -4.17258122e-03
1.30509000e+03 8.64377000e+02 1.77481000e+03 -3.04647294e-03 1.19416161e-02 1.39367984e-03
1.31697000e+03 9.34675000e+02 1.76297000e+03 -8.14306717e-03 -4.69421718e-03 4.05922363e-03
1.26328000e+03 9.18422000e+02 1.75854000e+03 1.44305580e-02 -1.47127010e-03 1.32062916e-02
1.26078000e+03 8.94379000e+02 1.76556000e+03 1.19537569e-02 6.39136072e-03 1.25048127e-02
1.30987000e+03 8.85936000e+02 1.77050000e+03 -5.76061407e-03 7.04092553e-03 1.42714056e-03
1.25230000e+03 9.23874000e+02 1.75115000e+03 2.05855856e-02 -1.42084880e-03 1.57266247e-02
1.31785000e+03 9.51938000e+02 1.75981000e+03 -8.15090588e-03 -8.13623991e-03 6.80490574e-03
1.31882000e+03 8.54371000e+02 1.80488000e+03 -2.13703575e-02 1.63509540e-02 3.53388801e-03
1.35466000e+03 8.95775000e+02 1.78986000e+03 -3.08177606e-02 9.57223491e-03 -3.41605756e-03
1.30138000e+03 9.22968000e+02 1.77583000e+03 -8.35071279e-03 -3.58194338e-03 8.03245209e-03
1.35059000e+03 9.31497000e+02 1.76407000e+03 -2.27405078e-02 -3.20527241e-03 -5.11486594e-03
1.30611000e+03 9.54856000e+02 1.77923000e+03 -1.40824790e-02 -7.61977731e-03 1.34969017e-02
1.33776000e+03 8.91519000e+02 1.77811000e+03 -1.97938831e-02 6.06101786e-03 -3.50645800e-03
1.35059000e+03 8.73804000e+02 1.77550000e+03 -2.24229419e-02 1.09936232e-02 -7.89888986e-03
1.32858000e+03 8.71687000e+02 1.77828000e+03 -1.48411000e-02 1.06947435e-02 -2.83765203e-03
1.24566000e+03 8.72083000e+02 1.76258000e+03 1.98237192e-02 1.74716011e-02 1.54557300e-02
1.34097000e+03 8.45684000e+02 1.79671000e+03 -2.31646747e-02 1.99409656e-02 -3.49994490e-03
1.30840000e+03 9.36860000e+02 1.77692000e+03 -1.21551557e-02 -3.87099627e-03 8.90254361e-03
1.32598000e+03 8.87262000e+02 1.77223000e+03 -1.21487357e-02 5.98495323e-03 -2.49094885e-03
1.24526000e+03 8.98551000e+02 1.75707000e+03 2.27264280e-02 5.70190969e-03 1.64208051e-02
1.34136000e+03 8.96440000e+02 1.80245000e+03 -3.13870847e-02 8.92880130e-03 2.84880159e-03
1.25288000e+03 8.53203000e+02 1.76830000e+03 1.75730415e-02 2.16265553e-02 1.15899412e-02
1.25572000e+03 9.07037000e+02 1.75859000e+03 1.69410564e-02 1.46645197e-03 1.43260714e-02
1.33272000e+03 9.27646000e+02 1.77694000e+03 -1.92395953e-02 -9.61590088e-04 2.58656694e-03
1.30706000e+03 9.18442000e+02 1.76444000e+03 -4.11185110e-03 -1.71444040e-03 3.54371732e-03
1.32657000e+03 9.05667000e+02 1.76823000e+03 -1.20422947e-02 1.90775142e-03 -9.81218656e-04
1.33398000e+03 9.42751000e+02 1.77499000e+03 -2.06387145e-02 -2.68849308e-03 4.49574903e-03
1.32006000e+03 8.92955000e+02 1.79068000e+03 -1.91014599e-02 4.85551518e-03 4.25742718e-03
1.28011000e+03 9.52152000e+02 1.76615000e+03 1.16452614e-03 -1.08520045e-02 1.67038032e-02
1.31213000e+03 8.64932000e+02 1.79948000e+03 -1.74385391e-02 1.34308128e-02 5.24932203e-03
1.29849000e+03 9.31025000e+02 1.79865000e+03 -2.23679977e-02 -1.06331586e-02 1.34481593e-02
1.30353000e+03 9.44282000e+02 1.80226000e+03 -2.66105090e-02 -1.65973114e-02 1.51804056e-02
1.29214000e+03 9.52154000e+02 1.79685000e+03 -2.17311799e-02 -2.09260285e-02 1.86171288e-02
1.28608000e+03 9.32220000e+02 1.79108000e+03 -1.36675288e-02 -1.15501705e-02 1.58464521e-02
1.28450000e+03 9.44963000e+02 1.79026000e+03 -1.50465136e-02 -1.70901805e-02 1.81420163e-02
1.25261000e+03 8.59205000e+02 1.79246000e+03 6.21215179e-03 2.09656093e-02 2.03012425e-02
1.27496000e+03 9.37281000e+02 1.78517000e+03 -7.74733532e-03 -1.46076948e-02 1.83024984e-02
1.26399000e+03 8.56848000e+02 1.79959000e+03 -7.27538995e-04 2.05074816e-02 1.91856376e-02
1.29658000e+03 9.11687000e+02 1.79899000e+03 -2.05057598e-02 -2.78520561e-03 1.32089362e-02
1.26358000e+03 9.43231000e+02 1.77854000e+03 -1.51736860e-03 -1.41256573e-02 2.03226562e-02
1.28566000e+03 9.19316000e+02 1.79167000e+03 -1.32586720e-02 -6.38451195e-03 1.48333049e-02
1.26309000e+03 8.69857000e+02 1.79537000e+03 -9.07048441e-04 1.59647289e-02 1.89566434e-02
1.27475000e+03 8.67407000e+02 1.80138000e+03 -6.69971372e-03 1.47556401e-02 1.65305541e-02
1.24869000e+03 8.76242000e+02 1.78835000e+03 7.41185356e-03 1.68757589e-02 2.23784453e-02
1.26961000e+03 9.09400000e+02 1.78810000e+03 -5.00576020e-03 -1.23544234e-03 1.78844092e-02
