x y z dx dy dz  # rigid-removed deformational residual
1.27857000e+03 9.37489000e+02 1.80049000e+03 -1.66717612e-02 -1.86578949e-02 2.22743988e-02
1.27845000e+03 9.13058000e+02 1.80238000e+03 -1.45006584e-02 -2.02835827e-03 1.73289941e-02
1.27725000e+03 9.49092000e+02 1.80164000e+03 -1.70597528e-02 -2.57332542e-02 2.35999308e-02
1.26930000e+03 9.43464000e+02 1.79571000e+03 -1.23526921e-02 -2.13256182e-02 2.42736774e-02
1.26805000e+03 9.54943000e+02 1.79745000e+03 -1.63531288e-02 -2.68783561e-02 2.58610132e-02
1.27024000e+03 9.31284000e+02 1.79589000e+03 -9.12467054e-03 -1.24607682e-02 2.24416930e-02
1.26002000e+03 9.49803000e+02 1.79096000e+03 -9.21103681e-03 -2.16833086e-02 2.42765853e-02
1.25233000e+03 9.31123000e+02 1.78634000e+03 -6.01850901e-05 -1.00268906e-02 2.36999351e-02
1.25304000e+03 9.19488000e+02 1.78895000e+03 6.04557064e-04 -4.88945575e-03 2.32855829e-02
1.25377000e+03 9.08542000e+02 1.79224000e+03 -1.77542829e-03 1.23842622e-03 2.38907520e-02
1.25458000e+03 8.97715000e+02 1.79585000e+03 -1.31732755e-03 6.51154113e-03 2.22811504e-02
1.24554000e+03 8.90874000e+02 1.79365000e+03 3.20150161e-03 1.00790300e-02 2.22411217e-02
1.25527000e+03 8.86549000e+02 1.79950000e+03 -6.97841018e-04 1.06279103e-02 2.12364364e-02
1.24614000e+03 8.79489000e+02 1.79735000e+03 2.44438752e-03 1.54427863e-02 2.21063617e-02
1.25574000e+03 8.75187000e+02 1.80304000e+03 1.43750520e-04 1.42308213e-02 2.03033378e-02
1.24680000e+03 8.67949000e+02 1.80101000e+03 4.33253198e-03 1.87324690e-02 2.01300490e-02
1.24750000e+03 8.56469000e+02 1.80454000e+03 3.00938261e-03 2.07227970e-02 1.94139899e-02
1.26356000e+03 9.04505000e+02 1.79785000e+03 -6.24014838e-03 2.61277010e-03 1.98527286e-02
1.26528000e+03 8.82142000e+02 1.80497000e+03 -5.53513626e-03 1.06011337e-02 1.88883277e-02
1.26238000e+03 9.14611000e+02 1.79465000e+03 -4.85482785e-03 -3.34874716e-03 2.36475393e-02
1.26480000e+03 8.93717000e+02 1.80144000e+03 -6.28103389e-03 6.49680928e-03 1.88498252e-02
1.27513000e+03 9.02031000e+02 1.80346000e+03 -1.27277573e-02 1.20641542e-03 1.66213894e-02
1.27918000e+03 9.25389000e+02 1.80094000e+03 -1.55222306e-02 -8.43702524e-03 2.09265419e-02
1.25136000e+03 9.43670000e+02 1.78504000e+03 3.68820320e-04 -1.49056428e-02 2.53684855e-02
1.26092000e+03 9.37425000e+02 1.79057000e+03 -4.84517025e-03 -1.42737241e-02 2.32550269e-02
1.26173000e+03 9.25535000e+02 1.79211000e+03 -4.46694980e-03 -8.53080084e-03 2.28810460e-02
1.27125000e+03 9.19382000e+02 1.79783000e+03 -1.10590103e-02 -4.15418851e-03 1.93627419e-02
1.27088000e+03 9.10241000e+02 1.79957000e+03 -9.05193263e-03 -5.91220381e-06 1.98047416e-02
1.27901000e+03 8.49672000e+02 1.79554000e+03 -2.40307959e-03 1.78116540e-02 7.43143292e-03
1.26873000e+03 8.46087000e+02 1.79072000e+03 3.22189976e-03 1.94757491e-02 8.02598259e-03
1.27167000e+03 8.57387000e+02 1.79019000e+03 1.17707598e-03 1.65480606e-02 9.01396747e-03
1.26134000e+03 8.53871000e+02 1.78554000e+03 6.66054558e-03 1.83497665e-02 9.72473691e-03
1.26424000e+03 8.65156000e+02 1.78512000e+03 4.69784746e-03 1.51449866e-02 1.02773641e-02
1.25388000e+03 8.61726000e+02 1.78063000e+03 1.04014733e-02 1.73603533e-02 1.16923702e-02
1.25103000e+03 8.50382000e+02 1.78079000e+03 1.17841776e-02 2.00725141e-02 1.07271001e-02
1.24640000e+03 8.69696000e+02 1.77590000e+03 1.34388152e-02 1.53066837e-02 1.35948410e-02
1.28206000e+03 8.60904000e+02 1.79469000e+03 -4.00503574e-03 1.41268265e-02 8.19566434e-03
1.31989000e+03 8.94057000e+02 1.80349000e+03 -2.02710366e-02 6.51317052e-03 7.80093202e-03
1.32305000e+03 9.05217000e+02 1.80164000e+03 -2.15269996e-02 3.83403005e-03 8.21707922e-03
1.31282000e+03 9.01504000e+02 1.79725000e+03 -1.68044411e-02 3.99190311e-03 8.41014569e-03
1.31582000e+03 9.12588000e+02 1.79573000e+03 -1.79662539e-02 8.86942117e-04 8.98023919e-03
1.30556000e+03 9.09255000e+02 1.79138000e+03 -1.33892757e-02 1.57579820e-03 9.32166173e-03
1.24868000e+03 9.44227000e+02 1.75877000e+03 1.60152298e-02 -8.42244091e-03 2.03890649e-02
1.25851000e+03 9.47715000e+02 1.76416000e+03 1.00431829e-02 -1.00644602e-02 1.96140151e-02
1.25588000e+03 9.36001000e+02 1.76374000e+03 1.14636285e-02 -6.38223845e-03 1.83027597e-02
1.26586000e+03 9.39420000e+02 1.76834000e+03 6.06767375e-03 -7.10933854e-03 1.76739713e-02
1.26309000e+03 9.27598000e+02 1.76895000e+03 7.48553932e-03 -3.90204393e-03 1.67076524e-02
1.27337000e+03 9.30914000e+02 1.77293000e+03 2.72512305e-03 -5.21088343e-03 1.50960054e-02
1.26976000e+03 9.18952000e+02 1.77400000e+03 3.95988728e-03 -2.36079211e-03 1.42867701e-02
1.30247000e+03 8.98022000e+02 1.79319000e+03 -1.26558737e-02 4.99250176e-03 8.70716022e-03
1.30828000e+03 9.20582000e+02 1.79027000e+03 -1.42642282e-02 -6.75836430e-04 9.79808588e-03
1.25213000e+03 9.24329000e+02 1.76483000e+03 1.34802373e-02 -3.29161219e-03 1.75477797e-02
1.27565000e+03 9.42844000e+02 1.77331000e+03 8.94520915e-04 -7.82827612e-03 1.74301573e-02
1.31802000e+03 9.23433000e+02 1.79484000e+03 -1.92445841e-02 -1.35988256e-03 9.74581776e-03
1.29512000e+03 9.05926000e+02 1.78756000e+03 -8.76120163e-03 2.26702367e-03 1.00563292e-02
1.29188000e+03 8.94596000e+02 1.78960000e+03 -8.44903167e-03 5.43231175e-03 9.82657067e-03
1.29919000e+03 8.86833000e+02 1.79529000e+03 -1.14545674e-02 7.22658263e-03 8.12026292e-03
1.28326000e+03 9.34295000e+02 1.77714000e+03 -1.85443697e-03 -5.08741500e-03 1.43710320e-02
1.28504000e+03 9.46146000e+02 1.77857000e+03 -4.86936127e-03 -8.09320342e-03 1.73701416e-02
1.31061000e+03 9.32209000e+02 1.79040000e+03 -1.52204411e-02 -2.43062520e-03 1.06753396e-02
1.27713000e+03 9.54374000e+02 1.77593000e+03 -1.60159507e-03 -1.08786057e-02 2.06392869e-02
1.28442000e+03 9.02568000e+02 1.78427000e+03 -4.63653100e-03 3.20152633e-03 1.04594931e-02
1.28110000e+03 8.91183000e+02 1.78632000e+03 -3.56120825e-03 5.45694536e-03 1.00048771e-02
1.27359000e+03 8.99185000e+02 1.78124000e+03 1.46680296e-04 3.04055600e-03 1.15404896e-02
1.33154000e+03 9.46388000e+02 1.80259000e+03 -2.47715062e-02 -9.12361227e-04 1.29159857e-02
1.30289000e+03 8.68135000e+02 1.80333000e+03 -1.32068670e-02 1.22385077e-02 7.56600255e-03
1.27032000e+03 8.87770000e+02 1.78306000e+03 5.34918959e-04 7.61802526e-03 1.16936835e-02
1.26283000e+03 8.95732000e+02 1.77816000e+03 3.86208777e-03 4.93792562e-03 1.36349848e-02
1.28767000e+03 9.14088000e+02 1.78235000e+03 -4.77097215e-03 -2.36447459e-04 1.14984599e-02
1.29414000e+03 9.49452000e+02 1.78413000e+03 -9.93614112e-03 -9.26189550e-03 1.72957417e-02
1.30071000e+03 9.29130000e+02 1.78562000e+03 -1.02168623e-02 -2.85044958e-03 1.13170259e-02
1.27778000e+03 8.79848000e+02 1.78805000e+03 -2.61292887e-03 8.86722366e-03 9.77214535e-03
1.29959000e+03 8.56957000e+02 1.80490000e+03 -1.20036115e-02 1.49494887e-02 6.21556359e-03
1.25960000e+03 8.84296000e+02 1.77953000e+03 5.70712773e-03 9.72389932e-03 1.30234398e-02
1.33116000e+03 9.34415000e+02 1.80115000e+03 -2.42638682e-02 1.26317531e-04 9.73158278e-03
1.26613000e+03 9.07248000e+02 1.77607000e+03 3.44101896e-03 7.38340944e-04 1.35307814e-02
1.25532000e+03 9.03554000e+02 1.77295000e+03 9.53895910e-03 3.12663534e-03 1.52403139e-02
1.32383000e+03 9.42378000e+02 1.79789000e+03 -2.18256517e-02 -2.29800146e-03 1.31854714e-02
1.25853000e+03 9.15198000e+02 1.77054000e+03 8.80948203e-03 -6.02818788e-04 1.57871213e-02
1.24687000e+03 9.11661000e+02 1.76659000e+03 1.40717212e-02 2.26849715e-04 1.74250618e-02
1.30291000e+03 9.41167000e+02 1.78704000e+03 -1.19000779e-02 -4.47072709e-03 1.36197052e-02
1.26795000e+03 9.51223000e+02 1.76988000e+03 4.54737565e-03 -1.03099400e-02 1.98005431e-02
1.27699000e+03 9.10706000e+02 1.77911000e+03 -4.47314370e-04 1.57443989e-04 1.21024556e-02
1.28855000e+03 8.83326000e+02 1.79164000e+03 -6.64768086e-03 8.24087111e-03 8.52244037e-03
1.30628000e+03 8.79281000e+02 1.80137000e+03 -1.49179098e-02 8.66855272e-03 7.44758851e-03
1.30962000e+03 8.90399000e+02 1.79925000e+03 -1.58372006e-02 6.53384470e-03 7.98955877e-03
1.33527000e+03 9.21857000e+02 1.80451000e+03 -2.60270824e-02 3.97990697e-03 8.31555179e-03
1.32622000e+03 9.16686000e+02 1.80044000e+03 -2.26864578e-02 2.07203071e-03 8.55124926e-03
1.29582000e+03 8.75656000e+02 1.79733000e+03 -1.01035363e-02 1.03065959e-02 7.69886493e-03
1.28034000e+03 9.22426000e+02 1.77747000e+03 -3.45232879e-04 -2.83391641e-03 1.24954404e-02
1.29811000e+03 9.17387000e+02 1.78603000e+03 -9.67926326e-03 -2.56796998e-04 1.00915619e-02
1.32207000e+03 9.52371000e+02 1.79948000e+03 -2.09424793e-02 -3.69154934e-03 1.61479837e-02
1.31387000e+03 9.44821000e+02 1.79323000e+03 -1.72813392e-02 -4.18896722e-03 1.41038868e-02
1.28929000e+03 8.53282000e+02 1.80027000e+03 -7.15051734e-03 1.67025506e-02 6.82042538e-03
1.24928000e+03 8.80939000e+02 1.77561000e+03 1.15838651e-02 1.08955316e-02 1.43797092e-02
1.29248000e+03 8.64476000e+02 1.79904000e+03 -8.79742681e-03 1.35841548e-02 7.40357819e-03
1.28524000e+03 8.72099000e+02 1.79339000e+03 -5.52437216e-03 1.04602322e-02 8.45794672e-03
1.24562000e+03 9.33034000e+02 1.75914000e+03 1.71292124e-02 -5.29296107e-03 1.97722151e-02
1.27471000e+03 8.68606000e+02 1.78937000e+03 -1.05469699e-03 1.25252660e-02 9.54834088e-03
1.26720000e+03 8.76433000e+02 1.78435000e+03 2.23824213e-03 1.19582156e-02 1.11000584e-02
1.29061000e+03 9.25811000e+02 1.78129000e+03 -5.37267153e-03 -2.73096280e-03 1.18895056e-02
1.29291000e+03 9.37740000e+02 1.78176000e+03 -6.96354293e-03 -5.16107411e-03 1.42714760e-02
1.25672000e+03 8.73044000e+02 1.78031000e+03 7.85679364e-03 1.39009857e-02 1.21290724e-02
1.25239000e+03 8.92063000e+02 1.77480000e+03 9.33779104e-03 7.43441589e-03 1.55320393e-02
1.30337000e+03 9.53258000e+02 1.79024000e+03 -1.44208928e-02 -7.22103962e-03 1.82146098e-02
1.32607000e+03 9.25806000e+02 1.79887000e+03 -2.19293166e-02 -1.87551381e-04 9.28628687e-03
1.24571000e+03 8.98893000e+02 1.77009000e+03 1.40060005e-02 5.07511458e-03 1.71973971e-02
1.32001000e+03 9.33461000e+02 1.79523000e+03 -1.97538673e-02 -2.20251132e-03 1.10420174e-02
1.34230000e+03 8.47115000e+02 1.76982000e+03 -1.52874018e-02 1.26142840e-02 -1.09295707e-02
1.33449000e+03 8.54317000e+02 1.76814000e+03 -1.20179460e-02 1.18446692e-02 -8.79804942e-03
1.34538000e+03 8.58312000e+02 1.76772000e+03 -1.65636174e-02 1.04994727e-02 -1.02282139e-02
1.33677000e+03 8.65823000e+02 1.76599000e+03 -1.25372896e-02 9.35082010e-03 -8.15423611e-03
1.34785000e+03 8.69634000e+02 1.76562000e+03 -1.72947895e-02 8.58483327e-03 -9.56888076e-03
1.33886000e+03 8.77239000e+02 1.76388000e+03 -1.37222970e-02 6.81676961e-03 -7.65702841e-03
1.35007000e+03 8.81031000e+02 1.76354000e+03 -1.85594318e-02 5.85872705e-03 -8.89982375e-03
1.34159000e+03 8.88747000e+02 1.76183000e+03 -1.51158490e-02 4.82179561e-03 -6.70879514e-03
1.35259000e+03 8.92524000e+02 1.76151000e+03 -1.99867252e-02 3.12983232e-03 -8.49696590e-03
1.34411000e+03 9.00458000e+02 1.75978000e+03 -1.58607225e-02 2.20045458e-03 -5.63800191e-03
1.34583000e+03 9.11917000e+02 1.75781000e+03 -1.59827403e-02 4.19767420e-05 -4.56953352e-03
1.33345000e+03 9.06839000e+02 1.75824000e+03 -1.10850813e-02 1.36455422e-03 -2.77506929e-03
1.33665000e+03 9.19619000e+02 1.75610000e+03 -1.30500664e-02 -9.82511444e-04 -1.92325964e-03
1.32555000e+03 9.15991000e+02 1.75619000e+03 -8.31186804e-03 -2.26045803e-04 -3.11594798e-04
1.32783000e+03 9.27621000e+02 1.75423000e+03 -9.44091856e-03 -2.84465510e-03 5.70751479e-04
1.31643000e+03 9.23854000e+02 1.75402000e+03 -4.07022947e-03 -1.74997964e-03 2.58107501e-03
1.31882000e+03 9.35405000e+02 1.75209000e+03 -5.20109575e-03 -3.61891772e-03 3.81561328e-03
1.30781000e+03 9.31481000e+02 1.75145000e+03 -4.55844838e-04 -3.80601315e-03 4.64751621e-03
1.30987000e+03 9.42970000e+02 1.74954000e+03 -1.46886087e-03 -5.46851025e-03 6.51915063e-03
1.29888000e+03 9.38898000e+02 1.74824000e+03 4.33118535e-03 -4.79906039e-03 6.68005236e-03
1.30087000e+03 9.50336000e+02 1.74650000e+03 3.13729786e-03 -6.84321966e-03 8.68028812e-03
1.28999000e+03 9.45964000e+02 1.74443000e+03 7.93624368e-03 -6.49995041e-03 9.95161340e-03
1.32101000e+03 9.47044000e+02 1.75024000e+03 -5.94774827e-03 -6.43080111e-03 5.85542581e-03
1.31460000e+03 9.12487000e+02 1.75608000e+03 -3.29580058e-03 3.85504755e-04 9.53124537e-04
1.28722000e+03 9.33457000e+02 1.74654000e+03 8.02849591e-03 -3.71018362e-03 7.55508020e-03
1.28135000e+03 9.53895000e+02 1.74024000e+03 1.10824705e-02 -8.43740692e-03 1.20799747e-02
1.32563000e+03 8.61751000e+02 1.76635000e+03 -7.87702836e-03 1.09457646e-02 -6.42915592e-03
1.25003000e+03 8.58891000e+02 1.75513000e+03 1.92965882e-02 1.57552641e-02 5.63941333e-03
1.24527000e+03 8.69083000e+02 1.75122000e+03 2.10983499e-02 1.31910274e-02 7.17268447e-03
1.25496000e+03 8.48721000e+02 1.75900000e+03 1.72052186e-02 1.83424292e-02 4.20756899e-03
1.25639000e+03 8.69416000e+02 1.75571000e+03 1.69034558e-02 1.32080366e-02 5.62344306e-03
1.25171000e+03 8.79665000e+02 1.75207000e+03 1.84775905e-02 9.32691708e-03 7.04542707e-03
1.26306000e+03 8.80114000e+02 1.75584000e+03 1.41165761e-02 9.19349964e-03 5.13440349e-03
1.25858000e+03 8.90478000e+02 1.75215000e+03 1.61101313e-02 6.24099490e-03 6.90268334e-03
1.26791000e+03 8.69566000e+02 1.75902000e+03 1.32516862e-02 1.23241753e-02 3.31850933e-03
1.27467000e+03 8.80201000e+02 1.75849000e+03 1.05871913e-02 9.63963929e-03 3.32630851e-03
1.27965000e+03 8.69420000e+02 1.76130000e+03 9.11241217e-03 1.17883333e-02 1.81233903e-03
1.28644000e+03 8.79832000e+02 1.76028000e+03 6.78956880e-03 8.60477262e-03 1.84255871e-03
1.28150000e+03 8.90908000e+02 1.75735000e+03 8.30874765e-03 6.12994697e-03 3.78253774e-03
1.24511000e+03 9.23117000e+02 1.73428000e+03 2.41684357e-02 -1.94716945e-03 1.15907576e-02
1.32918000e+03 8.85439000e+02 1.76199000e+03 -9.18245618e-03 5.43343852e-03 -4.92037239e-03
1.24703000e+03 9.41564000e+02 1.72835000e+03 2.45180627e-02 -7.02928335e-03 1.31793523e-02
1.29145000e+03 8.68955000e+02 1.76282000e+03 4.38409907e-03 1.09203512e-02 1.18275752e-04
1.28472000e+03 8.58799000e+02 1.76392000e+03 6.95706259e-03 1.40305162e-02 1.64632092e-04
1.29825000e+03 8.79073000e+02 1.76151000e+03 2.52926449e-03 8.56495576e-03 -1.26095913e-04
1.33911000e+03 9.31574000e+02 1.75414000e+03 -1.34288040e-02 -3.11766329e-03 -7.28399830e-04
1.29648000e+03 8.58330000e+02 1.76525000e+03 2.95181804e-03 1.29747482e-02 -1.80543433e-03
1.28991000e+03 8.48372000e+02 1.76655000e+03 5.24881633e-03 1.65695605e-02 -1.94032669e-03
1.27808000e+03 8.48660000e+02 1.76488000e+03 9.64421744e-03 1.64942858e-02 2.60841999e-04
1.35271000e+03 9.47339000e+02 1.75196000e+03 -1.87723993e-02 -7.13563560e-03 -3.01773746e-04
1.24944000e+03 9.06589000e+02 1.74333000e+03 2.11398519e-02 2.33639467e-03 9.27040458e-03
1.31319000e+03 8.47948000e+02 1.76846000e+03 -3.81748250e-03 1.49970118e-02 -6.13608378e-03
1.25334000e+03 9.52136000e+02 1.72901000e+03 2.28525538e-02 -9.37790835e-03 1.44756927e-02
1.25793000e+03 9.41898000e+02 1.73321000e+03 2.06884252e-02 -6.43602130e-03 1.19177303e-02
1.26430000e+03 9.52176000e+02 1.73382000e+03 1.86035706e-02 -8.83294289e-03 1.32984199e-02
1.26846000e+03 9.42024000e+02 1.73764000e+03 1.58263958e-02 -5.90690602e-03 1.08940701e-02
1.26268000e+03 9.32159000e+02 1.73841000e+03 1.80005238e-02 -4.00263505e-03 1.00415025e-02
1.27404000e+03 9.32456000e+02 1.74263000e+03 1.34361199e-02 -4.11637431e-03 8.77341887e-03
1.26717000e+03 9.22539000e+02 1.74374000e+03 1.50323224e-02 -1.67089754e-03 8.77356855e-03
1.27909000e+03 9.22402000e+02 1.74755000e+03 1.12530159e-02 -1.83214046e-03 6.78846325e-03
1.27176000e+03 9.12284000e+02 1.74905000e+03 1.31012366e-02 5.49758934e-04 6.71198551e-03
1.28380000e+03 9.12020000e+02 1.75202000e+03 9.40685455e-03 4.14409887e-04 5.23179141e-03
1.27669000e+03 9.01736000e+02 1.75372000e+03 1.12894795e-02 3.11177579e-03 5.55167617e-03
1.28849000e+03 9.01212000e+02 1.75584000e+03 6.36223575e-03 3.31418257e-03 2.99422947e-03
1.29560000e+03 9.11346000e+02 1.75423000e+03 4.11002579e-03 5.79825003e-04 3.03489193e-03
1.30036000e+03 9.00652000e+02 1.75730000e+03 1.58605825e-03 3.05231727e-03 1.24592281e-03
1.26538000e+03 9.02246000e+02 1.75079000e+03 1.42800106e-02 3.29148375e-03 6.45499228e-03
1.29335000e+03 8.90223000e+02 1.75890000e+03 4.18539380e-03 5.48281695e-03 1.53172423e-03
1.30527000e+03 8.89402000e+02 1.76001000e+03 -9.91868238e-05 5.87132410e-03 -4.89817754e-04
1.30979000e+03 8.77709000e+02 1.76253000e+03 -1.76421991e-03 8.86826664e-03 -2.19904885e-03
1.31281000e+03 9.00669000e+02 1.75829000e+03 -3.10408594e-03 3.01488247e-03 -4.81669562e-04
1.29121000e+03 9.21441000e+02 1.75080000e+03 6.88885284e-03 -1.81214917e-03 5.01230737e-03
1.31712000e+03 8.87971000e+02 1.76098000e+03 -4.85206600e-03 6.10825150e-03 -2.25668443e-03
1.32494000e+03 8.97254000e+02 1.75961000e+03 -7.79966213e-03 3.19644275e-03 -2.74631685e-03
1.25615000e+03 9.22891000e+02 1.73936000e+03 1.95817854e-02 -2.45408680e-03 9.81670535e-03
1.33228000e+03 9.51095000e+02 1.75044000e+03 -1.03583666e-02 -7.26597454e-03 4.60923955e-03
1.31194000e+03 9.54560000e+02 1.74784000e+03 -2.09741594e-03 -8.24468473e-03 8.43657936e-03
1.33011000e+03 9.39368000e+02 1.75232000e+03 -9.98475694e-03 -5.53014865e-03 2.33778693e-03
1.30411000e+03 9.20048000e+02 1.75336000e+03 9.57806652e-04 -9.81906134e-04 3.10194344e-03
1.25892000e+03 9.11699000e+02 1.74513000e+03 1.76529293e-02 4.43986938e-04 8.40137671e-03
1.26133000e+03 8.59066000e+02 1.75908000e+03 1.57249487e-02 1.60966807e-02 4.27376349e-03
1.26640000e+03 8.48772000e+02 1.76243000e+03 1.38237733e-02 1.77981534e-02 2.72535962e-03
1.27295000e+03 8.59051000e+02 1.76195000e+03 1.10849983e-02 1.46373662e-02 1.94749272e-03
1.34815000e+03 9.23732000e+02 1.75583000e+03 -1.80878703e-02 -2.11953275e-03 -3.20122307e-03
1.32764000e+03 8.72704000e+02 1.76433000e+03 -9.35929753e-03 8.81563028e-03 -5.71460128e-03
1.35046000e+03 9.35572000e+02 1.75388000e+03 -1.81076360e-02 -4.87900932e-03 -1.56511859e-03
1.25168000e+03 9.32013000e+02 1.73372000e+03 2.21018769e-02 -4.08546885e-03 1.13822483e-02
1.26988000e+03 8.91059000e+02 1.75516000e+03 1.23275705e-02 6.27943560e-03 5.36957370e-03
1.34139000e+03 9.43375000e+02 1.75221000e+03 -1.42455834e-02 -5.71560314e-03 1.29513062e-03
1.30175000e+03 8.47927000e+02 1.76771000e+03 4.48761854e-04 1.53450912e-02 -3.74894385e-03
1.30325000e+03 8.68208000e+02 1.76391000e+03 6.02304369e-04 1.13707737e-02 -2.35769475e-03
1.31572000e+03 8.67430000e+02 1.76481000e+03 -4.12510317e-03 1.09086036e-02 -4.19445067e-03
1.24736000e+03 8.89487000e+02 1.74796000e+03 2.10168656e-02 6.27031495e-03 8.71582686e-03
1.27899000e+03 9.43014000e+02 1.74143000e+03 1.15414491e-02 -5.91407221e-03 9.90052983e-03
1.32421000e+03 8.50188000e+02 1.76856000e+03 -7.62354510e-03 1.37616938e-02 -7.49816051e-03
1.25499000e+03 8.99798000e+02 1.74814000e+03 1.81324789e-02 3.83500014e-03 7.71644091e-03
1.30784000e+03 8.57722000e+02 1.76621000e+03 -1.35949903e-03 1.36222627e-02 -3.90592308e-03
1.33470000e+03 8.95804000e+02 1.76029000e+03 -1.21790369e-02 3.98186515e-03 -4.98721286e-03
1.32243000e+03 9.06812000e+02 1.75770000e+03 -6.94396519e-03 1.56505374e-03 -1.25247519e-03
1.31943000e+03 8.78348000e+02 1.76291000e+03 -5.79132173e-03 8.20735630e-03 -3.67633768e-03
1.31733000e+03 8.56993000e+02 1.76690000e+03 -4.98791540e-03 1.30277221e-02 -5.65570681e-03
1.24864000e+03 9.14865000e+02 1.73951000e+03 2.21272388e-02 1.59230189e-04 1.02322792e-02
1.29790000e+03 9.29131000e+02 1.75022000e+03 4.16655507e-03 -3.10025656e-03 5.78998689e-03
1.30510000e+03 9.09991000e+02 1.75571000e+03 4.42755822e-04 1.29054959e-03 1.77422535e-03
1.35217000e+03 8.50273000e+02 1.76951000e+03 -1.91360253e-02 1.20166166e-02 -1.23520641e-02
1.27275000e+03 9.50877000e+02 1.73747000e+03 1.45403980e-02 -7.68063033e-03 1.21658530e-02
1.24504000e+03 8.89476000e+02 1.69991000e+03 2.68729959e-02 -5.78558437e-03 -1.82658734e-03
1.25291000e+03 8.98565000e+02 1.69848000e+03 2.51570369e-02 -8.21154938e-03 -3.28515017e-03
1.24524000e+03 8.58145000e+02 1.70581000e+03 2.58437120e-02 1.90380337e-03 -3.97648070e-03
1.24884000e+03 9.09634000e+02 1.69629000e+03 2.74755018e-02 -1.02744844e-02 -1.35223007e-03
1.26072000e+03 9.07658000e+02 1.69705000e+03 2.31986234e-02 -1.05063335e-02 -4.09049088e-03
1.26849000e+03 9.16754000e+02 1.69562000e+03 2.09846189e-02 -1.23316638e-02 -5.15459094e-03
1.27259000e+03 9.05691000e+02 1.69779000e+03 1.90566683e-02 -1.05542655e-02 -7.61550063e-03
1.28034000e+03 9.14793000e+02 1.69636000e+03 1.69594819e-02 -1.28288688e-02 -8.31173078e-03
1.28446000e+03 9.03729000e+02 1.69853000e+03 1.50403949e-02 -1.08201974e-02 -1.03762220e-02
1.29220000e+03 9.12834000e+02 1.69710000e+03 1.19416175e-02 -1.35564373e-02 -1.10331672e-02
1.29632000e+03 9.01770000e+02 1.69925000e+03 1.03472268e-02 -1.09422122e-02 -1.34135583e-02
1.30404000e+03 9.10876000e+02 1.69782000e+03 7.84058579e-03 -1.34687251e-02 -1.38740220e-02
1.30817000e+03 8.99811000e+02 1.69996000e+03 5.41840681e-03 -1.14960867e-02 -1.60100428e-02
1.31588000e+03 9.08919000e+02 1.69854000e+03 2.52269038e-03 -1.47560129e-02 -1.71402992e-02
1.32002000e+03 8.97853000e+02 1.70067000e+03 6.60723158e-04 -1.30189611e-02 -1.88433496e-02
1.31175000e+03 9.19984000e+02 1.69641000e+03 4.27352125e-03 -1.64334282e-02 -1.47309785e-02
1.32358000e+03 9.18027000e+02 1.69713000e+03 -2.16374163e-04 -1.69753526e-02 -1.72103038e-02
1.24959000e+03 8.47056000e+02 1.70808000e+03 2.38057353e-02 4.24934629e-03 -5.96070765e-03
1.31945000e+03 9.29093000e+02 1.69500000e+03 1.65959306e-03 -1.89027679e-02 -1.51508054e-02
1.33128000e+03 9.27138000e+02 1.69574000e+03 -3.02872586e-03 -1.97322459e-02 -1.80382753e-02
1.34311000e+03 9.25183000e+02 1.69647000e+03 -8.38069668e-03 -2.00299471e-02 -2.05363452e-02
1.31231000e+03 8.88745000e+02 1.70209000e+03 3.61643960e-03 -1.02470348e-02 -1.82785931e-02
1.32415000e+03 8.86786000e+02 1.70279000e+03 -1.17803231e-03 -1.08717689e-02 -2.09919257e-02
1.31645000e+03 8.77681000e+02 1.70423000e+03 1.89839697e-03 -8.66475985e-03 -2.01660881e-02
1.32829000e+03 8.75724000e+02 1.70493000e+03 -2.49280224e-03 -8.79549397e-03 -2.30477653e-02
1.32059000e+03 8.66624000e+02 1.70638000e+03 5.56960673e-04 -6.30126173e-03 -2.16731393e-02
1.33243000e+03 8.64670000e+02 1.70708000e+03 -4.70982949e-03 -7.41799585e-03 -2.47881834e-02
1.32473000e+03 8.55579000e+02 1.70856000e+03 -2.29788376e-03 -4.92309417e-03 -2.34626582e-02
1.33656000e+03 8.53627000e+02 1.70928000e+03 -7.78909743e-03 -6.02001851e-03 -2.65211951e-02
1.34426000e+03 8.62716000e+02 1.70780000e+03 -1.06023159e-02 -7.95792019e-03 -2.73117757e-02
1.30874000e+03 8.68579000e+02 1.70568000e+03 4.90288719e-03 -6.29516415e-03 -1.89948655e-02
1.31703000e+03 8.46497000e+02 1.71007000e+03 4.28244796e-04 -2.46252305e-03 -2.20055339e-02
1.27670000e+03 8.94623000e+02 1.69996000e+03 1.72550360e-02 -8.19423065e-03 -9.50775065e-03
1.25742000e+03 8.56202000e+02 1.70653000e+03 2.22067254e-02 1.52315740e-03 -7.54073484e-03
1.33599000e+03 8.84828000e+02 1.70349000e+03 -6.55136786e-03 -1.15905031e-02 -2.37269806e-02
1.25698000e+03 8.87487000e+02 1.70066000e+03 2.32136930e-02 -5.43483750e-03 -5.40776945e-03
1.29334000e+03 8.50387000e+02 1.70866000e+03 1.01167190e-02 -3.19144950e-05 -1.65940920e-02
1.28143000e+03 8.52329000e+02 1.70795000e+03 1.46602211e-02 3.52140796e-04 -1.37656168e-02
1.28915000e+03 8.61429000e+02 1.70645000e+03 1.20251987e-02 -1.62293413e-03 -1.48846466e-02
1.27722000e+03 8.63378000e+02 1.70574000e+03 1.63266552e-02 -1.09715189e-03 -1.19255238e-02
1.28498000e+03 8.72486000e+02 1.70427000e+03 1.39036793e-02 -3.82101127e-03 -1.33394398e-02
1.27305000e+03 8.74442000e+02 1.70356000e+03 1.78250902e-02 -3.63422902e-03 -1.03375731e-02
1.30103000e+03 8.59480000e+02 1.70715000e+03 7.89109024e-03 -3.22512214e-03 -1.79900099e-02
1.28083000e+03 8.83553000e+02 1.70211000e+03 1.56578271e-02 -5.86036906e-03 -1.15105598e-02
1.29272000e+03 8.81595000e+02 1.70283000e+03 1.11117954e-02 -6.17347425e-03 -1.45182742e-02
1.28858000e+03 8.92662000e+02 1.70068000e+03 1.31685952e-02 -8.28397237e-03 -1.24254462e-02
1.26891000e+03 8.85516000e+02 1.70139000e+03 1.94545406e-02 -5.71617344e-03 -8.34990133e-03
1.26480000e+03 8.96590000e+02 1.69922000e+03 2.09749910e-02 -8.17220828e-03 -6.59848520e-03
1.26108000e+03 8.76405000e+02 1.70284000e+03 2.17278037e-02 -3.73721603e-03 -7.34965516e-03
1.25320000e+03 8.67286000e+02 1.70431000e+03 2.38702798e-02 -4.80994951e-04 -5.68117098e-03
1.33542000e+03 9.16071000e+02 1.69785000e+03 -5.47913323e-03 -1.80516404e-02 -2.00452033e-02
1.34725000e+03 9.14115000e+02 1.69857000e+03 -1.05468923e-02 -1.87065647e-02 -2.29596509e-02
1.33955000e+03 9.05003000e+02 1.69996000e+03 -7.44767694e-03 -1.54826714e-02 -2.25349571e-02
1.35138000e+03 9.03047000e+02 1.70068000e+03 -1.24794360e-02 -1.76465957e-02 -2.56385047e-02
1.34369000e+03 8.93936000e+02 1.70208000e+03 -9.50143240e-03 -1.46588427e-02 -2.44340852e-02
1.34782000e+03 8.82871000e+02 1.70420000e+03 -1.16039152e-02 -1.27706505e-02 -2.68019059e-02
1.33185000e+03 8.95894000e+02 1.70137000e+03 -4.04974874e-03 -1.31013317e-02 -2.18009303e-02
1.32772000e+03 9.06961000e+02 1.69925000e+03 -2.57299328e-03 -1.48465239e-02 -1.98043541e-02
1.35196000e+03 8.71812000e+02 1.70635000e+03 -1.35986242e-02 -1.09221524e-02 -2.85156125e-02
1.26946000e+03 8.54269000e+02 1.70725000e+03 1.82821024e-02 1.55560009e-03 -1.03982856e-02
1.26524000e+03 8.65328000e+02 1.70503000e+03 2.00532481e-02 -9.11552270e-04 -9.03546383e-03
1.24908000e+03 8.78383000e+02 1.70210000e+03 2.52492586e-02 -3.31055891e-03 -3.91741620e-03
1.35080000e+03 9.34298000e+02 1.69510000e+03 -1.20191992e-02 -2.38830307e-02 -2.11646541e-02
1.26170000e+03 8.45160000e+02 1.70878000e+03 1.97968533e-02 4.34879835e-03 -9.34884731e-03
1.29687000e+03 8.70532000e+02 1.70498000e+03 9.48254100e-03 -4.80533961e-03 -1.60978434e-02
1.35494000e+03 9.23229000e+02 1.69719000e+03 -1.38891831e-02 -2.20988714e-02 -2.36430375e-02
1.34013000e+03 8.73768000e+02 1.70563000e+03 -8.23286510e-03 -9.91222808e-03 -2.55648648e-02
1.30459000e+03 8.79638000e+02 1.70353000e+03 6.54059618e-03 -7.92729879e-03 -1.74454071e-02
1.31288000e+03 8.57530000e+02 1.70785000e+03 3.12984547e-03 -3.59821973e-03 -2.05830952e-02
1.30519000e+03 8.48443000e+02 1.70936000e+03 4.99329228e-03 -1.02301208e-03 -1.94582112e-02
1.29991000e+03 9.21940000e+02 1.69567000e+03 9.50897652e-03 -1.63515867e-02 -1.17529790e-02
1.34839000e+03 8.51676000e+02 1.71001000e+03 -1.30745229e-02 -7.28771971e-03 -2.91769543e-02
1.30045000e+03 8.90704000e+02 1.70139000e+03 8.25191150e-03 -9.39257376e-03 -1.55850568e-02
1.28730000e+03 8.47539000e+02 1.69642000e+03 1.17024781e-02 -3.17050856e-03 -1.81793931e-02
1.30111000e+03 8.49415000e+02 1.69725000e+03 7.25937357e-03 -4.99794634e-03 -2.16192268e-02
1.34586000e+03 8.65149000e+02 1.69608000e+03 -1.01366068e-02 -1.33616055e-02 -3.10800712e-02
1.29358000e+03 8.61594000e+02 1.69742000e+03 1.08370321e-02 -5.75745611e-03 -1.82724194e-02
1.31930000e+03 8.62281000e+02 1.69673000e+03 1.33372188e-03 -8.73271115e-03 -2.48819313e-02
1.26413000e+03 8.53935000e+02 1.69706000e+03 2.02592782e-02 -1.60205539e-03 -1.17088708e-02
1.32979000e+03 8.50201000e+02 1.69973000e+03 -4.32778659e-03 -8.15405212e-03 -2.79937097e-02
1.33681000e+03 8.76297000e+02 1.69645000e+03 -6.06048463e-03 -1.28664041e-02 -2.72319688e-02
1.34303000e+03 8.53724000e+02 1.69908000e+03 -9.68480769e-03 -1.02197977e-02 -3.07747377e-02
1.29886000e+03 8.72698000e+02 1.69557000e+03 9.14743367e-03 -8.37965329e-03 -1.85997049e-02
1.31502000e+03 8.46448000e+02 1.69962000e+03 1.44033035e-03 -5.65365409e-03 -2.45047089e-02
1.28193000e+03 8.57644000e+02 1.69842000e+03 1.44346493e-02 -3.30169288e-03 -1.55498148e-02
1.32271000e+03 8.53920000e+02 1.73832000e+03 -5.16203579e-03 6.72941586e-03 -1.56659546e-02
1.32772000e+03 9.06159000e+02 1.72593000e+03 -6.42408009e-03 -5.35016536e-03 -1.18636577e-02
1.34071000e+03 9.52242000e+02 1.71885000e+03 -1.06803218e-02 -1.60623081e-02 -7.43180554e-03
1.34798000e+03 9.25086000e+02 1.72783000e+03 -1.57125702e-02 -9.61316772e-03 -1.21948550e-02
1.34814000e+03 8.83610000e+02 1.73138000e+03 -1.55342956e-02 -2.35476583e-03 -1.83100573e-02
1.29402000e+03 8.47393000e+02 1.73613000e+03 5.91525837e-03 9.71835641e-03 -1.07396106e-02
1.32008000e+03 9.31312000e+02 1.72391000e+03 -2.33121468e-03 -9.44854628e-03 -5.80319144e-03
1.30351000e+03 8.74844000e+02 1.73625000e+03 3.13195652e-03 4.76909636e-03 -9.18802503e-03
1.29539000e+03 9.04356000e+02 1.72604000e+03 6.71725624e-03 -2.75759588e-03 -5.58143785e-03
1.27640000e+03 8.69222000e+02 1.73490000e+03 1.28664046e-02 7.04035227e-03 -4.40487579e-03
1.29465000e+03 9.29581000e+02 1.71907000e+03 8.19224915e-03 -9.20423279e-03 -2.72208791e-03
1.27264000e+03 8.95286000e+02 1.72544000e+03 1.54594705e-02 -1.02079000e-04 -2.75487476e-03
1.27956000e+03 9.53942000e+02 1.71551000e+03 1.51037350e-02 -1.36271896e-02 5.12701565e-03
1.31874000e+03 8.78538000e+02 1.73384000e+03 -2.49048321e-03 1.78674521e-03 -1.22237965e-02
1.26960000e+03 9.18528000e+02 1.72047000e+03 1.70664659e-02 -5.67248708e-03 9.29261948e-04
1.25329000e+03 8.80126000e+02 1.72581000e+03 2.16515625e-02 3.87350170e-03 -4.38599345e-05
1.34599000e+03 8.60793000e+02 1.73227000e+03 -1.47763177e-02 1.06624147e-03 -2.09090427e-02
1.24707000e+03 8.59069000e+02 1.72795000e+03 2.23609993e-02 9.31033683e-03 1.07503105e-04
1.25233000e+03 9.07554000e+02 1.71888000e+03 2.32645366e-02 -2.64224617e-03 2.46237229e-03
1.26488000e+03 9.30848000e+02 1.70894000e+03 2.04426288e-02 -1.05752163e-02 1.35103963e-03
1.34185000e+03 8.99042000e+02 1.73104000e+03 -1.26913454e-02 -3.87372704e-03 -1.47343752e-02
1.31237000e+03 9.15537000e+02 1.71443000e+03 1.39990410e-03 -9.41085120e-03 -1.06316623e-02
1.32052000e+03 9.54368000e+02 1.73573000e+03 -3.85704315e-03 -1.12417784e-02 3.01213531e-03
1.34173000e+03 8.52025000e+02 1.74801000e+03 -1.41597251e-02 7.76531660e-03 -1.68600781e-02
1.30897000e+03 8.87958000e+02 1.72033000e+03 2.39119608e-03 -2.99061244e-03 -1.29427975e-02
1.28734000e+03 8.91093000e+02 1.74169000e+03 8.11109965e-03 3.64522796e-03 -2.28849893e-03
1.30893000e+03 8.46512000e+02 1.74815000e+03 -7.66282372e-04 1.17996388e-02 -1.11063312e-02
1.33418000e+03 9.37490000e+02 1.73107000e+03 -9.46610082e-03 -8.81227223e-03 -5.06822839e-03
1.34075000e+03 9.12999000e+02 1.71906000e+03 -1.10213171e-02 -9.43507594e-03 -1.57652139e-02
1.30420000e+03 8.61189000e+02 1.72956000e+03 3.13701157e-03 4.21773065e-03 -1.29453976e-02
1.33400000e+03 9.35527000e+02 1.71320000e+03 -7.27469272e-03 -1.44994949e-02 -1.14627903e-02
1.32369000e+03 8.93046000e+02 1.73558000e+03 -5.22092335e-03 -4.15347210e-04 -1.07962290e-02
1.31598000e+03 8.72209000e+02 1.74803000e+03 -3.43738330e-03 6.15271116e-03 -8.82204238e-03
1.28375000e+03 8.82741000e+02 1.71693000e+03 1.21782258e-02 -1.17479863e-03 -8.94329444e-03
1.33461000e+03 8.67491000e+02 1.74360000e+03 -1.08024616e-02 4.92270262e-03 -1.47245472e-02
1.30664000e+03 9.44942000e+02 1.72368000e+03 3.34120816e-03 -1.06791682e-02 -4.73491071e-04
1.32806000e+03 9.21742000e+02 1.74095000e+03 -7.74722610e-03 -3.77335540e-03 -4.43595354e-03
1.31985000e+03 9.50851000e+02 1.70918000e+03 2.39633458e-04 -1.73088832e-02 -6.31710642e-03
1.30646000e+03 9.26024000e+02 1.73069000e+03 1.96176656e-03 -5.73119900e-03 -2.64640576e-03
1.28919000e+03 8.69788000e+02 1.74899000e+03 6.67410160e-03 9.50688303e-03 -3.29868352e-03
1.34637000e+03 9.42672000e+02 1.70600000e+03 -1.16888564e-02 -1.96147800e-02 -1.51914273e-02
1.33903000e+03 8.84280000e+02 1.71710000e+03 -9.47385310e-03 -5.91729521e-03 -2.04362291e-02
1.24797000e+03 9.23663000e+02 1.71384000e+03 2.60054020e-02 -6.70623757e-03 5.47933091e-03
1.24913000e+03 9.52730000e+02 1.70802000e+03 2.69302103e-02 -1.44652727e-02 9.57158682e-03
1.29885000e+03 9.44237000e+02 1.70649000e+03 8.84047049e-03 -1.48516123e-02 -4.18893060e-03
1.32925000e+03 9.20098000e+02 1.71250000e+03 -5.74603124e-03 -1.17804646e-02 -1.37369439e-02
1.28080000e+03 8.54381000e+02 1.72865000e+03 1.13114350e-02 7.48895582e-03 -8.57893716e-03
1.35252000e+03 8.64884000e+02 1.74952000e+03 -1.91339960e-02 4.56482234e-03 -1.64224219e-02
1.28991000e+03 9.13657000e+02 1.71107000e+03 1.08895331e-02 -8.95646391e-03 -6.77944758e-03
1.31078000e+03 9.07576000e+02 1.73794000e+03 -2.55946166e-04 -1.17343802e-03 -4.89606250e-03
1.27938000e+03 9.10024000e+02 1.73489000e+03 1.24180036e-02 -1.09018645e-03 9.24670647e-04
1.25995000e+03 8.60517000e+02 1.74284000e+03 1.69951066e-02 1.18264481e-02 9.81466566e-05
1.28043000e+03 8.58201000e+02 1.74823000e+03 1.01846988e-02 1.18283279e-02 -3.25805942e-03
1.26554000e+03 8.61421000e+02 1.72011000e+03 1.79636006e-02 4.92805047e-03 -6.43483690e-03
1.33651000e+03 8.87053000e+02 1.74902000e+03 -1.15769030e-02 3.22158851e-03 -1.01984297e-02
1.29582000e+03 8.74331000e+02 1.71759000e+03 7.71056857e-03 -9.79785257e-04 -1.27155680e-02
1.27804000e+03 9.34682000e+02 1.72793000e+03 1.38113394e-02 -6.82079171e-03 4.70488695e-03
1.25655000e+03 8.95150000e+02 1.73185000e+03 2.00187938e-02 2.08279015e-03 2.51276395e-03
1.26547000e+03 8.84238000e+02 1.73875000e+03 1.58657795e-02 5.69454243e-03 7.27769885e-04
1.26821000e+03 8.82137000e+02 1.71817000e+03 1.75327073e-02 4.77711945e-04 -5.31366680e-03
1.30635000e+03 9.29724000e+02 1.70992000e+03 4.89326016e-03 -1.22646789e-02 -7.65009960e-03
1.32922000e+03 8.66478000e+02 1.72098000e+03 -6.04417497e-03 -1.42414481e-03 -2.01808693e-02
1.28012000e+03 9.32617000e+02 1.70885000e+03 1.55559604e-02 -1.14371607e-02 -1.72792780e-03
1.30778000e+03 8.60328000e+02 1.74739000e+03 -1.69049485e-04 9.13347924e-03 -8.98826403e-03
1.34472000e+03 8.69561000e+02 1.71879000e+03 -1.26865813e-02 -4.52940053e-03 -2.34801077e-02
1.31159000e+03 8.71203000e+02 1.71841000e+03 1.72952921e-03 -1.60868729e-03 -1.57754105e-02
1.34374000e+03 9.14953000e+02 1.74437000e+03 -1.54179402e-02 -3.10396771e-03 -7.66453453e-03
1.35146000e+03 8.92305000e+02 1.71875000e+03 -1.57901012e-02 -8.19727531e-03 -2.22581145e-02
1.26537000e+03 9.04767000e+02 1.71028000e+03 1.99759038e-02 -5.97112481e-03 -3.32001140e-03
1.28630000e+03 8.96558000e+02 1.71248000e+03 1.21820447e-02 -5.12278557e-03 -8.66535185e-03
1.25263000e+03 8.48138000e+02 1.74354000e+03 1.91838937e-02 1.51201322e-02 8.86470752e-04
1.25977000e+03 8.93627000e+02 1.71452000e+03 2.06243973e-02 -2.28396408e-03 -2.10226179e-03
1.30332000e+03 8.92946000e+02 1.73683000e+03 2.86492915e-03 1.70694496e-03 -6.04148125e-03
1.32412000e+03 8.54915000e+02 1.75498000e+03 -6.91630794e-03 1.04489302e-02 -1.08606754e-02
1.35336000e+03 9.33710000e+02 1.74113000e+03 -1.91006850e-02 -7.75593063e-03 -6.84091888e-03
1.35171000e+03 8.92310000e+02 1.74869000e+03 -1.89956368e-02 9.11742549e-04 -1.23272235e-02
1.26272000e+03 9.08203000e+02 1.73356000e+03 1.81890124e-02 -3.22315673e-04 3.81326796e-03
1.34353000e+03 8.45576000e+02 1.72461000e+03 -1.29614716e-02 5.45725064e-04 -2.45906117e-02
1.32635000e+03 8.95012000e+02 1.71557000e+03 -3.94431207e-03 -6.68555047e-03 -1.64805047e-02
1.32660000e+03 9.08194000e+02 1.74460000e+03 -7.69351933e-03 -1.30683907e-03 -5.61675569e-03
1.25468000e+03 9.22061000e+02 1.72515000e+03 2.20452699e-02 -4.19774909e-03 6.40565563e-03
1.28877000e+03 9.21945000e+02 1.73655000e+03 8.66261732e-03 -3.77544698e-03 2.17762384e-03
1.26159000e+03 9.16287000e+02 1.70787000e+03 2.15355196e-02 -8.54950988e-03 -8.70060308e-04
1.30295000e+03 9.05196000e+02 1.71035000e+03 6.34296016e-03 -8.26050203e-03 -1.13408172e-02
1.27876000e+03 8.80944000e+02 1.74694000e+03 1.04085553e-02 7.59624219e-03 -5.63197660e-04
1.29829000e+03 8.90319000e+02 1.71179000e+03 7.62339164e-03 -5.13198936e-03 -1.22242556e-02
1.29478000e+03 8.82516000e+02 1.74799000e+03 4.84634285e-03 5.83038568e-03 -3.05341712e-03
1.31580000e+03 9.43504000e+02 1.73815000e+03 -2.32256313e-03 -8.59221639e-03 1.80525902e-03
1.28711000e+03 9.48340000e+02 1.72933000e+03 1.06548394e-02 -9.08122288e-03 6.47354009e-03
1.31965000e+03 9.35417000e+02 1.70688000e+03 2.69309516e-04 -1.57079377e-02 -1.02943620e-02
1.25027000e+03 8.67440000e+02 1.71725000e+03 2.32498334e-02 3.83825659e-03 -2.18380134e-03
1.29440000e+03 8.55030000e+02 1.75475000e+03 4.00037837e-03 1.28110457e-02 -5.02990075e-03
1.35096000e+03 8.49200000e+02 1.73900000e+03 -1.81702670e-02 3.84177289e-03 -2.19625407e-02
1.29425000e+03 9.05150000e+02 1.74366000e+03 5.67716045e-03 7.53026833e-04 -4.14239419e-04
1.26779000e+03 9.47216000e+02 1.70309000e+03 2.12340044e-02 -1.56415291e-02 2.59218887e-03
1.34958000e+03 8.77945000e+02 1.75100000e+03 -1.82276803e-02 3.60570989e-03 -1.34529173e-02
1.34517000e+03 9.45666000e+02 1.74071000e+03 -1.48428939e-02 -9.19761677e-03 -2.57951001e-03
1.34826000e+03 9.39474000e+02 1.72253000e+03 -1.50283083e-02 -1.32486134e-02 -1.06860733e-02
1.27879000e+03 8.68839000e+02 1.71826000e+03 1.38954252e-02 2.30816367e-03 -9.06083285e-03
1.27442000e+03 8.97215000e+02 1.74229000e+03 1.28199330e-02 3.10622661e-03 1.72944217e-03
1.30040000e+03 9.19207000e+02 1.70676000e+03 7.53629368e-03 -1.13869260e-02 -9.56103566e-03
1.35288000e+03 8.54299000e+02 1.75769000e+03 -1.99766336e-02 8.16404905e-03 -1.53194882e-02
1.32270000e+03 8.82246000e+02 1.71529000e+03 -2.22917747e-03 -4.69913022e-03 -1.80376914e-02
1.35020000e+03 9.12177000e+02 1.72892000e+03 -1.66076233e-02 -7.69653606e-03 -1.47128148e-02
1.33569000e+03 9.15178000e+02 1.73140000e+03 -9.97477373e-03 -4.88979309e-03 -1.02801775e-02
1.32569000e+03 9.47112000e+02 1.72256000e+03 -4.47693033e-03 -1.24065808e-02 -4.22777987e-03
1.30940000e+03 8.50049000e+02 1.73375000e+03 1.33245621e-04 6.72122258e-03 -1.43037978e-02
1.28814000e+03 8.76568000e+02 1.73356000e+03 9.20965906e-03 4.03773074e-03 -6.66722848e-03
1.31588000e+03 8.65336000e+02 1.73319000e+03 -1.64891635e-03 4.07019447e-03 -1.37349539e-02
1.30140000e+03 9.15646000e+02 1.72301000e+03 4.66809448e-03 -6.02565819e-03 -5.86546250e-03
1.32857000e+03 8.47092000e+02 1.72030000e+03 -6.29973677e-03 3.41307013e-04 -2.20876015e-02
1.31293000e+03 9.03067000e+02 1.72303000e+03 2.66283000e-04 -4.75029863e-03 -1.05800032e-02
1.33500000e+03 9.26228000e+02 1.72439000e+03 -8.84011430e-03 -9.34313997e-03 -1.01071749e-02
1.25575000e+03 8.75577000e+02 1.74310000e+03 1.91354494e-02 8.65990951e-03 2.69868312e-03
1.27077000e+03 8.69152000e+02 1.74790000e+03 1.33673277e-02 1.02440810e-02 -1.78395178e-04
1.26717000e+03 9.44671000e+02 1.72218000e+03 1.86994733e-02 -9.43800435e-03 7.41059768e-03
1.32371000e+03 9.07365000e+02 1.71093000e+03 -2.87749201e-03 -1.02741337e-02 -1.53756582e-02
1.28487000e+03 9.47566000e+02 1.70208000e+03 1.50828843e-02 -1.67868824e-02 -1.63186311e-03
1.32522000e+03 8.81568000e+02 1.75100000e+03 -7.12369329e-03 4.43013513e-03 -8.01494024e-03
1.31007000e+03 8.83465000e+02 1.74944000e+03 -5.81738160e-04 5.10998877e-03 -5.44514591e-03
1.34321000e+03 9.26379000e+02 1.70799000e+03 -1.05006386e-02 -1.57155155e-02 -1.72338527e-02
1.25184000e+03 9.38529000e+02 1.70267000e+03 2.61851739e-02 -1.35251586e-02 4.45471475e-03
1.35449000e+03 8.80218000e+02 1.71587000e+03 -1.64348801e-02 -8.07167484e-03 -2.51929207e-02
1.27340000e+03 8.93744000e+02 1.71150000e+03 1.70184768e-02 -3.99477124e-03 -6.54640961e-03
1.29355000e+03 9.33322000e+02 1.70330000e+03 1.11402820e-02 -1.43861547e-02 -5.91705875e-03
1.30951000e+03 9.48166000e+02 1.70222000e+03 5.51981939e-03 -1.80863609e-02 -6.73002867e-03
1.27154000e+03 9.21818000e+02 1.73378000e+03 1.53737254e-02 -3.00499142e-03 4.86487808e-03
1.34857000e+03 9.53435000e+02 1.70145000e+03 -1.12449617e-02 -2.36292768e-02 -1.48886189e-02
1.31903000e+03 9.16844000e+02 1.72886000e+03 -2.44220088e-03 -5.46792321e-03 -7.30599181e-03
1.32070000e+03 9.30555000e+02 1.74179000e+03 -4.32083610e-03 -5.31609334e-03 -4.66316827e-04
1.24640000e+03 9.36108000e+02 1.71713000e+03 2.64637211e-02 -8.73375634e-03 9.00687137e-03
1.33876000e+03 8.61850000e+02 1.75689000e+03 -1.32412255e-02 8.37942400e-03 -1.18591072e-02
1.29462000e+03 9.37805000e+02 1.73521000e+03 6.33573442e-03 -6.78898170e-03 3.72325097e-03
1.32982000e+03 9.44023000e+02 1.70365000e+03 -3.74884691e-03 -1.89036686e-02 -1.18210834e-02
1.30056000e+03 9.16248000e+02 1.74231000e+03 3.90333883e-03 -1.64345089e-03 -1.43536573e-04
1.24861000e+03 8.62810000e+02 1.74144000e+03 2.07324857e-02 1.19973882e-02 2.68943119e-03
1.31520000e+03 8.56292000e+02 1.72045000e+03 -1.19561254e-04 8.62620379e-04 -1.84981099e-02
1.33569000e+03 8.52838000e+02 1.73217000e+03 -1.00954811e-02 3.42038930e-03 -1.99855736e-02
1.28541000e+03 8.96810000e+02 1.73026000e+03 1.02344789e-02 4.33206302e-05 -3.59735625e-03
1.27878000e+03 8.84474000e+02 1.73145000e+03 1.24460720e-02 3.56685919e-03 -4.02497266e-03
1.27787000e+03 9.13595000e+02 1.70716000e+03 1.59351874e-02 -8.74109077e-03 -5.25147886e-03
1.35170000e+03 8.71091000e+02 1.73652000e+03 -1.77341544e-02 5.54535062e-04 -1.95595741e-02
1.27848000e+03 9.06663000e+02 1.72019000e+03 1.37974496e-02 -4.11950107e-03 -3.29925853e-03
1.33875000e+03 9.30141000e+02 1.74356000e+03 -1.22878980e-02 -4.76466864e-03 -3.94475441e-03
1.33545000e+03 8.78372000e+02 1.73312000e+03 -9.75905356e-03 7.63311749e-04 -1.60521138e-02
1.35301000e+03 9.05022000e+02 1.71271000e+03 -1.58699164e-02 -1.23203953e-02 -2.19875358e-02
1.31709000e+03 9.22176000e+02 1.70579000e+03 8.00875314e-04 -1.37662112e-02 -1.27408060e-02
1.26157000e+03 8.71438000e+02 1.71439000e+03 2.00805079e-02 1.61570949e-03 -5.59796061e-03
1.28373000e+03 9.19277000e+02 1.72271000e+03 1.19046153e-02 -5.92709221e-03 -1.52928371e-03
1.26089000e+03 8.69827000e+02 1.73059000e+03 1.89589268e-02 6.52992534e-03 -2.16858243e-03
1.24774000e+03 9.12557000e+02 1.70562000e+03 2.60632664e-02 -7.41930520e-03 1.59215259e-03
1.26147000e+03 9.33186000e+02 1.72605000e+03 1.99948067e-02 -6.47646534e-03 7.21906488e-03
1.31342000e+03 8.97562000e+02 1.70947000e+03 1.94971628e-03 -8.99969743e-03 -1.52462033e-02
1.29132000e+03 8.63407000e+02 1.73451000e+03 7.40711985e-03 6.65634472e-03 -8.85254713e-03
1.32566000e+03 8.67766000e+02 1.75501000e+03 -7.81015046e-03 7.97662452e-03 -9.23913506e-03
1.30312000e+03 8.71979000e+02 1.75308000e+03 1.43146527e-03 8.57682976e-03 -4.48806914e-03
1.33790000e+03 9.00811000e+02 1.71130000e+03 -8.77999334e-03 -1.04056483e-02 -1.94089504e-02
1.29431000e+03 8.86881000e+02 1.72747000e+03 7.35880499e-03 2.02569575e-04 -8.00858196e-03
1.27568000e+03 9.51096000e+02 1.72887000e+03 1.47786258e-02 -9.31803570e-03 9.13385996e-03
1.29729000e+03 8.93664000e+02 1.74935000e+03 3.77000297e-03 3.66350156e-03 -1.40970877e-03
1.27009000e+03 8.57969000e+02 1.73610000e+03 1.40913139e-02 9.94748277e-03 -4.24481985e-03
1.34286000e+03 8.57557000e+02 1.71861000e+03 -1.19400309e-02 -3.25181083e-03 -2.46249880e-02
1.24863000e+03 8.87565000e+02 1.73803000e+03 2.20924710e-02 5.27156778e-03 5.12232483e-03
1.28933000e+03 9.41736000e+02 1.71698000e+03 1.11003064e-02 -1.15405020e-02 5.11585591e-04
1.25467000e+03 9.46680000e+02 1.71870000e+03 2.37375349e-02 -1.03093160e-02 9.93783978e-03
1.25425000e+03 8.81973000e+02 1.71130000e+03 2.28314924e-02 -9.55179468e-04 -3.22595756e-03
1.33455000e+03 8.47668000e+02 1.75942000e+03 -1.20939756e-02 1.15429034e-02 -1.24489898e-02
1.31275000e+03 8.98326000e+02 1.74880000e+03 -1.89419935e-03 2.14829599e-03 -3.47617463e-03
1.25533000e+03 8.53408000e+02 1.71710000e+03 2.11238267e-02 6.33699099e-03 -5.05904064e-03
1.34007000e+03 9.11579000e+02 1.70762000e+03 -9.15570187e-03 -1.36996408e-02 -1.88215979e-02
1.25962000e+03 8.54899000e+02 1.73066000e+03 1.82490945e-02 9.70464871e-03 -3.02967623e-03
1.32882000e+03 9.44500000e+02 1.74177000e+03 -7.83877394e-03 -8.17668138e-03 6.89462280e-04
1.31229000e+03 9.19709000e+02 1.74420000e+03 -1.39755373e-03 -2.38363218e-03 -5.85544417e-04
1.33877000e+03 8.99985000e+02 1.74917000e+03 -1.29798786e-02 1.04279037e-03 -7.95733348e-03
1.27088000e+03 8.50947000e+02 1.71910000e+03 1.58146551e-02 5.64541686e-03 -9.13912535e-03
1.24723000e+03 8.89606000e+02 1.72214000e+03 2.40468903e-02 1.23087232e-03 2.41174608e-03
1.30768000e+03 9.35984000e+02 1.74020000e+03 6.42742719e-04 -6.03632933e-03 2.16320740e-03
1.29737000e+03 8.59337000e+02 1.71787000e+03 7.46742721e-03 1.26812425e-03 -1.42426242e-02
1.26652000e+03 8.55055000e+02 1.75072000e+03 1.40770722e-02 1.44024856e-02 -1.05966967e-04
1.25580000e+03 9.25922000e+02 1.70199000e+03 2.43939118e-02 -1.14642688e-02 8.33185663e-04
1.34783000e+03 9.51849000e+02 1.77919000e+03 -2.24893538e-02 6.50371885e-04 8.19474279e-03
1.34178000e+03 8.71796000e+02 1.79080000e+03 -1.96445270e-02 1.24683490e-02 -1.75952324e-03
1.34631000e+03 9.33644000e+02 1.77854000e+03 -2.12339335e-02 1.38411548e-03 4.45715199e-03
1.34331000e+03 9.03228000e+02 1.78643000e+03 -2.11367317e-02 6.97322167e-03 1.71901797e-03
1.32546000e+03 8.47980000e+02 1.79368000e+03 -1.40950326e-02 1.68008069e-02 -2.01567671e-03
1.32916000e+03 8.84308000e+02 1.78524000e+03 -1.56660023e-02 9.44798428e-03 8.72069428e-04
1.32330000e+03 9.34885000e+02 1.77385000e+03 -1.25934664e-02 -6.75184771e-04 7.99456666e-03
1.31547000e+03 8.64967000e+02 1.78291000e+03 -9.28899168e-03 1.28745882e-02 -2.29791895e-04
1.32638000e+03 9.14984000e+02 1.77688000e+03 -1.41713930e-02 3.28647872e-03 4.26896866e-03
1.34284000e+03 8.87399000e+02 1.79147000e+03 -2.15024197e-02 1.09067715e-02 5.68507944e-04
1.34703000e+03 8.47079000e+02 1.78133000e+03 -1.94549757e-02 1.50682035e-02 -8.44141510e-03
1.31281000e+03 9.44065000e+02 1.76913000e+03 -8.90749215e-03 -2.73522523e-03 1.05166579e-02
1.31288000e+03 8.98301000e+02 1.77711000e+03 -8.30108478e-03 5.17430244e-03 3.68840857e-03
1.29975000e+03 8.54598000e+02 1.78190000e+03 -2.71662066e-03 1.54454330e-02 9.18373806e-04
1.29979000e+03 8.76661000e+02 1.77844000e+03 -3.34094236e-03 9.73676996e-03 3.33423506e-03
1.31332000e+03 9.25226000e+02 1.77367000e+03 -8.74718111e-03 1.24754667e-03 7.08549941e-03
1.35121000e+03 8.89224000e+02 1.77656000e+03 -2.20895655e-02 8.35082943e-03 -4.01636518e-03
1.34288000e+03 9.41328000e+02 1.76373000e+03 -1.78297002e-02 -2.33669458e-03 3.52237618e-03
1.33311000e+03 9.46707000e+02 1.78854000e+03 -1.94939280e-02 1.95050427e-04 1.15047593e-02
1.35364000e+03 9.04689000e+02 1.80369000e+03 -2.77653520e-02 1.18749052e-02 3.69591542e-03
1.29085000e+03 9.49018000e+02 1.76094000e+03 1.48693258e-03 -5.45979212e-03 1.44234008e-02
1.32890000e+03 8.98485000e+02 1.78007000e+03 -1.47300350e-02 7.11506718e-03 2.25166204e-03
1.30012000e+03 9.33790000e+02 1.76495000e+03 -2.01895613e-03 -2.04925120e-03 9.39210094e-03
1.32523000e+03 8.64912000e+02 1.79749000e+03 -1.64180235e-02 1.36141861e-02 1.20388296e-03
1.30123000e+03 9.08555000e+02 1.77180000e+03 -3.86713530e-03 2.69125936e-03 5.96335392e-03
1.32985000e+03 8.59201000e+02 1.77908000e+03 -1.28458483e-02 1.32854454e-02 -4.07895417e-03
1.34601000e+03 9.40996000e+02 1.79476000e+03 -2.42281280e-02 4.00196558e-03 8.41027062e-03
1.28771000e+03 8.65351000e+02 1.77880000e+03 9.58435682e-04 1.30128811e-02 4.02800810e-03
1.29991000e+03 8.91584000e+02 1.77576000e+03 -4.14193720e-03 6.99960463e-03 4.80600871e-03
1.34066000e+03 9.17165000e+02 1.77153000e+03 -1.77747845e-02 2.10405223e-03 1.02718975e-03
1.33485000e+03 9.21381000e+02 1.78947000e+03 -1.97834384e-02 3.75255852e-03 5.95030335e-03
1.27594000e+03 9.42762000e+02 1.75721000e+03 8.90478462e-03 -5.11908497e-03 1.48177821e-02
1.34033000e+03 8.79587000e+02 1.77763000e+03 -1.77237933e-02 9.80216711e-03 -3.83975254e-03
1.33172000e+03 8.96680000e+02 1.79491000e+03 -1.93147256e-02 8.29071865e-03 4.51408499e-03
1.31006000e+03 8.53695000e+02 1.79618000e+03 -1.09228321e-02 1.58723454e-02 2.07201721e-03
1.29229000e+03 9.21165000e+02 1.76586000e+03 9.27979328e-04 -1.09834378e-03 8.39176127e-03
1.25473000e+03 9.50225000e+02 1.74504000e+03 2.01219862e-02 -7.71472535e-03 1.77903225e-02
1.28613000e+03 8.81289000e+02 1.77522000e+03 1.47816274e-03 8.84942327e-03 5.51825491e-03
1.33000000e+03 8.80538000e+02 1.79909000e+03 -1.91571537e-02 1.13755122e-02 3.28543674e-03
1.33619000e+03 9.51881000e+02 1.76310000e+03 -1.52838945e-02 -4.38558808e-03 7.11843800e-03
1.26386000e+03 9.39786000e+02 1.75003000e+03 1.57469517e-02 -5.46022728e-03 1.48443837e-02
1.28677000e+03 8.95781000e+02 1.77062000e+03 1.43923770e-03 5.35251284e-03 6.47754753e-03
1.34677000e+03 8.62288000e+02 1.77900000e+03 -1.91651588e-02 1.25036604e-02 -6.75415135e-03
1.27923000e+03 8.53437000e+02 1.77981000e+03 4.07383320e-03 1.59986459e-02 4.36037599e-03
1.35355000e+03 9.04121000e+02 1.77196000e+03 -2.30322698e-02 4.92012824e-03 -3.77083270e-03
1.30962000e+03 8.83104000e+02 1.78615000e+03 -1.02788420e-02 9.15052099e-03 4.05484514e-03
1.27258000e+03 8.67678000e+02 1.77534000e+03 5.95815962e-03 1.32256097e-02 6.24190328e-03
1.31595000e+03 8.76028000e+02 1.77451000e+03 -7.90044625e-03 1.00156972e-02 -6.57106862e-04
1.32620000e+03 9.43012000e+02 1.76352000e+03 -1.12427809e-02 -3.00710429e-03 7.14016396e-03
1.31620000e+03 8.49545000e+02 1.77996000e+03 -7.31405282e-03 1.54502259e-02 -3.64144180e-03
1.35137000e+03 8.60902000e+02 1.79469000e+03 -2.31833084e-02 1.62035809e-02 -3.47425614e-03
1.33089000e+03 9.34496000e+02 1.78747000e+03 -1.87456205e-02 1.03986507e-03 9.05901652e-03
1.33511000e+03 9.30630000e+02 1.76530000e+03 -1.51089978e-02 -6.27240242e-04 2.67162453e-03
1.31655000e+03 9.09668000e+02 1.76666000e+03 -7.04545610e-03 2.24271757e-03 2.54300981e-03
1.27332000e+03 8.92400000e+02 1.76944000e+03 5.79532282e-03 6.16705534e-03 8.16119665e-03
1.28519000e+03 9.34226000e+02 1.76276000e+03 3.51272571e-03 -3.20145233e-03 1.16407554e-02
1.27729000e+03 9.20692000e+02 1.76226000e+03 7.19380367e-03 -1.40146443e-03 1.05509632e-02
1.32511000e+03 9.21284000e+02 1.76622000e+03 -1.04193270e-02 7.73764417e-04 3.14617654e-03
1.24996000e+03 9.35581000e+02 1.74545000e+03 2.15880411e-02 -4.33919868e-03 1.59300556e-02
1.31807000e+03 8.76564000e+02 1.79395000e+03 -1.44320743e-02 1.13544399e-02 3.45333003e-03
1.31998000e+03 9.45320000e+02 1.78361000e+03 -1.46414277e-02 -1.96771873e-03 1.23777520e-02
1.34497000e+03 9.28790000e+02 1.79724000e+03 -2.46747150e-02 5.19910766e-03 6.72183230e-03
1.26491000e+03 8.57502000e+02 1.77339000e+03 1.02855673e-02 1.70368813e-02 6.53458433e-03
1.32817000e+03 9.09488000e+02 1.78935000e+03 -1.74928421e-02 4.31268208e-03 6.08922099e-03
1.33963000e+03 9.51797000e+02 1.79694000e+03 -2.32413249e-02 1.15150891e-03 1.21858695e-02
1.32178000e+03 9.27543000e+02 1.78390000e+03 -1.52463723e-02 8.27327050e-04 8.34999033e-03
1.26722000e+03 8.79065000e+02 1.77027000e+03 8.72123637e-03 1.02822964e-02 7.73432213e-03
1.28468000e+03 9.08499000e+02 1.76886000e+03 2.23657123e-03 1.78220510e-03 7.97999475e-03
1.30450000e+03 9.49379000e+02 1.75982000e+03 -3.13485855e-03 -5.29892813e-03 1.14916044e-02
1.27048000e+03 9.29758000e+02 1.75624000e+03 1.24934876e-02 -3.02927294e-03 1.28881999e-02
1.33446000e+03 8.49011000e+02 1.77943000e+03 -1.38134130e-02 1.49806936e-02 -6.66669147e-03
1.27056000e+03 9.07486000e+02 1.76442000e+03 8.82800849e-03 2.21735422e-03 9.83447962e-03
1.33771000e+03 8.57834000e+02 1.79317000e+03 -1.85367111e-02 1.57931694e-02 -2.61344169e-03
1.30286000e+03 8.67565000e+02 1.79064000e+03 -8.36484370e-03 1.23014235e-02 3.75687768e-03
1.29413000e+03 8.47246000e+02 1.79301000e+03 -4.89078883e-03 1.79536233e-02 3.52069880e-03
1.29690000e+03 9.46449000e+02 1.77288000e+03 -5.40097794e-03 -4.54825597e-03 1.47947292e-02
1.34151000e+03 9.13253000e+02 1.79777000e+03 -2.40025956e-02 6.78069687e-03 5.75585387e-03
1.31511000e+03 9.11515000e+02 1.78183000e+03 -1.16606930e-02 2.57557330e-03 6.68146771e-03
1.25204000e+03 8.85212000e+02 1.76368000e+03 1.57207637e-02 9.32899708e-03 1.14267343e-02
1.25703000e+03 8.67897000e+02 1.76890000e+03 1.32431974e-02 1.45261062e-02 8.42591774e-03
1.34038000e+03 9.02302000e+02 1.77174000e+03 -1.68086276e-02 4.71991563e-03 -1.51379242e-03
1.30509000e+03 8.64377000e+02 1.77481000e+03 -2.75847409e-03 1.19741255e-02 -2.03956037e-04
1.31697000e+03 9.34675000e+02 1.76297000e+03 -7.43836440e-03 -1.74688995e-03 6.49410421e-03
1.26328000e+03 9.18422000e+02 1.75854000e+03 1.33957888e-02 -5.18246888e-04 1.24183269e-02
1.26078000e+03 8.94379000e+02 1.76556000e+03 1.13212181e-02 5.62627168e-03 1.04722158e-02
1.30987000e+03 8.85936000e+02 1.77050000e+03 -5.37092627e-03 8.06020769e-03 1.06375221e-03
1.25230000e+03 9.23874000e+02 1.75115000e+03 1.89894027e-02 -1.77305756e-03 1.41870507e-02
1.31785000e+03 9.51938000e+02 1.75981000e+03 -7.17059718e-03 -4.90739048e-03 9.72721701e-03
1.31882000e+03 8.54371000e+02 1.80488000e+03 -1.67335099e-02 1.54780799e-02 2.27156976e-03
1.35466000e+03 8.95775000e+02 1.78986000e+03 -2.54983286e-02 1.06022172e-02 -6.19244162e-04
1.30138000e+03 9.22968000e+02 1.77583000e+03 -6.31724380e-03 -4.84264172e-04 8.87185242e-03
1.35059000e+03 9.31497000e+02 1.76407000e+03 -2.11899680e-02 -1.04034682e-03 -3.80160506e-04
1.30611000e+03 9.54856000e+02 1.77923000e+03 -1.01047492e-02 -4.60831760e-03 1.68835307e-02
1.33776000e+03 8.91519000e+02 1.77811000e+03 -1.73436038e-02 7.75329129e-03 -1.10647479e-03
1.35059000e+03 8.73804000e+02 1.77550000e+03 -2.07291452e-02 1.06807112e-02 -6.51525348e-03
1.32858000e+03 8.71687000e+02 1.77828000e+03 -1.33325652e-02 1.08727549e-02 -2.67958556e-03
1.24566000e+03 8.72083000e+02 1.76258000e+03 1.82599485e-02 1.38213479e-02 1.09991161e-02
1.34097000e+03 8.45684000e+02 1.79671000e+03 -1.94235614e-02 1.79176708e-02 -3.70833577e-03
1.30840000e+03 9.36860000e+02 1.77692000e+03 -9.25404738e-03 -8.71100542e-04 1.08575230e-02
1.32598000e+03 8.87262000e+02 1.77223000e+03 -1.07843511e-02 7.48625396e-03 -1.01264489e-03
1.24526000e+03 8.98551000e+02 1.75707000e+03 2.06865985e-02 4.75293242e-03 1.32135642e-02
1.34136000e+03 8.96440000e+02 1.80245000e+03 -2.42439179e-02 1.06885822e-02 4.78032086e-03
1.25288000e+03 8.53203000e+02 1.76830000e+03 1.60655933e-02 1.86385595e-02 7.34544890e-03
1.25572000e+03 9.07037000e+02 1.75859000e+03 1.56277319e-02 1.17465599e-03 1.19418156e-02
1.33272000e+03 9.27646000e+02 1.77694000e+03 -1.58980495e-02 1.74937442e-03 5.36961548e-03
1.30706000e+03 9.18442000e+02 1.76444000e+03 -3.63086445e-03 7.21116569e-04 5.13027108e-03
1.32657000e+03 9.05667000e+02 1.76823000e+03 -1.09916345e-02 3.50354978e-03 7.19589470e-04
1.33398000e+03 9.42751000e+02 1.77499000e+03 -1.70256405e-02 1.83062728e-04 8.46415147e-03
1.32006000e+03 8.92955000e+02 1.79068000e+03 -1.50413729e-02 6.91913902e-03 5.05444065e-03
1.28011000e+03 9.52152000e+02 1.76615000e+03 2.32588452e-03 -7.69915987e-03 1.80929047e-02
1.31213000e+03 8.64932000e+02 1.79948000e+03 -1.36355688e-02 1.35297449e-02 3.94022306e-03
1.29849000e+03 9.31025000e+02 1.79865000e+03 -1.73890607e-02 -7.59899643e-03 1.45543607e-02
1.30353000e+03 9.44282000e+02 1.80226000e+03 -2.05971666e-02 -1.23326315e-02 1.74987770e-02
1.29214000e+03 9.52154000e+02 1.79685000e+03 -1.63915159e-02 -1.64303564e-02 2.04738268e-02
1.28608000e+03 9.32220000e+02 1.79108000e+03 -9.85061222e-03 -8.29184683e-03 1.56825000e-02
1.28450000e+03 9.44963000e+02 1.79026000e+03 -1.10855916e-02 -1.31957159e-02 1.93805425e-02
1.25261000e+03 8.59205000e+02 1.79246000e+03 5.94293659e-03 1.84024986e-02 1.52830168e-02
1.27496000e+03 9.37281000e+02 1.78517000e+03 -4.78682922e-03 -1.13745430e-02 1.83086754e-02
1.26399000e+03 8.56848000e+02 1.79959000e+03 2.31368804e-04 1.83769684e-02 1.40671528e-02
1.29658000e+03 9.11687000e+02 1.79899000e+03 -1.59365842e-02 -1.02985671e-04 1.27153966e-02
1.26358000e+03 9.43231000e+02 1.77854000e+03 9.33230059e-04 -1.15438554e-02 2.07628624e-02
1.28566000e+03 9.19316000e+02 1.79167000e+03 -9.70857845e-03 -3.92541515e-03 1.42234297e-02
1.26309000e+03 8.69857000e+02 1.79537000e+03 5.20125429e-05 1.46285128e-02 1.47433306e-02
1.27475000e+03 8.67407000e+02 1.80138000e+03 -4.61424814e-03 1.34238127e-02 1.27747887e-02
1.24869000e+03 8.76242000e+02 1.78835000e+03 7.05395896e-03 1.46342670e-02 1.75617838e-02
1.26961000e+03 9.09400000e+02 1.78810000e+03 -2.84532790e-03 3.09298517e-04 1.59195994e-02
