x y z dx dy dz
1278.57 937.489 1800.49 -0.273087 0.18899 -0.0210378
1278.45 913.058 1802.38 -0.273335 0.20553 -0.0239745
1277.25 949.092 1801.64 -0.27283 0.182596 -0.0211665
1269.3 943.464 1795.71 -0.267926 0.183621 -0.0230582
1268.05 954.943 1797.45 -0.271091 0.179017 -0.022944
1270.24 931.284 1795.89 -0.265706 0.192465 -0.0235155
1260.02 949.803 1790.96 -0.263785 0.181701 -0.0268892
1252.33 931.123 1786.34 -0.255117 0.190497 -0.028802
1253.04 919.488 1788.95 -0.255611 0.196221 -0.02789
1253.77 908.542 1792.24 -0.259289 0.203594 -0.0264916
1254.58 897.715 1795.85 -0.260132 0.209722 -0.0267321
1245.54 890.874 1793.65 -0.255455 0.212683 -0.0297021
1255.27 886.549 1799.5 -0.260401 0.215431 -0.0268396
1246.14 879.489 1797.35 -0.257508 0.219459 -0.0286837
1255.74 875.187 1803.04 -0.261227 0.221255 -0.0268087
1246.8 867.949 1801.01 -0.257047 0.224355 -0.0292491
1247.5 856.469 1804.54 -0.258851 0.228469 -0.028591
1263.56 904.505 1797.85 -0.26502 0.207453 -0.0264608
1265.28 882.142 1804.97 -0.266447 0.219145 -0.0252562
1262.38 914.611 1794.65 -0.262462 0.200064 -0.0240828
1264.8 893.717 1801.44 -0.266173 0.213303 -0.0261211
1275.13 902.031 1803.46 -0.272162 0.209362 -0.025088
1279.18 925.389 1800.94 -0.273001 0.198511 -0.0213723
1251.36 943.67 1785.04 -0.254021 0.185559 -0.0286195
1260.92 937.425 1790.57 -0.260435 0.188114 -0.0266515
1261.73 925.535 1792.11 -0.260804 0.194327 -0.0257419
1271.25 919.382 1797.83 -0.268729 0.200999 -0.0254692
1270.88 910.241 1799.57 -0.267767 0.20618 -0.0243069
1279.01 849.672 1795.54 -0.259386 0.229216 -0.0280402
1268.73 846.087 1790.72 -0.252526 0.228522 -0.0308132
1271.67 857.387 1790.19 -0.254467 0.224826 -0.0299675
1261.34 853.871 1785.54 -0.247854 0.224078 -0.032595
1264.24 865.156 1785.12 -0.249903 0.220248 -0.0321459
1253.88 861.726 1780.63 -0.242908 0.220403 -0.0340819
1251.03 850.382 1780.79 -0.24134 0.223747 -0.0350362
1246.4 869.696 1775.9 -0.238858 0.215595 -0.0356308
1282.06 860.904 1794.69 -0.260652 0.224646 -0.0273277
1319.89 894.057 1803.49 -0.277182 0.223724 -0.0170632
1323.05 905.217 1801.64 -0.27782 0.220885 -0.0164703
1312.82 901.504 1797.25 -0.272477 0.217647 -0.0196445
1315.82 912.588 1795.73 -0.273021 0.214595 -0.0187111
1305.56 909.255 1791.38 -0.267859 0.212106 -0.0219105
1248.68 944.227 1758.77 -0.23268 0.187028 -0.0343115
1258.51 947.715 1764.16 -0.239721 0.187595 -0.031846
1255.88 936.001 1763.74 -0.238168 0.190618 -0.0328734
1265.86 939.42 1768.34 -0.244289 0.191705 -0.0303653
1263.09 927.598 1768.95 -0.243162 0.194775 -0.0312136
1273.37 930.914 1772.93 -0.248403 0.195629 -0.0292947
1269.76 918.952 1774 -0.247485 0.198354 -0.0304767
1302.47 898.022 1793.19 -0.267748 0.215759 -0.0227739
1308.28 920.582 1790.27 -0.268163 0.209706 -0.0212249
1252.13 924.329 1764.83 -0.236667 0.193523 -0.0339405
1275.65 942.844 1773.31 -0.250141 0.193235 -0.0273081
1318.02 923.433 1794.84 -0.273863 0.212364 -0.0180856
1295.12 905.926 1787.56 -0.262674 0.210077 -0.024592
1291.88 894.596 1789.6 -0.263057 0.213755 -0.0252131
1299.19 886.833 1795.29 -0.267313 0.218704 -0.0236033
1283.26 934.295 1777.14 -0.253582 0.197983 -0.0267119
1285.04 946.146 1778.57 -0.256749 0.195254 -0.0242553
1310.61 932.209 1790.4 -0.268685 0.208328 -0.0203661
1277.13 954.374 1775.93 -0.252882 0.190796 -0.0250305
1284.42 902.568 1784.27 -0.258145 0.208632 -0.0277021
1281.1 891.183 1786.32 -0.257758 0.211402 -0.0284372
1273.59 899.185 1781.24 -0.253032 0.206281 -0.0302379
1331.54 946.388 1802.59 -0.280101 0.217586 -0.012477
1302.89 868.135 1803.33 -0.271491 0.22793 -0.0211785
1270.32 887.77 1783.06 -0.253316 0.21146 -0.0303897
1262.83 895.732 1778.16 -0.248951 0.206243 -0.0317464
1287.67 914.088 1782.35 -0.257613 0.205209 -0.0264421
1294.14 949.452 1784.13 -0.262456 0.196745 -0.0215727
1300.71 929.13 1785.62 -0.263091 0.204895 -0.0230147
1277.78 879.848 1788.05 -0.257646 0.215457 -0.0290237
1299.59 856.957 1804.9 -0.27116 0.231592 -0.0225725
1259.6 884.296 1779.53 -0.247644 0.211567 -0.0327049
1331.16 934.415 1801.15 -0.279514 0.218406 -0.0143657
1266.13 907.248 1776.07 -0.248723 0.20184 -0.0315259
1255.32 903.554 1772.95 -0.242252 0.20188 -0.033518
1323.83 942.378 1797.89 -0.2764 0.213091 -0.0143543
1258.53 915.198 1770.54 -0.242339 0.197966 -0.0325192
1246.87 911.661 1766.59 -0.236382 0.196888 -0.0348602
1302.91 941.167 1787.04 -0.26486 0.203674 -0.0210676
1267.95 951.223 1769.88 -0.246033 0.18908 -0.0285832
1276.99 910.706 1779.11 -0.253012 0.202999 -0.0293532
1288.55 883.326 1791.64 -0.262084 0.2173 -0.0267664
1306.28 879.281 1801.37 -0.272239 0.223695 -0.0211267
1309.62 890.399 1799.25 -0.272196 0.220891 -0.020248
1335.27 921.857 1804.51 -0.282193 0.224041 -0.0134425
1326.22 916.686 1800.44 -0.278316 0.21906 -0.0159079
1295.82 875.656 1797.33 -0.266821 0.222364 -0.0243667
1280.34 922.426 1777.47 -0.252261 0.200035 -0.0286511
1298.11 917.387 1786.03 -0.262996 0.207245 -0.024357
1322.07 952.371 1799.48 -0.275472 0.211636 -0.0130927
1313.87 944.821 1793.23 -0.271095 0.207991 -0.0170882
1289.29 853.282 1800.27 -0.265534 0.230716 -0.0252866
1249.28 880.939 1775.61 -0.241077 0.210975 -0.0347454
1292.48 864.476 1799.04 -0.266543 0.226416 -0.0247453
1285.24 872.099 1793.39 -0.261716 0.220128 -0.0269989
1245.62 933.034 1759.14 -0.231815 0.18983 -0.0350346
1274.71 868.606 1789.37 -0.256683 0.220203 -0.0293829
1267.2 876.433 1784.35 -0.252067 0.216317 -0.0312919
1290.61 925.811 1781.29 -0.257776 0.202463 -0.0259112
1292.91 937.74 1781.76 -0.259321 0.200242 -0.0237879
1256.72 873.044 1780.31 -0.24559 0.216443 -0.0335893
1252.39 892.063 1774.8 -0.243121 0.206782 -0.0334906
1303.37 953.258 1790.24 -0.267698 0.20191 -0.0178298
1326.07 925.806 1798.87 -0.277111 0.216457 -0.0158002
1245.71 898.893 1770.09 -0.237371 0.202644 -0.034697
1320.01 933.461 1795.23 -0.274083 0.211821 -0.0168862
1342.3 847.115 1769.82 -0.260948 0.234167 -0.025095
1334.49 854.317 1768.14 -0.257629 0.229981 -0.026287
1345.38 858.312 1767.72 -0.261982 0.231291 -0.0242744
1336.77 865.823 1765.99 -0.258014 0.22654 -0.0256863
1347.85 869.634 1765.62 -0.262589 0.22866 -0.0236233
1338.86 877.239 1763.88 -0.259192 0.223375 -0.0252788
1350.07 881.031 1763.54 -0.263648 0.225431 -0.0230123
1341.59 888.747 1761.83 -0.260264 0.221129 -0.0241237
1352.59 892.524 1761.51 -0.265093 0.222627 -0.0224034
1344.11 900.458 1759.78 -0.261046 0.218329 -0.0230546
1345.83 911.917 1757.81 -0.261096 0.215882 -0.0222688
1333.45 906.839 1758.24 -0.256421 0.213834 -0.0242864
1336.65 919.619 1756.1 -0.258306 0.211657 -0.0234251
1325.55 915.991 1756.19 -0.253655 0.209314 -0.0252968
1327.83 927.621 1754.23 -0.254704 0.206926 -0.0245741
1316.43 923.854 1754.02 -0.249347 0.205119 -0.0261736
1318.82 935.405 1752.09 -0.25043 0.203356 -0.0250929
1307.81 931.481 1751.45 -0.245579 0.200545 -0.0277633
1309.87 942.97 1749.54 -0.246397 0.199132 -0.0262708
1298.88 938.898 1748.24 -0.240347 0.196999 -0.0295133
1300.87 950.336 1746.5 -0.241483 0.19534 -0.027763
1289.99 945.964 1744.43 -0.236031 0.193765 -0.0298532
1321.01 947.044 1750.24 -0.251264 0.201215 -0.0234779
1314.6 912.487 1756.08 -0.248634 0.207333 -0.0274351
1287.22 933.457 1746.54 -0.236059 0.196125 -0.0320983
1281.35 953.895 1740.24 -0.232295 0.190153 -0.0315918
1325.63 861.751 1766.35 -0.253795 0.225325 -0.0274638
1250.03 858.891 1755.13 -0.225355 0.215363 -0.0417991
1245.27 869.083 1751.22 -0.223055 0.211038 -0.0427397
1254.96 848.721 1759 -0.228019 0.219925 -0.0407696
1256.39 869.416 1755.71 -0.228414 0.212531 -0.0403106
1251.71 879.665 1752.07 -0.226149 0.207042 -0.0412891
1263.06 880.114 1755.84 -0.231459 0.208315 -0.0391049
1258.58 890.478 1752.15 -0.228852 0.203978 -0.0396154
1267.91 869.566 1759.02 -0.232787 0.213251 -0.0384475
1274.67 880.201 1758.49 -0.235555 0.21071 -0.0368044
1279.65 869.42 1761.3 -0.237266 0.214996 -0.0358036
1286.44 879.832 1760.28 -0.239426 0.211951 -0.0341152
1281.5 890.908 1757.35 -0.237578 0.207534 -0.0346087
1245.11 923.117 1734.28 -0.21692 0.191402 -0.0419288
1329.18 885.439 1761.99 -0.25471 0.218524 -0.0263789
1247.03 941.564 1728.35 -0.215553 0.186398 -0.0410458
1291.45 868.955 1762.82 -0.241965 0.216612 -0.0332798
1284.72 858.799 1763.92 -0.239395 0.219746 -0.0348446
1298.25 879.073 1761.51 -0.243607 0.21427 -0.0318666
1339.11 931.574 1754.14 -0.258735 0.209887 -0.0223101
1296.48 858.33 1765.25 -0.243567 0.221145 -0.0326544
1289.91 848.372 1766.55 -0.241352 0.224717 -0.0342436
1278.08 848.66 1764.88 -0.236839 0.222232 -0.0363392
1352.71 947.339 1751.96 -0.264561 0.209827 -0.0187852
1249.44 906.589 1743.33 -0.221971 0.197431 -0.0415627
1313.19 847.948 1768.46 -0.250201 0.228207 -0.0303185
1253.34 952.136 1729.01 -0.217753 0.184721 -0.0385655
1257.93 941.898 1733.21 -0.220588 0.187896 -0.0386163
1264.3 952.176 1733.82 -0.223289 0.186601 -0.0359459
1268.46 942.024 1737.64 -0.226446 0.190037 -0.0360091
1262.68 932.159 1738.41 -0.224283 0.191316 -0.0380501
1274.04 932.456 1742.63 -0.229766 0.193262 -0.0353654
1267.17 922.539 1743.74 -0.228214 0.194798 -0.0369837
1279.09 922.402 1747.55 -0.232888 0.196898 -0.0347368
1271.76 912.284 1749.05 -0.231203 0.198458 -0.0366552
1283.8 912.02 1752.02 -0.235542 0.200557 -0.0338422
1276.69 901.736 1753.72 -0.234035 0.202637 -0.0352081
1288.49 901.212 1755.84 -0.239159 0.205193 -0.0336192
1295.6 911.346 1754.23 -0.241154 0.203161 -0.0317763
1300.36 900.652 1757.3 -0.24401 0.207349 -0.0311714
1265.38 902.246 1750.79 -0.230471 0.201104 -0.0383417
1293.35 890.223 1758.9 -0.241664 0.209218 -0.0326726
1305.27 889.402 1760.01 -0.245926 0.212038 -0.0305091
1309.79 877.709 1762.53 -0.247785 0.217294 -0.029837
1312.81 900.669 1758.29 -0.248593 0.210197 -0.0286429
1291.21 921.441 1750.8 -0.237867 0.199275 -0.0322591
1317.12 887.971 1760.98 -0.250601 0.215476 -0.028131
1324.94 897.254 1759.61 -0.253284 0.213757 -0.0265253
1256.15 922.891 1739.36 -0.222724 0.192583 -0.0398167
1332.28 951.095 1750.44 -0.255989 0.203332 -0.0212083
1311.94 954.56 1747.84 -0.247177 0.196858 -0.024675
1330.11 939.368 1752.32 -0.255339 0.204507 -0.023038
1304.11 920.048 1753.36 -0.244211 0.202848 -0.029493
1258.92 911.699 1745.13 -0.225881 0.196354 -0.0393681
1261.33 859.066 1759.08 -0.229989 0.217185 -0.0392021
1266.4 848.772 1762.43 -0.232278 0.221033 -0.0380231
1272.95 859.051 1761.95 -0.235272 0.217814 -0.0372748
1348.15 923.732 1755.83 -0.263265 0.21393 -0.0211005
1327.64 872.704 1764.33 -0.254919 0.222455 -0.0269578
1350.46 935.572 1753.88 -0.263542 0.211526 -0.0196544
1251.68 932.013 1733.72 -0.219071 0.189714 -0.0405098
1269.88 891.059 1755.16 -0.233318 0.20553 -0.0371573
1341.39 943.375 1752.21 -0.259773 0.207455 -0.0206408
1301.75 847.927 1767.71 -0.246023 0.226206 -0.0319566
1303.25 868.208 1763.91 -0.245653 0.219441 -0.0315365
1315.72 867.43 1764.81 -0.250043 0.221838 -0.0290104
1247.36 889.487 1747.96 -0.222931 0.202643 -0.041835
1278.99 943.014 1741.43 -0.231647 0.192124 -0.0333937
1324.21 850.188 1768.56 -0.253687 0.22961 -0.0280825
1254.99 899.798 1748.14 -0.225984 0.20022 -0.0406155
1307.84 857.722 1766.21 -0.247656 0.224102 -0.030805
1334.7 895.804 1760.29 -0.257505 0.217452 -0.0252934
1322.43 906.812 1757.7 -0.252314 0.21074 -0.0265161
1319.43 878.348 1762.91 -0.251574 0.218908 -0.0280746
1317.33 856.993 1766.9 -0.251093 0.225809 -0.0292411
1248.64 914.865 1739.51 -0.220122 0.194395 -0.041492
1297.9 929.131 1750.22 -0.240676 0.198769 -0.0298867
1305.1 909.991 1755.71 -0.244941 0.205864 -0.0296397
1352.17 850.273 1769.51 -0.264359 0.23607 -0.0232986
1272.75 950.877 1737.47 -0.228153 0.189 -0.0341294
1245.04 889.476 1699.91 -0.199645 0.192427 -0.0538788
1252.91 898.565 1698.48 -0.201317 0.190459 -0.052906
1245.24 858.145 1705.81 -0.200849 0.2022 -0.0553008
1248.84 909.634 1696.29 -0.198993 0.187443 -0.0526314
1260.72 907.658 1697.05 -0.20317 0.188893 -0.0512228
1268.49 916.754 1695.62 -0.205307 0.187755 -0.0497571
1272.59 905.691 1697.79 -0.207164 0.190452 -0.0503716
1280.34 914.793 1696.36 -0.209206 0.189119 -0.0487253
1284.46 903.729 1698.53 -0.211015 0.192089 -0.0489766
1292.2 912.834 1697.1 -0.214029 0.190469 -0.0472576
1296.32 901.77 1699.25 -0.2155 0.19414 -0.0478918
1304.04 910.876 1697.82 -0.218021 0.192729 -0.0460397
1308.17 899.811 1699.96 -0.220308 0.196076 -0.0463389
1315.88 908.919 1698.54 -0.22313 0.194062 -0.0451973
1320.02 897.853 1700.67 -0.224988 0.197081 -0.0450963
1311.75 919.984 1696.41 -0.221492 0.19127 -0.0446738
1323.58 918.027 1697.13 -0.225766 0.193319 -0.0430742
1249.59 847.056 1708.08 -0.202894 0.206257 -0.0553481
1319.45 929.093 1695 -0.224076 0.190469 -0.0429654
1331.28 927.138 1695.74 -0.22863 0.192132 -0.0417455
1343.11 925.183 1696.47 -0.233863 0.194919 -0.0401907
1312.31 888.745 1702.09 -0.222082 0.198693 -0.046829
1324.15 886.786 1702.79 -0.226631 0.200839 -0.0454527
1316.45 877.681 1704.23 -0.223668 0.201747 -0.0469616
1328.29 875.724 1704.93 -0.227828 0.204425 -0.0456828
1320.59 866.624 1706.38 -0.224943 0.206009 -0.046689
1332.43 864.67 1707.08 -0.229802 0.207602 -0.045681
1324.73 855.579 1708.56 -0.227479 0.209406 -0.0468338
1336.56 853.627 1709.28 -0.232538 0.211336 -0.045721
1344.26 862.716 1707.8 -0.235162 0.210333 -0.0440394
1308.74 868.579 1705.68 -0.220722 0.203197 -0.0482172
1317.03 846.497 1710.07 -0.224934 0.210849 -0.0478142
1276.7 894.623 1699.96 -0.208902 0.193788 -0.0504271
1257.42 856.202 1706.53 -0.204431 0.203485 -0.0543649
1335.99 884.828 1703.49 -0.231724 0.203136 -0.0439738
1256.98 887.487 1700.66 -0.203228 0.193998 -0.0531016
1293.34 850.387 1708.66 -0.215921 0.207919 -0.0507201
1281.43 852.329 1707.95 -0.211652 0.206359 -0.0519053
1289.15 861.429 1706.45 -0.214046 0.204634 -0.050595
1277.22 863.378 1705.74 -0.21001 0.203023 -0.0519401
1284.98 872.486 1704.27 -0.212199 0.20099 -0.0507862
1273.05 874.442 1703.56 -0.208465 0.199063 -0.0520249
1301.03 859.48 1707.15 -0.217989 0.205468 -0.0496393
1280.83 883.553 1702.11 -0.210484 0.197375 -0.050668
1292.72 881.595 1702.83 -0.214831 0.199322 -0.049548
1288.58 892.662 1700.68 -0.212848 0.1959 -0.0491868
1268.91 885.516 1701.39 -0.206896 0.195514 -0.0518412
1264.8 896.59 1699.22 -0.2053 0.191912 -0.0517634
1261.08 876.405 1702.84 -0.204758 0.197296 -0.0533729
1253.2 867.286 1704.31 -0.202741 0.200133 -0.0543265
1335.42 916.071 1697.85 -0.23092 0.195241 -0.0418107
1347.25 914.115 1698.57 -0.23581 0.197885 -0.0407091
1339.55 905.003 1699.96 -0.232713 0.199076 -0.0423627
1351.38 903.047 1700.68 -0.237515 0.200545 -0.0414194
1343.69 893.936 1702.08 -0.234603 0.201585 -0.042411
1347.82 882.871 1704.2 -0.236431 0.205199 -0.0428996
1331.85 895.894 1701.37 -0.229407 0.199985 -0.043945
1327.72 906.961 1699.25 -0.228075 0.196561 -0.0438034
1351.96 871.812 1706.35 -0.238129 0.208899 -0.0429494
1269.46 854.269 1707.25 -0.208197 0.205269 -0.0529146
1265.24 865.328 1705.03 -0.206312 0.201317 -0.0533244
1249.08 878.383 1702.1 -0.201319 0.196166 -0.0543958
1350.8 934.298 1695.1 -0.237685 0.193405 -0.0386183
1261.7 845.16 1708.78 -0.206761 0.20799 -0.0543058
1296.87 870.532 1704.98 -0.216458 0.202221 -0.049412
1354.94 923.229 1697.19 -0.239223 0.196679 -0.0390621
1340.13 873.768 1705.63 -0.233156 0.206394 -0.0440775
1304.59 879.638 1703.53 -0.219261 0.200029 -0.0483174
1312.88 857.53 1707.85 -0.222472 0.20762 -0.0481408
1305.19 848.443 1709.36 -0.220816 0.209334 -0.0494772
1299.91 921.94 1695.67 -0.216433 0.18908 -0.0458818
1348.39 851.676 1710.01 -0.237394 0.213418 -0.0442106
1300.45 890.704 1701.39 -0.217586 0.197096 -0.0482324
1287.3 847.539 1696.42 -0.209743 0.205283 -0.0549743
1301.11 849.415 1697.25 -0.214129 0.205782 -0.053536
1345.86 865.149 1696.08 -0.230413 0.206412 -0.0476283
1293.58 861.594 1697.42 -0.211766 0.202285 -0.0529418
1319.3 862.281 1696.73 -0.220249 0.204637 -0.0506241
1264.13 853.935 1697.06 -0.202455 0.202346 -0.0565736
1329.79 850.201 1699.73 -0.225431 0.208769 -0.0498327
1336.81 876.297 1696.45 -0.227907 0.203271 -0.0471275
1343.03 853.724 1699.08 -0.230107 0.209673 -0.0479854
1298.86 872.698 1695.57 -0.213425 0.199879 -0.0516479
1315.02 846.448 1699.62 -0.220059 0.208185 -0.0514729
1281.93 857.644 1698.42 -0.208668 0.202921 -0.0541675
1322.71 853.92 1738.32 -0.240738 0.219616 -0.0384155
1327.72 906.159 1725.93 -0.241066 0.204679 -0.0356649
1340.71 952.242 1718.85 -0.24622 0.19679 -0.030009
1347.98 925.086 1727.83 -0.251891 0.205458 -0.0303247
1348.14 883.61 1731.38 -0.249889 0.215005 -0.0339001
1294.02 847.393 1736.13 -0.229679 0.216944 -0.0430984
1320.08 931.312 1723.91 -0.238115 0.197691 -0.0338983
1303.51 874.844 1736.25 -0.233912 0.210869 -0.0395715
1295.39 904.356 1726.04 -0.228721 0.199944 -0.0402277
1276.4 869.222 1734.9 -0.224277 0.208718 -0.0438426
1294.65 929.581 1719.07 -0.226432 0.192703 -0.0392047
1272.64 895.286 1725.44 -0.219918 0.19931 -0.0448625
1279.56 953.942 1715.51 -0.220396 0.185578 -0.0384095
1318.74 878.538 1733.84 -0.238434 0.211234 -0.0376348
1269.6 918.528 1720.47 -0.218019 0.192249 -0.0434551
1253.29 880.126 1725.81 -0.213673 0.201557 -0.0483494
1345.99 860.793 1732.27 -0.247777 0.219617 -0.0362769
1247.07 859.069 1727.95 -0.212426 0.208098 -0.0495322
1252.33 907.554 1718.88 -0.211237 0.193319 -0.0474465
1264.88 930.848 1708.94 -0.211683 0.187191 -0.0453889
1341.85 899.042 1731.04 -0.248152 0.210481 -0.0331818
1312.37 915.537 1714.43 -0.230311 0.196949 -0.0402686
1320.52 954.368 1735.73 -0.245124 0.195731 -0.0269806
1341.73 852.025 1748.01 -0.252253 0.226656 -0.0326908
1308.97 887.958 1720.33 -0.229631 0.20391 -0.042178
1287.34 891.093 1741.69 -0.232172 0.205282 -0.0388277
1308.93 846.512 1748.15 -0.239933 0.222771 -0.0377351
1334.18 937.49 1731.07 -0.247835 0.201835 -0.028949
1340.75 912.999 1719.06 -0.243358 0.203907 -0.0356957
1304.2 861.189 1729.56 -0.230596 0.21214 -0.0426661
1334 935.527 1713.2 -0.239538 0.196541 -0.0349932
1323.69 893.046 1735.58 -0.242379 0.209319 -0.0350368
1315.98 872.209 1748.03 -0.243851 0.215825 -0.0344473
1283.75 882.741 1716.93 -0.21919 0.201259 -0.0469052
1334.61 867.491 1743.6 -0.24872 0.219699 -0.0338558
1306.64 944.942 1723.68 -0.233585 0.193112 -0.0341133
1328.06 921.742 1740.95 -0.248311 0.205604 -0.0292015
1319.85 950.851 1709.18 -0.232134 0.190601 -0.0357746
1306.46 926.024 1730.69 -0.236037 0.198075 -0.0350552
1289.19 869.788 1748.99 -0.234934 0.213684 -0.0379754
1346.37 942.672 1706 -0.241961 0.195332 -0.0348475
1339.03 884.28 1717.1 -0.239303 0.208717 -0.0393702
1247.97 923.663 1713.84 -0.207865 0.188488 -0.0469369
1249.13 952.73 1708.02 -0.206901 0.181099 -0.0444219
1298.85 944.237 1706.49 -0.222497 0.188472 -0.0400438
1329.25 920.098 1712.5 -0.236658 0.198522 -0.0378986
1280.8 854.381 1728.65 -0.222556 0.211677 -0.0462708
1352.52 864.884 1749.52 -0.258199 0.225525 -0.0292053
1289.91 913.657 1711.07 -0.220087 0.193348 -0.0438256
1310.78 907.576 1737.94 -0.239398 0.204482 -0.03445
1279.38 910.024 1734.89 -0.226809 0.198049 -0.0395699
1259.95 860.517 1742.84 -0.222934 0.212075 -0.0443854
1280.43 858.201 1748.23 -0.230838 0.215603 -0.0402739
1265.54 861.421 1720.11 -0.213703 0.206289 -0.0499469
1336.51 887.053 1749.02 -0.25261 0.217243 -0.0296391
1295.82 874.331 1717.59 -0.222888 0.204494 -0.0461282
1278.04 934.682 1727.93 -0.224583 0.191545 -0.0380375
1256.55 895.15 1731.85 -0.21816 0.198983 -0.0451584
1265.47 884.238 1738.75 -0.223903 0.204488 -0.0430767
1268.21 882.137 1718.17 -0.214686 0.200598 -0.0486214
1306.35 929.724 1709.92 -0.226389 0.192613 -0.0400709
1329.22 866.478 1720.98 -0.236236 0.21213 -0.041817
1280.12 932.617 1708.85 -0.216247 0.188648 -0.0433741
1307.78 860.328 1747.39 -0.240047 0.218051 -0.03684
1344.72 869.561 1718.79 -0.241757 0.21293 -0.0399761
1311.59 871.203 1718.41 -0.228608 0.207317 -0.0437521
1343.74 914.953 1744.37 -0.256382 0.211437 -0.0264304
1351.46 892.305 1718.75 -0.246278 0.209587 -0.037272
1265.37 904.767 1710.28 -0.210886 0.192707 -0.0484451
1286.3 896.558 1712.48 -0.218315 0.197057 -0.0462201
1252.63 848.138 1743.54 -0.220467 0.215861 -0.0453881
1259.77 893.627 1714.52 -0.211222 0.196069 -0.0489006
1303.32 892.946 1736.83 -0.23531 0.206518 -0.0372466
1324.12 854.915 1754.98 -0.248427 0.224133 -0.0324932
1353.36 933.71 1741.13 -0.260248 0.20909 -0.0238577
1351.71 892.31 1748.69 -0.259681 0.219231 -0.0267752
1262.72 908.203 1733.56 -0.221074 0.196605 -0.0424306
1343.53 845.576 1724.61 -0.242075 0.220047 -0.0405534
1326.35 895.012 1715.57 -0.234366 0.203778 -0.040164
1326.6 908.194 1744.6 -0.2487 0.208475 -0.0296938
1254.68 922.061 1725.15 -0.215462 0.191076 -0.043558
1288.77 921.945 1736.55 -0.231501 0.196715 -0.0359878
1261.59 916.287 1707.87 -0.209305 0.189503 -0.047932
1302.95 905.196 1710.35 -0.22353 0.196836 -0.0435742
1278.76 880.944 1746.94 -0.231496 0.208759 -0.0394392
1298.29 890.319 1711.79 -0.22192 0.199854 -0.0453743
1294.78 882.516 1747.99 -0.236933 0.209947 -0.0364842
1315.8 943.504 1738.15 -0.243645 0.197304 -0.0287942
1287.11 948.34 1729.33 -0.228935 0.190454 -0.0344132
1319.65 935.417 1706.88 -0.230079 0.192332 -0.0386717
1250.27 867.44 1717.25 -0.208291 0.202875 -0.0513092
1294.4 855.03 1754.75 -0.238523 0.219992 -0.0368214
1350.96 849.2 1739 -0.25236 0.22568 -0.0348244
1294.25 905.15 1743.66 -0.235799 0.202868 -0.0354495
1267.79 947.216 1703.09 -0.209874 0.183032 -0.0441571
1349.58 877.945 1751 -0.258881 0.222453 -0.027833
1345.17 945.666 1740.71 -0.256919 0.204939 -0.0233798
1348.26 939.474 1722.53 -0.250584 0.201611 -0.0296922
1278.79 868.839 1718.26 -0.217156 0.204998 -0.0482889
1274.42 897.215 1742.29 -0.228461 0.202096 -0.0396397
1300.4 919.207 1706.76 -0.222074 0.192855 -0.0432836
1352.88 854.299 1757.69 -0.261279 0.231064 -0.0269802
1322.7 882.246 1715.29 -0.231797 0.205973 -0.0425128
1350.2 912.177 1728.92 -0.252026 0.208481 -0.0312355
1335.69 915.178 1731.4 -0.246798 0.206615 -0.0319277
1325.69 947.112 1722.56 -0.240915 0.195968 -0.0316209
1309.4 850.049 1733.75 -0.234151 0.217053 -0.0416328
1288.14 876.568 1733.56 -0.22762 0.20732 -0.042383
1315.88 865.336 1733.19 -0.236632 0.214173 -0.0396184
1301.4 915.646 1723.01 -0.230226 0.197471 -0.0392059
1328.57 847.092 1720.3 -0.234793 0.215818 -0.0435104
1312.93 903.067 1723.03 -0.233526 0.201989 -0.039196
1335 926.228 1724.39 -0.244144 0.201817 -0.032727
1255.75 875.577 1743.1 -0.22202 0.206905 -0.0440873
1270.77 869.152 1747.9 -0.228569 0.211193 -0.0411629
1267.17 944.671 1722.18 -0.218848 0.187419 -0.0398926
1323.71 907.365 1710.93 -0.232565 0.199218 -0.040619
1284.87 947.566 1702.08 -0.215321 0.184573 -0.0424582
1325.22 881.568 1751 -0.248745 0.215864 -0.0308303
1310.07 883.465 1749.44 -0.242455 0.212449 -0.0336587
1343.21 926.379 1707.99 -0.240053 0.198341 -0.03698
1251.84 938.529 1702.67 -0.204633 0.183306 -0.0473484
1354.49 880.218 1715.87 -0.244955 0.211512 -0.0387078
1273.4 893.744 1711.5 -0.213306 0.196328 -0.0483724
1293.55 933.322 1703.3 -0.21844 0.188607 -0.0428191
1309.51 948.166 1702.22 -0.224378 0.187957 -0.0392821
1271.54 921.818 1733.78 -0.224385 0.194313 -0.0392249
1348.57 953.435 1701.45 -0.240991 0.192586 -0.0344986
1319.03 916.844 1728.86 -0.238934 0.201913 -0.0347668
1320.7 930.555 1741.79 -0.245904 0.201921 -0.0283498
1246.4 936.108 1717.13 -0.209484 0.185681 -0.0448233
1338.76 861.85 1756.89 -0.255203 0.225837 -0.0288608
1294.62 937.805 1735.21 -0.234188 0.194433 -0.0336183
1329.82 944.023 1703.65 -0.233491 0.191508 -0.0372674
1300.56 916.248 1742.31 -0.237556 0.201241 -0.0338174
1248.61 862.81 1741.44 -0.219139 0.210507 -0.0459763
1315.2 856.292 1720.45 -0.229999 0.211884 -0.0446608
1335.69 852.838 1732.17 -0.242945 0.219902 -0.0385661
1285.41 896.81 1730.26 -0.226505 0.201194 -0.0412361
1278.78 884.474 1731.45 -0.224328 0.20444 -0.0433887
1277.87 913.595 1707.16 -0.213992 0.191686 -0.0464049
1351.7 871.091 1736.52 -0.252752 0.220026 -0.0333156
1278.48 906.663 1720.19 -0.220227 0.195767 -0.0438949
1338.75 930.141 1743.56 -0.254144 0.207553 -0.0256924
1335.45 878.372 1733.12 -0.244715 0.214686 -0.0356944
1353.01 905.022 1712.71 -0.245199 0.205222 -0.0372026
1317.09 922.176 1705.79 -0.228267 0.194108 -0.0410818
1261.57 871.438 1714.39 -0.210285 0.201773 -0.050882
1283.73 919.277 1722.71 -0.223602 0.194182 -0.0410676
1260.89 869.827 1730.59 -0.217318 0.206042 -0.0472333
1247.74 912.557 1705.62 -0.204093 0.189067 -0.0501854
1261.47 933.186 1726.05 -0.218147 0.189514 -0.0412444
1313.42 897.562 1709.47 -0.226824 0.199129 -0.0436307
1291.32 863.407 1734.51 -0.228597 0.211652 -0.0429712
1325.66 867.766 1755.01 -0.249975 0.220906 -0.0310696
1303.12 871.979 1753.08 -0.241156 0.215463 -0.0344633
1337.9 900.811 1711.3 -0.237817 0.203106 -0.0395602
1294.31 886.881 1727.47 -0.227577 0.203778 -0.0420982
1275.68 951.096 1728.87 -0.225083 0.188089 -0.0359142
1297.29 893.664 1749.35 -0.238797 0.207321 -0.0345513
1270.09 857.969 1736.1 -0.222911 0.211698 -0.0453421
1342.86 857.557 1718.61 -0.239987 0.214888 -0.0414232
1248.63 887.565 1738.03 -0.218194 0.201574 -0.0448677
1289.33 941.736 1716.98 -0.223754 0.189336 -0.0386762
1254.67 946.68 1718.7 -0.213161 0.184718 -0.041801
1254.25 881.973 1711.3 -0.207213 0.197673 -0.0515622
1334.55 847.668 1759.42 -0.2543 0.229614 -0.0298955
1312.75 898.326 1748.8 -0.244157 0.209002 -0.0316062
1255.33 853.408 1717.1 -0.20914 0.20747 -0.0521299
1340.07 911.579 1707.62 -0.237557 0.200275 -0.0389094
1259.62 854.899 1730.66 -0.21689 0.210767 -0.0479311
1328.82 944.5 1741.77 -0.250247 0.201161 -0.0255967
1312.29 919.709 1744.2 -0.243309 0.203153 -0.0304189
1338.77 899.985 1749.17 -0.254666 0.214931 -0.0272553
1270.88 850.947 1719.1 -0.214639 0.208922 -0.0505794
1247.23 889.606 1722.14 -0.210683 0.197627 -0.0485704
1307.68 935.984 1740.2 -0.241079 0.197807 -0.0306557
1297.37 859.337 1717.87 -0.222365 0.20859 -0.0467332
1266.52 855.055 1750.72 -0.22821 0.216064 -0.0416498
1255.8 925.922 1701.99 -0.205137 0.185796 -0.0486664
1347.83 951.849 1779.19 -0.273711 0.220194 -0.0124168
1341.78 871.796 1790.8 -0.272021 0.235205 -0.0173012
1346.31 933.644 1778.54 -0.271675 0.220242 -0.0148112
1343.31 903.228 1786.43 -0.272858 0.227089 -0.0158597
1325.46 847.98 1793.68 -0.267683 0.238217 -0.0208579
1329.16 884.308 1785.24 -0.267324 0.226345 -0.0201922
1323.3 934.885 1773.85 -0.262571 0.210507 -0.0191725
1315.47 864.967 1782.91 -0.260471 0.227693 -0.0245661
1326.38 914.984 1776.88 -0.264311 0.216251 -0.0201813
1342.84 887.399 1791.47 -0.274321 0.232518 -0.0158801
1347.03 847.079 1781.33 -0.268166 0.239964 -0.0203125
1312.81 944.065 1769.13 -0.258197 0.204878 -0.0212166
1312.88 898.301 1777.11 -0.258752 0.21556 -0.0241667
1299.75 854.598 1781.9 -0.254209 0.227481 -0.0280247
1299.79 876.661 1778.44 -0.254286 0.219122 -0.02749
1313.32 925.226 1773.67 -0.258727 0.209905 -0.0226714
1351.21 889.224 1776.56 -0.270766 0.229722 -0.0179014
1342.88 941.328 1763.73 -0.265595 0.212861 -0.0176796
1333.11 946.707 1788.54 -0.272382 0.216399 -0.0133809
1353.64 904.689 1803.69 -0.283236 0.238402 -0.0103112
1290.85 949.018 1760.94 -0.246724 0.196503 -0.025547
1328.9 898.485 1780.07 -0.26537 0.222093 -0.0200248
1300.12 933.79 1764.95 -0.250527 0.202176 -0.0257111
1325.23 864.912 1797.49 -0.271346 0.233834 -0.0193161
1301.23 908.555 1771.8 -0.253448 0.209048 -0.026725
1329.85 859.201 1779.08 -0.262034 0.231545 -0.0229605
1346.01 940.996 1794.76 -0.278074 0.225354 -0.0114931
1287.71 865.351 1778.8 -0.250274 0.220905 -0.0301225
1299.91 891.584 1775.76 -0.254603 0.214442 -0.0272162
1340.66 917.165 1771.53 -0.266371 0.218429 -0.0186208
1334.85 921.381 1789.47 -0.272699 0.221241 -0.0159014
1275.94 942.762 1757.21 -0.238815 0.193585 -0.0298371
1340.33 879.587 1777.63 -0.266771 0.228727 -0.0207637
1331.72 896.68 1794.91 -0.273532 0.226854 -0.0166038
1310.06 853.695 1796.18 -0.266277 0.23321 -0.0228064
1292.29 921.165 1765.86 -0.247756 0.202111 -0.0283469
1254.73 950.225 1745.04 -0.225353 0.187183 -0.0350106
1286.13 881.289 1775.22 -0.249281 0.214495 -0.0305721
1330 880.538 1799.09 -0.274451 0.231504 -0.0169493
1336.19 951.881 1763.1 -0.263556 0.208882 -0.017539
1263.86 939.786 1750.03 -0.230459 0.190871 -0.0337015
1286.77 895.781 1770.62 -0.248175 0.209357 -0.0303977
1346.77 862.288 1779 -0.2678 0.235344 -0.0201351
1279.23 853.437 1779.81 -0.247631 0.22406 -0.0317479
1353.55 904.121 1771.96 -0.271027 0.225936 -0.0180709
1309.62 883.104 1786.15 -0.263025 0.221386 -0.0237578
1272.58 867.678 1775.34 -0.245153 0.21762 -0.0334546
1315.95 876.028 1774.51 -0.25693 0.222086 -0.0258799
1326.2 943.012 1763.52 -0.259237 0.207298 -0.0199484
1316.2 849.545 1779.96 -0.257311 0.231449 -0.0264022
1351.37 860.902 1794.69 -0.275807 0.243423 -0.0144872
1330.89 934.496 1787.47 -0.271399 0.216398 -0.0154553
1335.11 930.63 1765.3 -0.262787 0.212662 -0.0201338
1316.55 909.668 1766.66 -0.254836 0.211222 -0.0248714
1273.32 892.4 1769.44 -0.243999 0.20781 -0.0332515
1285.19 934.226 1762.76 -0.244997 0.198043 -0.0287534
1277.29 920.692 1762.26 -0.241113 0.198994 -0.0315485
1325.11 921.284 1766.22 -0.258293 0.211517 -0.0222984
1249.96 935.581 1745.45 -0.223591 0.189989 -0.0372455
1318.07 876.564 1793.95 -0.268775 0.227708 -0.0207626
1319.98 945.32 1783.61 -0.266644 0.20989 -0.0168541
1344.97 928.79 1797.24 -0.278956 0.226859 -0.0123057
1264.91 857.502 1773.39 -0.240108 0.220899 -0.0351809
1328.17 909.488 1789.35 -0.270522 0.220427 -0.017214
1339.63 951.797 1796.94 -0.277495 0.220968 -0.0111352
1321.78 927.543 1783.9 -0.267244 0.213261 -0.0185589
1267.22 879.065 1770.27 -0.241156 0.211994 -0.0347461
1284.68 908.499 1768.86 -0.247239 0.204674 -0.0305443
1304.5 949.379 1759.82 -0.250678 0.199138 -0.0238054
1270.48 929.758 1756.24 -0.234946 0.194835 -0.0324596
1334.46 849.011 1779.43 -0.262798 0.23563 -0.0230609
1270.56 907.486 1764.42 -0.239992 0.202054 -0.0335369
1337.71 857.834 1793.17 -0.271426 0.238943 -0.0181462
1302.86 867.565 1790.64 -0.262693 0.22554 -0.0251171
1294.13 847.246 1793.01 -0.260343 0.232006 -0.0264077
1296.9 946.449 1772.88 -0.255798 0.200084 -0.0226973
1341.51 913.253 1797.77 -0.278563 0.228122 -0.0131139
1315.11 911.515 1781.83 -0.263342 0.213539 -0.0213706
1252.04 885.212 1763.68 -0.233159 0.207646 -0.0370729
1257.03 867.897 1768.9 -0.236318 0.215713 -0.0370079
1340.38 902.302 1771.74 -0.265097 0.221388 -0.0202573
1305.09 864.377 1774.81 -0.252147 0.222805 -0.0283534
1316.97 934.675 1762.97 -0.255102 0.206171 -0.0229542
1263.28 918.422 1758.54 -0.234449 0.196814 -0.034391
1260.78 894.379 1765.56 -0.238019 0.204733 -0.0355951
1309.87 885.936 1770.5 -0.253783 0.21711 -0.0271429
1252.3 923.874 1751.15 -0.227321 0.193326 -0.0371146
1317.85 951.938 1759.81 -0.254773 0.20277 -0.0211519
1318.82 854.371 1804.88 -0.274215 0.236922 -0.0193474
1354.66 895.775 1789.86 -0.277578 0.235327 -0.0137984
1301.38 922.968 1775.83 -0.257069 0.205842 -0.0248603
1350.59 931.497 1764.07 -0.268519 0.216714 -0.0180032
1306.11 954.856 1779.23 -0.261481 0.203152 -0.0184272
1337.76 891.519 1778.11 -0.266936 0.225564 -0.0197407
1350.59 873.804 1775.5 -0.268655 0.232833 -0.0195132
1328.58 871.687 1778.28 -0.262718 0.227389 -0.0231258
1245.66 872.083 1762.58 -0.229855 0.21223 -0.0387761
1340.97 845.684 1796.71 -0.272947 0.244448 -0.0167588
1308.4 936.86 1776.92 -0.260103 0.206927 -0.0215935
1325.98 887.262 1772.23 -0.259134 0.220838 -0.0236066
1245.26 898.551 1757.07 -0.226815 0.20061 -0.0386608
1341.36 896.44 1802.45 -0.279949 0.233441 -0.0128825
1252.88 853.203 1768.3 -0.232756 0.22049 -0.0383605
1255.72 907.037 1758.59 -0.2321 0.198039 -0.0367104
1332.72 927.646 1776.94 -0.266151 0.216126 -0.0178866
1307.06 918.442 1764.44 -0.251338 0.20681 -0.0263926
1326.57 905.667 1768.23 -0.258866 0.215279 -0.0230688
1333.98 942.751 1774.99 -0.267075 0.214171 -0.0159767
1320.06 892.955 1790.68 -0.26856 0.22183 -0.0197533
1280.11 952.152 1766.15 -0.247215 0.193157 -0.0260868
1312.13 864.932 1799.48 -0.269985 0.230757 -0.0212518
1298.49 931.025 1798.65 -0.273205 0.202647 -0.0207404
1303.53 944.282 1802.26 -0.276039 0.199733 -0.0171733
1292.14 952.154 1796.85 -0.270816 0.192173 -0.0190738
1286.08 932.22 1791.08 -0.264598 0.198338 -0.0241386
1284.5 944.963 1790.26 -0.264923 0.192897 -0.0223622
1252.61 859.205 1792.46 -0.251394 0.224368 -0.0309647
1274.96 937.281 1785.17 -0.258662 0.192016 -0.0260906
1263.99 856.848 1799.59 -0.258981 0.227825 -0.0280155
1296.58 911.687 1798.99 -0.272848 0.210146 -0.0220231
1263.58 943.231 1778.54 -0.251806 0.188951 -0.0285052
1285.66 919.316 1791.67 -0.265024 0.202879 -0.024923
1263.09 869.857 1795.37 -0.258176 0.221377 -0.0289034
1274.75 867.407 1801.38 -0.264244 0.223863 -0.0262967
1248.69 876.242 1788.35 -0.249907 0.217265 -0.0317873
1269.61 909.4 1788.1 -0.25823 0.203676 -0.0283491
