x y z dx dy dz  # rigid-removed deformational residual
1.27857000e+03 9.37489000e+02 1.80049000e+03 -3.92078192e-02 -2.63955618e-02 2.55642973e-02
1.27845000e+03 9.13058000e+02 1.80238000e+03 -3.15825980e-02 -4.45673568e-03 2.60682415e-02
1.27725000e+03 9.49092000e+02 1.80164000e+03 -4.39265012e-02 -3.74857132e-02 2.43898571e-02
1.26930000e+03 9.43464000e+02 1.79571000e+03 -3.34381565e-02 -2.93129707e-02 2.87286774e-02
1.26805000e+03 9.54943000e+02 1.79745000e+03 -4.33328121e-02 -3.71674576e-02 2.69396382e-02
1.27024000e+03 9.31284000e+02 1.79589000e+03 -2.66693524e-02 -1.67374638e-02 3.08259849e-02
1.26002000e+03 9.49803000e+02 1.79096000e+03 -2.83741879e-02 -3.08866271e-02 2.96250952e-02
1.25233000e+03 9.31123000e+02 1.78634000e+03 -1.21439682e-02 -1.21021027e-02 3.74582610e-02
1.25304000e+03 9.19488000e+02 1.78895000e+03 -8.26089353e-03 -4.20128435e-03 3.77174317e-02
1.25377000e+03 9.08542000e+02 1.79224000e+03 -8.80785929e-03 3.92461631e-03 3.87694143e-02
1.25458000e+03 8.97715000e+02 1.79585000e+03 -6.84762002e-03 1.11670493e-02 3.87866039e-02
1.24554000e+03 8.90874000e+02 1.79365000e+03 1.77501883e-03 1.51121302e-02 3.84559304e-02
1.25527000e+03 8.86549000e+02 1.79950000e+03 -4.33465781e-03 1.48233398e-02 3.52026057e-02
1.24614000e+03 8.79489000e+02 1.79735000e+03 2.17546193e-03 2.14112622e-02 3.76436635e-02
1.25574000e+03 8.75187000e+02 1.80304000e+03 -2.60603154e-03 2.04594265e-02 3.48458335e-02
1.24680000e+03 8.67949000e+02 1.80101000e+03 4.83172598e-03 2.65830172e-02 3.56730395e-02
1.24750000e+03 8.56469000e+02 1.80454000e+03 4.25011033e-03 2.87940378e-02 3.58479827e-02
1.26356000e+03 9.04505000e+02 1.79785000e+03 -1.48043561e-02 3.91396575e-03 3.32195523e-02
1.26528000e+03 8.82142000e+02 1.80497000e+03 -1.16807748e-02 1.43567893e-02 2.94423047e-02
1.26238000e+03 9.14611000e+02 1.79465000e+03 -1.68799448e-02 3.13768619e-03 3.90598609e-02
1.26480000e+03 8.93717000e+02 1.80144000e+03 -1.49016484e-02 8.89100682e-03 3.03060494e-02
1.27513000e+03 9.02031000e+02 1.80346000e+03 -2.68615859e-02 6.81060448e-04 2.55337499e-02
1.27918000e+03 9.25389000e+02 1.80094000e+03 -3.29068571e-02 -9.84935992e-03 2.67822105e-02
1.25136000e+03 9.43670000e+02 1.78504000e+03 -1.37073404e-02 -1.94759747e-02 3.72699679e-02
1.26092000e+03 9.37425000e+02 1.79057000e+03 -2.09948950e-02 -1.94780766e-02 3.12658287e-02
1.26173000e+03 9.25535000e+02 1.79211000e+03 -1.82688848e-02 -1.10025436e-02 3.42780959e-02
1.27125000e+03 9.19382000e+02 1.79783000e+03 -2.52155608e-02 -6.44856621e-03 2.87472823e-02
1.27088000e+03 9.10241000e+02 1.79957000e+03 -2.25283471e-02 -3.12100331e-04 3.42719183e-02
1.27901000e+03 8.49672000e+02 1.79554000e+03 -4.90781679e-03 2.26804583e-02 1.40642363e-02
1.26873000e+03 8.46087000e+02 1.79072000e+03 3.86609907e-03 2.60097411e-02 1.73889986e-02
1.27167000e+03 8.57387000e+02 1.79019000e+03 3.66354846e-04 2.11468166e-02 1.74380044e-02
1.26134000e+03 8.53871000e+02 1.78554000e+03 8.94162123e-03 2.51443104e-02 2.03950547e-02
1.26424000e+03 8.65156000e+02 1.78512000e+03 5.74377321e-03 2.08246719e-02 2.03749346e-02
1.25388000e+03 8.61726000e+02 1.78063000e+03 1.37999793e-02 2.49154925e-02 2.33998479e-02
1.25103000e+03 8.50382000e+02 1.78079000e+03 1.64508845e-02 2.89704025e-02 2.33984559e-02
1.24640000e+03 8.69696000e+02 1.77590000e+03 1.79763533e-02 2.29768695e-02 2.72367073e-02
1.28206000e+03 8.60904000e+02 1.79469000e+03 -7.68760761e-03 1.71649799e-02 1.35762001e-02
1.31989000e+03 8.94057000e+02 1.80349000e+03 -4.02445531e-02 5.11578242e-03 2.35759263e-03
1.32305000e+03 9.05217000e+02 1.80164000e+03 -4.34346144e-02 3.66507746e-04 1.84730398e-03
1.31282000e+03 9.01504000e+02 1.79725000e+03 -3.25804552e-02 4.10028759e-04 3.94395073e-03
1.31582000e+03 9.12588000e+02 1.79573000e+03 -3.59158262e-02 -3.91206750e-03 4.02101667e-03
1.30556000e+03 9.09255000e+02 1.79138000e+03 -2.61994361e-02 -2.12790962e-03 6.67003639e-03
1.24868000e+03 9.44227000e+02 1.75877000e+03 1.90148121e-02 -9.62186544e-03 2.80740121e-02
1.25851000e+03 9.47715000e+02 1.76416000e+03 9.39529499e-03 -1.27757677e-02 2.24577363e-02
1.25588000e+03 9.36001000e+02 1.76374000e+03 1.30675146e-02 -8.10862043e-03 2.39019054e-02
1.26586000e+03 9.39420000e+02 1.76834000e+03 4.27423672e-03 -1.02884321e-02 2.10367722e-02
1.26309000e+03 9.27598000e+02 1.76895000e+03 6.84067613e-03 -5.63957580e-03 2.10506193e-02
1.27337000e+03 9.30914000e+02 1.77293000e+03 -6.47586805e-04 -8.74168755e-03 1.78578367e-02
1.26976000e+03 9.18952000e+02 1.77400000e+03 1.42139063e-03 -5.05179318e-03 1.91357648e-02
1.30247000e+03 8.98022000e+02 1.79319000e+03 -2.39563972e-02 2.08040785e-03 7.22983280e-03
1.30828000e+03 9.20582000e+02 1.79027000e+03 -2.94564366e-02 -5.16307325e-03 6.22381967e-03
1.25213000e+03 9.24329000e+02 1.76483000e+03 1.63589083e-02 -2.39015659e-03 2.67398901e-02
1.27565000e+03 9.42844000e+02 1.77331000e+03 -5.73126438e-03 -1.16864286e-02 1.95055188e-02
1.31802000e+03 9.23433000e+02 1.79484000e+03 -3.91956540e-02 -5.87013543e-03 4.07714500e-03
1.29512000e+03 9.05926000e+02 1.78756000e+03 -1.77427763e-02 -6.64930087e-04 9.36071134e-03
1.29188000e+03 8.94596000e+02 1.78960000e+03 -1.62544345e-02 3.72674417e-03 1.13264861e-02
1.29919000e+03 8.86833000e+02 1.79529000e+03 -2.12418947e-02 6.19574737e-03 7.84448476e-03
1.28326000e+03 9.34295000e+02 1.77714000e+03 -8.81974961e-03 -8.97752052e-03 1.49470278e-02
1.28504000e+03 9.46146000e+02 1.77857000e+03 -1.57461313e-02 -1.34942212e-02 1.69022777e-02
1.31061000e+03 9.32209000e+02 1.79040000e+03 -3.31092141e-02 -7.53481853e-03 5.54695893e-03
1.27713000e+03 9.54374000e+02 1.77593000e+03 -1.25596310e-02 -1.57205524e-02 2.07219222e-02
1.28442000e+03 9.02568000e+02 1.78427000e+03 -1.03173609e-02 1.42151177e-03 1.18579067e-02
1.28110000e+03 8.91183000e+02 1.78632000e+03 -8.50241270e-03 5.22255085e-03 1.29816399e-02
1.27359000e+03 8.99185000e+02 1.78124000e+03 -3.67967535e-03 3.00732271e-03 1.73090727e-02
1.33154000e+03 9.46388000e+02 1.80259000e+03 -5.89634464e-02 -2.77618789e-03 4.40028801e-03
1.30289000e+03 8.68135000e+02 1.80333000e+03 -2.45643947e-02 1.39353367e-02 8.05834082e-03
1.27032000e+03 8.87770000e+02 1.78306000e+03 -2.31279698e-03 9.69480583e-03 1.85301936e-02
1.26283000e+03 8.95732000e+02 1.77816000e+03 1.05396494e-03 7.30145230e-03 2.37875292e-02
1.28767000e+03 9.14088000e+02 1.78235000e+03 -1.19211178e-02 -3.88505272e-03 1.21844761e-02
1.29414000e+03 9.49452000e+02 1.78413000e+03 -2.65330580e-02 -1.50644668e-02 1.44443581e-02
1.30071000e+03 9.29130000e+02 1.78562000e+03 -2.31065583e-02 -8.47468226e-03 8.52929534e-03
1.27778000e+03 8.79848000e+02 1.78805000e+03 -6.21306613e-03 1.04214170e-02 1.45712523e-02
1.29959000e+03 8.56957000e+02 1.80490000e+03 -2.13832918e-02 1.78144562e-02 8.21889010e-03
1.25960000e+03 8.84296000e+02 1.77953000e+03 5.67556289e-03 1.48160282e-02 2.34554831e-02
1.33116000e+03 9.34415000e+02 1.80115000e+03 -5.38003387e-02 -3.22442294e-03 8.60101429e-04
1.26613000e+03 9.07248000e+02 1.77607000e+03 9.99628067e-04 7.41676775e-04 2.12846036e-02
1.25532000e+03 9.03554000e+02 1.77295000e+03 1.00029006e-02 5.00081016e-03 2.64506969e-02
1.32383000e+03 9.42378000e+02 1.79789000e+03 -4.98816208e-02 -6.50029651e-03 5.58131359e-03
1.25853000e+03 9.15198000e+02 1.77054000e+03 8.84508675e-03 3.03082447e-04 2.50423745e-02
1.24687000e+03 9.11661000e+02 1.76659000e+03 1.75327207e-02 3.42541808e-03 2.92195383e-02
1.30291000e+03 9.41167000e+02 1.78704000e+03 -2.86537474e-02 -1.05134706e-02 9.21370449e-03
1.26795000e+03 9.51223000e+02 1.76988000e+03 -1.19476302e-03 -1.48531497e-02 2.19804929e-02
1.27699000e+03 9.10706000e+02 1.77911000e+03 -4.89190993e-03 -1.72915026e-03 1.59048156e-02
1.28855000e+03 8.83326000e+02 1.79164000e+03 -1.33456123e-02 8.29263918e-03 1.10556884e-02
1.30628000e+03 8.79281000e+02 1.80137000e+03 -2.75588344e-02 8.25075440e-03 5.87973640e-03
1.30962000e+03 8.90399000e+02 1.79925000e+03 -3.08162494e-02 4.43448607e-03 5.51644429e-03
1.33527000e+03 9.21857000e+02 1.80451000e+03 -5.59376352e-02 2.41547883e-03 -1.45444763e-03
1.32622000e+03 9.16686000e+02 1.80044000e+03 -4.62451501e-02 -1.24527699e-03 1.33614203e-03
1.29582000e+03 8.75656000e+02 1.79733000e+03 -1.86010777e-02 1.09139627e-02 9.25624019e-03
1.28034000e+03 9.22426000e+02 1.77747000e+03 -5.28675088e-03 -6.47623927e-03 1.40061325e-02
1.29811000e+03 9.17387000e+02 1.78603000e+03 -2.00216750e-02 -4.86017042e-03 8.83317361e-03
1.32207000e+03 9.52371000e+02 1.79948000e+03 -5.20316309e-02 -7.15206143e-03 8.76132758e-03
1.31387000e+03 9.44821000e+02 1.79323000e+03 -4.07796801e-02 -8.42498989e-03 8.23325371e-03
1.28929000e+03 8.53282000e+02 1.80027000e+03 -1.32504549e-02 2.12556581e-02 1.13672636e-02
1.24928000e+03 8.80939000e+02 1.77561000e+03 1.49070291e-02 1.72188052e-02 2.73441224e-02
1.29248000e+03 8.64476000e+02 1.79904000e+03 -1.63833337e-02 1.59715407e-02 1.06197220e-02
1.28524000e+03 8.72099000e+02 1.79339000e+03 -1.06798070e-02 1.25523736e-02 1.22217830e-02
1.24562000e+03 9.33034000e+02 1.75914000e+03 2.13484122e-02 -4.28456640e-03 2.95246211e-02
1.27471000e+03 8.68606000e+02 1.78937000e+03 -3.34439927e-03 1.55800908e-02 1.62363065e-02
1.26720000e+03 8.76433000e+02 1.78435000e+03 6.97968274e-04 1.70512075e-02 2.11335121e-02
1.29061000e+03 9.25811000e+02 1.78129000e+03 -1.42559623e-02 -7.09335740e-03 1.17091502e-02
1.29291000e+03 9.37740000e+02 1.78176000e+03 -1.86447254e-02 -1.06397412e-02 1.28440108e-02
1.25672000e+03 8.73044000e+02 1.78031000e+03 1.00256150e-02 1.99745760e-02 2.33652197e-02
1.25239000e+03 8.92063000e+02 1.77480000e+03 9.50956116e-03 1.27807429e-02 2.83839254e-02
1.30337000e+03 9.53258000e+02 1.79024000e+03 -3.64351489e-02 -1.35264251e-02 1.37950705e-02
1.32607000e+03 9.25806000e+02 1.79887000e+03 -4.65162340e-02 -4.10026795e-03 2.08556754e-03
1.24571000e+03 8.98893000e+02 1.77009000e+03 1.64553995e-02 9.70216163e-03 3.05748832e-02
1.32001000e+03 9.33461000e+02 1.79523000e+03 -4.21812663e-02 -6.70432989e-03 3.75217242e-03
1.34230000e+03 8.47115000e+02 1.76982000e+03 -1.28802704e-02 1.40095900e-02 -1.82254227e-02
1.33449000e+03 8.54317000e+02 1.76814000e+03 -9.65098048e-03 1.24219767e-02 -1.47663494e-02
1.34538000e+03 8.58312000e+02 1.76772000e+03 -1.43777088e-02 1.07218521e-02 -1.86320153e-02
1.33677000e+03 8.65823000e+02 1.76599000e+03 -1.00286791e-02 8.44102470e-03 -1.53654632e-02
1.34785000e+03 8.69634000e+02 1.76562000e+03 -1.48428963e-02 7.51049928e-03 -1.88438464e-02
1.33886000e+03 8.77239000e+02 1.76388000e+03 -1.12494106e-02 5.31399088e-03 -1.59379177e-02
1.35007000e+03 8.81031000e+02 1.76354000e+03 -1.59841392e-02 4.40309685e-03 -1.87919853e-02
1.34159000e+03 8.88747000e+02 1.76183000e+03 -1.22736238e-02 2.53417668e-03 -1.53617386e-02
1.35259000e+03 8.92524000e+02 1.76151000e+03 -1.72426286e-02 9.36912701e-04 -1.88468842e-02
1.34411000e+03 9.00458000e+02 1.75978000e+03 -1.31394613e-02 -4.20455772e-04 -1.46313240e-02
1.34583000e+03 9.11917000e+02 1.75781000e+03 -1.28749414e-02 -3.57888837e-03 -1.44842057e-02
1.33345000e+03 9.06839000e+02 1.75824000e+03 -7.62483908e-03 -1.47960727e-03 -1.03940701e-02
1.33665000e+03 9.19619000e+02 1.75610000e+03 -9.28503819e-03 -4.00220274e-03 -1.01748595e-02
1.32555000e+03 9.15991000e+02 1.75619000e+03 -4.61491977e-03 -4.39079348e-03 -6.70473437e-03
1.32783000e+03 9.27621000e+02 1.75423000e+03 -5.26248350e-03 -6.73398656e-03 -6.50322765e-03
1.31643000e+03 9.23854000e+02 1.75402000e+03 -3.51363919e-05 -4.94589944e-03 -1.84592863e-03
1.31882000e+03 9.35405000e+02 1.75209000e+03 -7.30691957e-04 -6.85630097e-03 -8.23667431e-04
1.30781000e+03 9.31481000e+02 1.75145000e+03 4.25287948e-03 -6.89897570e-03 1.98282020e-03
1.30987000e+03 9.42970000e+02 1.74954000e+03 3.58392128e-03 -9.49078619e-03 3.01217014e-03
1.29888000e+03 9.38898000e+02 1.74824000e+03 9.55770954e-03 -7.06941526e-03 4.72218137e-03
1.30087000e+03 9.50336000e+02 1.74650000e+03 8.66114088e-03 -9.94285455e-03 6.22390306e-03
1.28999000e+03 9.45964000e+02 1.74443000e+03 1.36011624e-02 -9.02262440e-03 9.58587260e-03
1.32101000e+03 9.47044000e+02 1.75024000e+03 -9.49167283e-04 -1.02213076e-02 3.76859991e-04
1.31460000e+03 9.12487000e+02 1.75608000e+03 8.15252899e-04 -2.15156854e-03 -3.29364284e-03
1.28722000e+03 9.33457000e+02 1.74654000e+03 1.38544069e-02 -5.83814495e-03 8.10532420e-03
1.28135000e+03 9.53895000e+02 1.74024000e+03 1.70365087e-02 -1.07078535e-02 1.25879010e-02
1.32563000e+03 8.61751000e+02 1.76635000e+03 -5.30759898e-03 1.13073065e-02 -1.08573979e-02
1.25003000e+03 8.58891000e+02 1.75513000e+03 2.56363321e-02 2.26962313e-02 1.67405671e-02
1.24527000e+03 8.69083000e+02 1.75122000e+03 2.78863494e-02 2.01552064e-02 1.95047520e-02
1.25496000e+03 8.48721000e+02 1.75900000e+03 2.33948032e-02 2.55754981e-02 1.52891410e-02
1.25639000e+03 8.69416000e+02 1.75571000e+03 2.30720917e-02 1.84642996e-02 1.54624418e-02
1.25171000e+03 8.79665000e+02 1.75207000e+03 2.52653328e-02 1.44191862e-02 1.76293236e-02
1.26306000e+03 8.80114000e+02 1.75584000e+03 2.03506244e-02 1.25057984e-02 1.30063836e-02
1.25858000e+03 8.90478000e+02 1.75215000e+03 2.25525518e-02 9.45846258e-03 1.49947988e-02
1.26791000e+03 8.69566000e+02 1.75902000e+03 1.88715796e-02 1.62297392e-02 1.02653061e-02
1.27467000e+03 8.80201000e+02 1.75849000e+03 1.61442599e-02 1.16982231e-02 7.58583756e-03
1.27965000e+03 8.69420000e+02 1.76130000e+03 1.41696124e-02 1.44288292e-02 5.86147264e-03
1.28644000e+03 8.79832000e+02 1.76028000e+03 1.16617069e-02 9.75808929e-03 4.01036195e-03
1.28150000e+03 8.90908000e+02 1.75735000e+03 1.34709035e-02 7.09447302e-03 6.51577657e-03
1.24511000e+03 9.23117000e+02 1.73428000e+03 3.10025544e-02 1.55377064e-03 2.12478086e-02
1.32918000e+03 8.85439000e+02 1.76199000e+03 -6.16436419e-03 4.29164587e-03 -1.09537874e-02
1.24703000e+03 9.41564000e+02 1.72835000e+03 3.15034485e-02 -4.38602865e-03 2.17445492e-02
1.29145000e+03 8.68955000e+02 1.76282000e+03 8.66077328e-03 1.27124030e-02 2.01415810e-03
1.28472000e+03 8.58799000e+02 1.76392000e+03 1.14391045e-02 1.67204556e-02 4.10344880e-03
1.29825000e+03 8.79073000e+02 1.76151000e+03 6.81390205e-03 8.98008249e-03 -3.75859393e-04
1.33911000e+03 9.31574000e+02 1.75414000e+03 -9.32874923e-03 -7.57283732e-03 -9.17293268e-03
1.29648000e+03 8.58330000e+02 1.76525000e+03 6.80309145e-03 1.49985908e-02 -2.76088320e-04
1.28991000e+03 8.48372000e+02 1.76655000e+03 9.41044706e-03 2.00768452e-02 1.69201311e-03
1.27808000e+03 8.48660000e+02 1.76488000e+03 1.44416647e-02 2.10971494e-02 6.17323600e-03
1.35271000e+03 9.47339000e+02 1.75196000e+03 -1.39839814e-02 -1.26996155e-02 -1.13102983e-02
1.24944000e+03 9.06589000e+02 1.74333000e+03 2.79204232e-02 5.90595429e-03 1.90016161e-02
1.31319000e+03 8.47948000e+02 1.76846000e+03 -8.52733156e-04 1.65377259e-02 -7.78035613e-03
1.25334000e+03 9.52136000e+02 1.72901000e+03 2.97317099e-02 -7.77426671e-03 2.14512051e-02
1.25793000e+03 9.41898000e+02 1.73321000e+03 2.73769355e-02 -5.25337996e-03 1.82917993e-02
1.26430000e+03 9.52176000e+02 1.73382000e+03 2.53043578e-02 -8.88171929e-03 1.75681637e-02
1.26846000e+03 9.42024000e+02 1.73764000e+03 2.21914884e-02 -6.00040684e-03 1.48005984e-02
1.26268000e+03 9.32159000e+02 1.73841000e+03 2.42786010e-02 -3.84235913e-03 1.50681071e-02
1.27404000e+03 9.32456000e+02 1.74263000e+03 1.96265376e-02 -5.21474012e-03 1.14335773e-02
1.26717000e+03 9.22539000e+02 1.74374000e+03 2.08443297e-02 -1.32184214e-03 1.36162178e-02
1.27909000e+03 9.22402000e+02 1.74755000e+03 1.71066162e-02 -2.43539809e-03 9.44408778e-03
1.27176000e+03 9.12284000e+02 1.74905000e+03 1.91076293e-02 7.46425707e-04 1.08764430e-02
1.28380000e+03 9.12020000e+02 1.75202000e+03 1.47632059e-02 -1.22920174e-04 7.29504646e-03
1.27669000e+03 9.01736000e+02 1.75372000e+03 1.69283284e-02 3.18162488e-03 8.91489001e-03
1.28849000e+03 9.01212000e+02 1.75584000e+03 1.13650830e-02 2.96364788e-03 4.14674798e-03
1.29560000e+03 9.11346000e+02 1.75423000e+03 8.77343179e-03 -8.51379783e-04 3.02656674e-03
1.30036000e+03 9.00652000e+02 1.75730000e+03 5.83395146e-03 1.43181614e-03 1.92334331e-04
1.26538000e+03 9.02246000e+02 1.75079000e+03 2.03904095e-02 4.88152134e-03 1.26440959e-02
1.29335000e+03 8.90223000e+02 1.75890000e+03 8.76169334e-03 5.66831882e-03 1.49540873e-03
1.30527000e+03 8.89402000e+02 1.76001000e+03 3.94332874e-03 4.59524126e-03 -2.21838919e-03
1.30979000e+03 8.77709000e+02 1.76253000e+03 1.86926652e-03 8.35353069e-03 -4.20845207e-03
1.31281000e+03 9.00669000e+02 1.75829000e+03 5.37234539e-04 1.05030434e-03 -4.28318546e-03
1.29121000e+03 9.21441000e+02 1.75080000e+03 1.22006754e-02 -3.31510831e-03 5.90528925e-03
1.31712000e+03 8.87971000e+02 1.76098000e+03 -1.51157805e-03 4.34208613e-03 -6.49323513e-03
1.32494000e+03 8.97254000e+02 1.75961000e+03 -4.61666782e-03 9.82252284e-04 -8.44767351e-03
1.25615000e+03 9.22891000e+02 1.73936000e+03 2.59010895e-02 -6.67770438e-04 1.71820541e-02
1.33228000e+03 9.51095000e+02 1.75044000e+03 -5.41403698e-03 -1.24075778e-02 -2.44484480e-03
1.31194000e+03 9.54560000e+02 1.74784000e+03 2.88275763e-03 -1.25749695e-02 4.61610918e-03
1.33011000e+03 9.39368000e+02 1.75232000e+03 -5.42887556e-03 -9.52855887e-03 -4.65409355e-03
1.30411000e+03 9.20048000e+02 1.75336000e+03 5.56228615e-03 -3.09503163e-03 9.73512950e-04
1.25892000e+03 9.11699000e+02 1.74513000e+03 2.39622945e-02 1.90838357e-03 1.54661754e-02
1.26133000e+03 8.59066000e+02 1.75908000e+03 2.16652743e-02 2.18297786e-02 1.34963536e-02
1.26640000e+03 8.48772000e+02 1.76243000e+03 1.93383116e-02 2.35762683e-02 1.15131499e-02
1.27295000e+03 8.59051000e+02 1.76195000e+03 1.61961256e-02 1.89335547e-02 8.44639701e-03
1.34815000e+03 9.23732000e+02 1.75583000e+03 -1.42613675e-02 -6.38085009e-03 -1.33200836e-02
1.32764000e+03 8.72704000e+02 1.76433000e+03 -6.73361594e-03 8.35743069e-03 -1.10421486e-02
1.35046000e+03 9.35572000e+02 1.75388000e+03 -1.35899525e-02 -9.75105927e-03 -1.23182750e-02
1.25168000e+03 9.32013000e+02 1.73372000e+03 2.87241675e-02 -2.26389637e-03 1.91287123e-02
1.26988000e+03 8.91059000e+02 1.75516000e+03 1.80163332e-02 7.90293944e-03 1.11467847e-02
1.34139000e+03 9.43375000e+02 1.75221000e+03 -9.42380272e-03 -1.08508579e-02 -7.71510900e-03
1.30175000e+03 8.47927000e+02 1.76771000e+03 4.00807827e-03 1.74380291e-02 -2.77133749e-03
1.30325000e+03 8.68208000e+02 1.76391000e+03 4.24990742e-03 1.19508381e-02 -2.35613530e-03
1.31572000e+03 8.67430000e+02 1.76481000e+03 -1.25709854e-03 1.08936487e-02 -7.23137871e-03
1.24736000e+03 8.89487000e+02 1.74796000e+03 2.79669483e-02 1.14578949e-02 1.97635277e-02
1.27899000e+03 9.43014000e+02 1.74143000e+03 1.77179563e-02 -7.37777959e-03 1.17786307e-02
1.32421000e+03 8.50188000e+02 1.76856000e+03 -5.01582523e-03 1.50797163e-02 -1.18544931e-02
1.25499000e+03 8.99798000e+02 1.74814000e+03 2.45356165e-02 6.72232649e-03 1.64416881e-02
1.30784000e+03 8.57722000e+02 1.76621000e+03 1.69672853e-03 1.43641356e-02 -4.64768215e-03
1.33470000e+03 8.95804000e+02 1.76029000e+03 -9.18258798e-03 1.30433398e-03 -1.23824834e-02
1.32243000e+03 9.06812000e+02 1.75770000e+03 -3.08384000e-03 -2.01146038e-03 -6.67588840e-03
1.31943000e+03 8.78348000e+02 1.76291000e+03 -2.47558252e-03 6.94384876e-03 -8.47267446e-03
1.31733000e+03 8.56993000e+02 1.76690000e+03 -2.09737073e-03 1.36836036e-02 -8.33918618e-03
1.24864000e+03 9.14865000e+02 1.73951000e+03 2.88562691e-02 3.31073404e-03 1.97897612e-02
1.29790000e+03 9.29131000e+02 1.75022000e+03 9.30553657e-03 -4.73518463e-03 4.39056271e-03
1.30510000e+03 9.09991000e+02 1.75571000e+03 4.66177751e-03 -7.12836061e-05 -1.47502174e-04
1.35217000e+03 8.50273000e+02 1.76951000e+03 -1.68791853e-02 1.32675995e-02 -2.16764892e-02
1.27275000e+03 9.50877000e+02 1.73747000e+03 2.07760877e-02 -8.51057297e-03 1.47334180e-02
1.24504000e+03 8.89476000e+02 1.69991000e+03 3.27758196e-02 5.35913471e-04 8.92791407e-03
1.25291000e+03 8.98565000e+02 1.69848000e+03 3.09598945e-02 -3.20416571e-03 5.32263960e-03
1.24524000e+03 8.58145000e+02 1.70581000e+03 3.06603561e-02 9.46456275e-03 7.07752261e-03
1.24884000e+03 9.09634000e+02 1.69629000e+03 3.35802586e-02 -4.75466178e-03 8.22212745e-03
1.26072000e+03 9.07658000e+02 1.69705000e+03 2.91380016e-02 -6.25676440e-03 2.95055709e-03
1.26849000e+03 9.16754000e+02 1.69562000e+03 2.70638826e-02 -9.02404276e-03 6.50045097e-04
1.27259000e+03 9.05691000e+02 1.69779000e+03 2.46704728e-02 -7.65773525e-03 -2.71266807e-03
1.28034000e+03 9.14793000e+02 1.69636000e+03 2.28189019e-02 -1.09828534e-02 -5.05052068e-03
1.28446000e+03 9.03729000e+02 1.69853000e+03 2.06532340e-02 -9.25370609e-03 -7.60275531e-03
1.29220000e+03 9.12834000e+02 1.69710000e+03 1.78884371e-02 -1.23792442e-02 -9.52152822e-03
1.29632000e+03 9.01770000e+02 1.69925000e+03 1.58351754e-02 -1.00015452e-02 -1.33651629e-02
1.30404000e+03 9.10876000e+02 1.69782000e+03 1.35916365e-02 -1.27819231e-02 -1.44566143e-02
1.30817000e+03 8.99811000e+02 1.69996000e+03 1.08183198e-02 -1.11425283e-02 -1.78288735e-02
1.31588000e+03 9.08919000e+02 1.69854000e+03 8.39209388e-03 -1.50596020e-02 -2.01159728e-02
1.32002000e+03 8.97853000e+02 1.70067000e+03 5.96972224e-03 -1.32595114e-02 -2.25077565e-02
1.31175000e+03 9.19984000e+02 1.69641000e+03 1.04002075e-02 -1.63612727e-02 -1.64380137e-02
1.32358000e+03 9.18027000e+02 1.69713000e+03 6.08266491e-03 -1.75023715e-02 -2.13638752e-02
1.24959000e+03 8.47056000e+02 1.70808000e+03 2.82172074e-02 1.22036097e-02 4.51826878e-03
1.31945000e+03 9.29093000e+02 1.69500000e+03 8.19203656e-03 -1.93160421e-02 -1.78531885e-02
1.33128000e+03 9.27138000e+02 1.69574000e+03 3.73560384e-03 -2.04496926e-02 -2.28529949e-02
1.34311000e+03 9.25183000e+02 1.69647000e+03 -1.73962581e-03 -2.05800673e-02 -2.62288013e-02
1.31231000e+03 8.88745000e+02 1.70209000e+03 8.58194815e-03 -9.57743774e-03 -2.07381571e-02
1.32415000e+03 8.86786000e+02 1.70279000e+03 3.59329564e-03 -1.13425650e-02 -2.52428708e-02
1.31645000e+03 8.77681000e+02 1.70423000e+03 6.45588946e-03 -8.31362303e-03 -2.36084856e-02
1.32829000e+03 8.75724000e+02 1.70493000e+03 2.07975297e-03 -8.69675024e-03 -2.85310441e-02
1.32059000e+03 8.66624000e+02 1.70638000e+03 4.57843376e-03 -5.87808416e-03 -2.53195210e-02
1.33243000e+03 8.64670000e+02 1.70708000e+03 -4.34928701e-04 -6.76421137e-03 -3.06093968e-02
1.32473000e+03 8.55579000e+02 1.70856000e+03 1.44846498e-03 -3.67737282e-03 -2.80020254e-02
1.33656000e+03 8.53627000e+02 1.70928000e+03 -4.15278759e-03 -5.06747165e-03 -3.31462491e-02
1.34426000e+03 8.62716000e+02 1.70780000e+03 -6.36569729e-03 -7.65931019e-03 -3.52216756e-02
1.30874000e+03 8.68579000e+02 1.70568000e+03 8.97505423e-03 -5.17137686e-03 -2.06183208e-02
1.31703000e+03 8.46497000e+02 1.71007000e+03 3.66757156e-03 -6.17361815e-04 -2.50586058e-02
1.27670000e+03 8.94623000e+02 1.69996000e+03 2.24227728e-02 -5.02300782e-03 -5.25911609e-03
1.25742000e+03 8.56202000e+02 1.70653000e+03 2.63864256e-02 7.88216103e-03 7.53154380e-04
1.33599000e+03 8.84828000e+02 1.70349000e+03 -1.61209885e-03 -1.20766922e-02 -2.99496569e-02
1.25698000e+03 8.87487000e+02 1.70066000e+03 2.83684115e-02 -7.07393801e-04 2.35960348e-03
1.29334000e+03 8.50387000e+02 1.70866000e+03 1.35708554e-02 3.06274854e-03 -1.50055539e-02
1.28143000e+03 8.52329000e+02 1.70795000e+03 1.80643248e-02 4.68521218e-03 -1.02407306e-02
1.28915000e+03 8.61429000e+02 1.70645000e+03 1.58496593e-02 1.25676516e-03 -1.32040476e-02
1.27722000e+03 8.63378000e+02 1.70574000e+03 2.02559348e-02 2.72838897e-03 -7.98593732e-03
1.28498000e+03 8.72486000e+02 1.70427000e+03 1.81387242e-02 -1.20520592e-03 -1.07009214e-02
1.27305000e+03 8.74442000e+02 1.70356000e+03 2.23568057e-02 2.97417881e-04 -5.44381800e-03
1.30103000e+03 8.59480000e+02 1.70715000e+03 1.15065869e-02 -7.25682385e-04 -1.82711732e-02
1.28083000e+03 8.83553000e+02 1.70211000e+03 2.04319630e-02 -3.41588887e-03 -8.23611317e-03
1.29272000e+03 8.81595000e+02 1.70283000e+03 1.57361624e-02 -4.67946819e-03 -1.29646839e-02
1.28858000e+03 8.92662000e+02 1.70068000e+03 1.81521982e-02 -6.34000706e-03 -1.05049727e-02
1.26891000e+03 8.85516000e+02 1.70139000e+03 2.43440537e-02 -1.95056930e-03 -2.45441365e-03
1.26480000e+03 8.96590000e+02 1.69922000e+03 2.64163017e-02 -4.24929672e-03 1.38399883e-04
1.26108000e+03 8.76405000e+02 1.70284000e+03 2.65028964e-02 1.22563786e-03 -1.96633791e-04
1.25320000e+03 8.67286000e+02 1.70431000e+03 2.86172689e-02 5.68919375e-03 3.36911009e-03
1.33542000e+03 9.16071000e+02 1.69785000e+03 7.59380308e-04 -1.88030504e-02 -2.52788061e-02
1.34725000e+03 9.14115000e+02 1.69857000e+03 -3.91490429e-03 -1.93041492e-02 -3.00723401e-02
1.33955000e+03 9.05003000e+02 1.69996000e+03 -1.41010123e-03 -1.65178280e-02 -2.82214480e-02
1.35138000e+03 9.03047000e+02 1.70068000e+03 -6.49638583e-03 -1.80709269e-02 -3.38546820e-02
1.34369000e+03 8.93936000e+02 1.70208000e+03 -3.99852782e-03 -1.52384616e-02 -3.16652593e-02
1.34782000e+03 8.82871000e+02 1.70420000e+03 -6.15643840e-03 -1.31125151e-02 -3.46734184e-02
1.33185000e+03 8.95894000e+02 1.70137000e+03 1.34206973e-03 -1.37360586e-02 -2.68531732e-02
1.32772000e+03 9.06961000e+02 1.69925000e+03 3.27949633e-03 -1.55570051e-02 -2.45681589e-02
1.35196000e+03 8.71812000e+02 1.70635000e+03 -8.75941011e-03 -1.04409763e-02 -3.72288090e-02
1.26946000e+03 8.54269000e+02 1.70725000e+03 2.21720752e-02 6.99188047e-03 -4.45468086e-03
1.26524000e+03 8.65328000e+02 1.70503000e+03 2.44354683e-02 4.12991318e-03 -2.43591477e-03
1.24908000e+03 8.78383000e+02 1.70210000e+03 3.04242633e-02 2.58214979e-03 5.48795500e-03
1.35080000e+03 9.34298000e+02 1.69510000e+03 -4.73506097e-03 -2.43593601e-02 -2.79711136e-02
1.26170000e+03 8.45160000e+02 1.70878000e+03 2.35768094e-02 1.11618203e-02 -1.69082441e-03
1.29687000e+03 8.70532000e+02 1.70498000e+03 1.35351587e-02 -2.68250940e-03 -1.53461818e-02
1.35494000e+03 9.23229000e+02 1.69719000e+03 -6.82839440e-03 -2.27551661e-02 -3.09965801e-02
1.34013000e+03 8.73768000e+02 1.70563000e+03 -3.50612551e-03 -1.02258775e-02 -3.26201751e-02
1.30459000e+03 8.79638000e+02 1.70353000e+03 1.10980259e-02 -6.59133565e-03 -1.84808333e-02
1.31288000e+03 8.57530000e+02 1.70785000e+03 6.78825648e-03 -2.13138968e-03 -2.27141355e-02
1.30519000e+03 8.48443000e+02 1.70936000e+03 8.28807301e-03 1.47204125e-03 -2.03169508e-02
1.29991000e+03 9.21940000e+02 1.69567000e+03 1.56478982e-02 -1.57740421e-02 -1.15981827e-02
1.34839000e+03 8.51676000e+02 1.71001000e+03 -9.07498521e-03 -6.39184632e-03 -3.75687451e-02
1.30045000e+03 8.90704000e+02 1.70139000e+03 1.33666007e-02 -8.28615036e-03 -1.56795496e-02
1.28730000e+03 8.47539000e+02 1.69642000e+03 1.38625948e-02 8.99753879e-04 -1.55116638e-02
1.30111000e+03 8.49415000e+02 1.69725000e+03 9.42976425e-03 -1.91523564e-03 -2.19184875e-02
1.34586000e+03 8.65149000e+02 1.69608000e+03 -6.68997535e-03 -1.24618321e-02 -3.88775725e-02
1.29358000e+03 8.61594000e+02 1.69742000e+03 1.37655950e-02 -2.99112269e-03 -1.72119400e-02
1.31930000e+03 8.62281000e+02 1.69673000e+03 4.11585793e-03 -7.45306222e-03 -2.81088158e-02
1.26413000e+03 8.53935000e+02 1.69706000e+03 2.34268198e-02 4.25215153e-03 -4.83792577e-03
1.32979000e+03 8.50201000e+02 1.69973000e+03 -1.48980044e-03 -6.43832281e-03 -3.36458264e-02
1.33681000e+03 8.76297000e+02 1.69645000e+03 -1.97921234e-03 -1.24530635e-02 -3.34836300e-02
1.34303000e+03 8.53724000e+02 1.69908000e+03 -6.67863829e-03 -9.00942242e-03 -3.83321927e-02
1.29886000e+03 8.72698000e+02 1.69557000e+03 1.26060853e-02 -6.44637491e-03 -1.80294244e-02
1.31502000e+03 8.46448000e+02 1.69962000e+03 3.64512817e-03 -3.56250625e-03 -2.70636728e-02
1.28193000e+03 8.57644000e+02 1.69842000e+03 1.74391562e-02 5.80089155e-04 -1.21519655e-02
1.32271000e+03 8.53920000e+02 1.73832000e+03 -1.32888107e-03 7.73688659e-03 -2.00540067e-02
1.32772000e+03 9.06159000e+02 1.72593000e+03 -6.02193767e-04 -7.18996185e-03 -1.75417817e-02
1.34071000e+03 9.52242000e+02 1.71885000e+03 -2.95163095e-03 -1.82451905e-02 -1.42575246e-02
1.34798000e+03 9.25086000e+02 1.72783000e+03 -8.61445274e-03 -1.24666203e-02 -2.10908861e-02
1.34814000e+03 8.83610000e+02 1.73138000e+03 -9.98969080e-03 -3.98782687e-03 -2.70640355e-02
1.29402000e+03 8.47393000e+02 1.73613000e+03 9.71356932e-03 1.25565543e-02 -9.12693402e-03
1.32008000e+03 9.31312000e+02 1.72391000e+03 4.11750681e-03 -1.17060577e-02 -1.00054854e-02
1.30351000e+03 8.74844000e+02 1.73625000e+03 7.75371780e-03 4.95474561e-03 -1.04365044e-02
1.29539000e+03 9.04356000e+02 1.72604000e+03 1.22853836e-02 -3.25958854e-03 -5.43471381e-03
1.27640000e+03 8.69222000e+02 1.73490000e+03 1.79006085e-02 9.50058920e-03 -1.65284020e-04
1.29465000e+03 9.29581000e+02 1.71907000e+03 1.46231761e-02 -9.18239785e-03 -2.63271914e-03
1.27264000e+03 8.95286000e+02 1.72544000e+03 2.11534322e-02 1.48365052e-03 1.77972961e-03
1.27956000e+03 9.53942000e+02 1.71551000e+03 2.24168056e-02 -1.32438518e-02 7.18384953e-03
1.31874000e+03 8.78538000e+02 1.73384000e+03 2.29373814e-03 1.51675840e-03 -1.67529446e-02
1.26960000e+03 9.18528000e+02 1.72047000e+03 2.33549821e-02 -4.39790892e-03 5.74661995e-03
1.25329000e+03 8.80126000e+02 1.72581000e+03 2.73255135e-02 8.58590439e-03 8.78522373e-03
1.34599000e+03 8.60793000e+02 1.73227000e+03 -1.01817381e-02 1.12534065e-03 -2.90958912e-02
1.24707000e+03 8.59069000e+02 1.72795000e+03 2.79811781e-02 1.63526849e-02 1.13777710e-02
1.25233000e+03 9.07554000e+02 1.71888000e+03 2.97758860e-02 5.68753518e-04 1.12817199e-02
1.26488000e+03 9.30848000e+02 1.70894000e+03 2.72297737e-02 -8.47205957e-03 7.08851715e-03
1.34185000e+03 8.99042000e+02 1.73104000e+03 -6.89520298e-03 -6.00957604e-03 -2.28145757e-02
1.31237000e+03 9.15537000e+02 1.71443000e+03 7.52692831e-03 -1.02553120e-02 -1.33319925e-02
1.32052000e+03 9.54368000e+02 1.73573000e+03 2.31312723e-03 -1.47046312e-02 -2.03106050e-03
1.34173000e+03 8.52025000e+02 1.74801000e+03 -1.05055731e-02 8.35427451e-03 -2.44170569e-02
1.30897000e+03 8.87958000e+02 1.72033000e+03 7.56251189e-03 -3.04883296e-03 -1.52778887e-02
1.28734000e+03 8.91093000e+02 1.74169000e+03 1.32226290e-02 3.75267931e-03 -1.06823250e-03
1.30893000e+03 8.46512000e+02 1.74815000e+03 2.85318439e-03 1.36770842e-02 -1.24328717e-02
1.33418000e+03 9.37490000e+02 1.73107000e+03 -3.10790992e-03 -1.19464801e-02 -1.19723515e-02
1.34075000e+03 9.12999000e+02 1.71906000e+03 -4.39191406e-03 -1.16753036e-02 -2.27685143e-02
1.30420000e+03 8.61189000e+02 1.72956000e+03 7.24846276e-03 5.06126079e-03 -1.42087607e-02
1.33400000e+03 9.35527000e+02 1.71320000e+03 -9.35096891e-05 -1.61771020e-02 -1.71700551e-02
1.32369000e+03 8.93046000e+02 1.73558000e+03 -3.54104278e-05 -1.84337975e-03 -1.61911321e-02
1.31598000e+03 8.72209000e+02 1.74803000e+03 7.19659823e-04 5.80243596e-03 -1.26620724e-02
1.28375000e+03 8.82741000e+02 1.71693000e+03 1.71865235e-02 4.25923389e-04 -6.40451796e-03
1.33461000e+03 8.67491000e+02 1.74360000e+03 -6.51466709e-03 4.38394148e-03 -2.09967133e-02
1.30664000e+03 9.44942000e+02 1.72368000e+03 1.02748300e-02 -1.23630820e-02 -2.73752185e-03
1.32806000e+03 9.21742000e+02 1.74095000e+03 -2.37464880e-03 -6.70900515e-03 -1.07465270e-02
1.31985000e+03 9.50851000e+02 1.70918000e+03 7.67483978e-03 -1.82753949e-02 -9.34218059e-03
1.30646000e+03 9.26024000e+02 1.73069000e+03 7.99448350e-03 -7.83300850e-03 -5.05832216e-03
1.28919000e+03 8.69788000e+02 1.74899000e+03 1.13715279e-02 1.10859965e-02 -1.46375579e-03
1.34637000e+03 9.42672000e+02 1.70600000e+03 -4.12783644e-03 -2.10160554e-02 -2.18628765e-02
1.33903000e+03 8.84280000e+02 1.71710000e+03 -4.14985377e-03 -6.78846356e-03 -2.74358426e-02
1.24797000e+03 9.23663000e+02 1.71384000e+03 3.27954842e-02 -2.83630408e-03 1.50600453e-02
1.24913000e+03 9.52730000e+02 1.70802000e+03 3.46501924e-02 -1.05430514e-02 1.80782016e-02
1.29885000e+03 9.44237000e+02 1.70649000e+03 1.59289965e-02 -1.49150185e-02 -4.84745371e-03
1.32925000e+03 9.20098000e+02 1.71250000e+03 9.17894889e-04 -1.34932535e-02 -1.90606118e-02
1.28080000e+03 8.54381000e+02 1.72865000e+03 1.55154210e-02 1.10557565e-02 -4.96801992e-03
1.35252000e+03 8.64884000e+02 1.74952000e+03 -1.51025069e-02 4.26471248e-03 -2.62291436e-02
1.28991000e+03 9.13657000e+02 1.71107000e+03 1.71101013e-02 -8.39276192e-03 -5.57132714e-03
1.31078000e+03 9.07576000e+02 1.73794000e+03 5.14752738e-03 -3.01759251e-03 -8.11718015e-03
1.27938000e+03 9.10024000e+02 1.73489000e+03 1.83100653e-02 -7.91999617e-04 3.76383455e-03
1.25995000e+03 8.60517000e+02 1.74284000e+03 2.25414158e-02 1.66828037e-02 8.65715637e-03
1.28043000e+03 8.58201000e+02 1.74823000e+03 1.47224186e-02 1.51611133e-02 1.09073994e-03
1.26554000e+03 8.61421000e+02 1.72011000e+03 2.26002136e-02 9.53153513e-03 2.52404085e-04
1.33651000e+03 8.87053000e+02 1.74902000e+03 -7.39656837e-03 1.34521729e-03 -1.79667220e-02
1.29582000e+03 8.74331000e+02 1.71759000e+03 1.23382719e-02 3.93557655e-04 -1.22070094e-02
1.27804000e+03 9.34682000e+02 1.72793000e+03 2.01863641e-02 -7.02027980e-03 6.67050508e-03
1.25655000e+03 8.95150000e+02 1.73185000e+03 2.61061808e-02 5.27518650e-03 1.06163525e-02
1.26547000e+03 8.84238000e+02 1.73875000e+03 2.14856822e-02 8.22941902e-03 7.16548017e-03
1.26821000e+03 8.82137000e+02 1.71817000e+03 2.27135069e-02 3.79716713e-03 2.06763742e-04
1.30635000e+03 9.29724000e+02 1.70992000e+03 1.14078724e-02 -1.27736957e-02 -8.78349287e-03
1.32922000e+03 8.66478000e+02 1.72098000e+03 -1.65370489e-03 -1.24543056e-03 -2.59895065e-02
1.28012000e+03 9.32617000e+02 1.70885000e+03 2.22500179e-02 -1.04246231e-02 1.00877965e-03
1.30778000e+03 8.60328000e+02 1.74739000e+03 3.69925940e-03 1.02247580e-02 -1.06088151e-02
1.34472000e+03 8.69561000e+02 1.71879000e+03 -7.76379496e-03 -5.23214861e-03 -3.18135183e-02
1.31159000e+03 8.71203000e+02 1.71841000e+03 6.28457096e-03 -1.11685224e-03 -1.81895664e-02
1.34374000e+03 9.14953000e+02 1.74437000e+03 -1.03237139e-02 -6.46991423e-03 -1.64320987e-02
1.35146000e+03 8.92305000e+02 1.71875000e+03 -9.62284245e-03 -9.25402102e-03 -3.08840712e-02
1.26537000e+03 9.04767000e+02 1.71028000e+03 2.58604496e-02 -2.94544697e-03 2.69873354e-03
1.28630000e+03 8.96558000e+02 1.71248000e+03 1.76677862e-02 -4.04324631e-03 -6.61020110e-03
1.25263000e+03 8.48138000e+02 1.74354000e+03 2.47363171e-02 2.18381151e-02 1.17277459e-02
1.25977000e+03 8.93627000e+02 1.71452000e+03 2.63661394e-02 1.49044073e-03 5.14892694e-03
1.30332000e+03 8.92946000e+02 1.73683000e+03 7.89840609e-03 1.08476813e-03 -7.79672636e-03
1.32412000e+03 8.54915000e+02 1.75498000e+03 -3.56446290e-03 1.12945357e-02 -1.51468283e-02
1.35336000e+03 9.33710000e+02 1.74113000e+03 -1.29314608e-02 -1.15825798e-02 -1.72400497e-02
1.35171000e+03 8.92310000e+02 1.74869000e+03 -1.45785178e-02 -1.35940561e-03 -2.23185567e-02
1.26272000e+03 9.08203000e+02 1.73356000e+03 2.44582394e-02 1.58610578e-03 1.03397029e-02
1.34353000e+03 8.45576000e+02 1.72461000e+03 -8.96530514e-03 2.01433894e-03 -3.23087989e-02
1.32635000e+03 8.95012000e+02 1.71557000e+03 1.51715944e-03 -7.70771419e-03 -2.16978865e-02
1.32660000e+03 9.08194000e+02 1.74460000e+03 -2.57126230e-03 -3.94899681e-03 -1.13093900e-02
1.25468000e+03 9.22061000e+02 1.72515000e+03 2.86034926e-02 -1.91052129e-03 1.40265089e-02
1.28877000e+03 9.21945000e+02 1.73655000e+03 1.44860738e-02 -4.53848776e-03 2.95654493e-03
1.26159000e+03 9.16287000e+02 1.70787000e+03 2.77856427e-02 -5.52769683e-03 5.76785082e-03
1.30295000e+03 9.05196000e+02 1.71035000e+03 1.19527137e-02 -8.33432895e-03 -1.26613284e-02
1.27876000e+03 8.80944000e+02 1.74694000e+03 1.55764958e-02 8.95357124e-03 3.05608496e-03
1.29829000e+03 8.90319000e+02 1.71179000e+03 1.27400837e-02 -4.63073219e-03 -1.21681309e-02
1.29478000e+03 8.82516000e+02 1.74799000e+03 9.70176338e-03 6.10431483e-03 -3.18644792e-03
1.31580000e+03 9.43504000e+02 1.73815000e+03 3.75498448e-03 -1.18925868e-02 -2.36888436e-03
1.28711000e+03 9.48340000e+02 1.72933000e+03 1.73298125e-02 -1.03310333e-02 7.15203193e-03
1.31965000e+03 9.35417000e+02 1.70688000e+03 7.16944412e-03 -1.65523487e-02 -1.37026823e-02
1.25027000e+03 8.67440000e+02 1.71725000e+03 2.86452409e-02 1.00752134e-02 7.76246116e-03
1.29440000e+03 8.55030000e+02 1.75475000e+03 8.01587846e-03 1.52738862e-02 -3.48335420e-03
1.35096000e+03 8.49200000e+02 1.73900000e+03 -1.39114883e-02 4.39439524e-03 -3.11555578e-02
1.29425000e+03 9.05150000e+02 1.74366000e+03 1.09074483e-02 -3.77499527e-04 -3.85160630e-04
1.26779000e+03 9.47216000e+02 1.70309000e+03 2.82536440e-02 -1.34384938e-02 7.23151249e-03
1.34958000e+03 8.77945000e+02 1.75100000e+03 -1.42367139e-02 2.26043162e-03 -2.31813613e-02
1.34517000e+03 9.45666000e+02 1.74071000e+03 -8.70718530e-03 -1.32699065e-02 -1.16830556e-02
1.34826000e+03 9.39474000e+02 1.72253000e+03 -7.69560718e-03 -1.56746643e-02 -1.91644134e-02
1.27879000e+03 8.68839000e+02 1.71826000e+03 1.83616853e-02 5.06895694e-03 -5.36681727e-03
1.27442000e+03 8.97215000e+02 1.74229000e+03 1.85019720e-02 3.96859550e-03 5.77368519e-03
1.30040000e+03 9.19207000e+02 1.70676000e+03 1.37345667e-02 -1.11763792e-02 -1.00241214e-02
1.35288000e+03 8.54299000e+02 1.75769000e+03 -1.68024256e-02 8.83246342e-03 -2.49611163e-02
1.32270000e+03 8.82246000e+02 1.71529000e+03 2.65311148e-03 -5.17826029e-03 -2.29472487e-02
1.35020000e+03 9.12177000e+02 1.72892000e+03 -9.91321527e-03 -1.01034658e-02 -2.33961960e-02
1.33569000e+03 9.15178000e+02 1.73140000e+03 -3.83429163e-03 -7.22417551e-03 -1.72842565e-02
1.32569000e+03 9.47112000e+02 1.72256000e+03 2.58445086e-03 -1.48572450e-02 -8.59653158e-03
1.30940000e+03 8.50049000e+02 1.73375000e+03 3.92816788e-03 8.36403833e-03 -1.56414611e-02
1.28814000e+03 8.76568000e+02 1.73356000e+03 1.39541476e-02 4.82753537e-03 -4.97635372e-03
1.31588000e+03 8.65336000e+02 1.73319000e+03 2.64271185e-03 4.48659206e-03 -1.71536919e-02
1.30140000e+03 9.15646000e+02 1.72301000e+03 1.06478246e-02 -6.98163699e-03 -6.84314400e-03
1.32857000e+03 8.47092000e+02 1.72030000e+03 -2.76664519e-03 1.74603234e-03 -2.75860603e-02
1.31293000e+03 9.03067000e+02 1.72303000e+03 6.05593241e-03 -5.59502412e-03 -1.38945009e-02
1.33500000e+03 9.26228000e+02 1.72439000e+03 -2.01295421e-03 -1.17937818e-02 -1.68737581e-02
1.25575000e+03 8.75577000e+02 1.74310000e+03 2.51907409e-02 1.32662665e-02 1.19518945e-02
1.27077000e+03 8.69152000e+02 1.74790000e+03 1.85365683e-02 1.34765762e-02 5.55806157e-03
1.26717000e+03 9.44671000e+02 1.72218000e+03 2.56993690e-02 -8.79511845e-03 1.20105199e-02
1.32371000e+03 9.07365000e+02 1.71093000e+03 2.95955611e-03 -1.13765799e-02 -1.99181423e-02
1.28487000e+03 9.47566000e+02 1.70208000e+03 2.22184561e-02 -1.52054148e-02 5.07395736e-04
1.32522000e+03 8.81568000e+02 1.75100000e+03 -3.30094990e-03 3.20651326e-03 -1.38529796e-02
1.31007000e+03 8.83465000e+02 1.74944000e+03 3.65716935e-03 4.22137061e-03 -8.10428947e-03
1.34321000e+03 9.26379000e+02 1.70799000e+03 -3.37997449e-03 -1.71626426e-02 -2.40868795e-02
1.25184000e+03 9.38529000e+02 1.70267000e+03 3.32798547e-02 -9.45467627e-03 1.26098025e-02
1.35449000e+03 8.80218000e+02 1.71587000e+03 -1.07669069e-02 -8.20534249e-03 -3.46974585e-02
1.27340000e+03 8.93744000e+02 1.71150000e+03 2.25056509e-02 -1.62390663e-03 -1.87797316e-03
1.29355000e+03 9.33322000e+02 1.70330000e+03 1.78216127e-02 -1.39395798e-02 -4.93346194e-03
1.30951000e+03 9.48166000e+02 1.70222000e+03 1.26304182e-02 -1.84106006e-02 -7.75901056e-03
1.27154000e+03 9.21818000e+02 1.73378000e+03 2.14135548e-02 -3.00759583e-03 8.72346713e-03
1.34857000e+03 9.53435000e+02 1.70145000e+03 -3.17050047e-03 -2.44781637e-02 -2.12214101e-02
1.31903000e+03 9.16844000e+02 1.72886000e+03 3.77312773e-03 -7.31569275e-03 -1.15629007e-02
1.32070000e+03 9.30555000e+02 1.74179000e+03 1.25212100e-03 -8.52123528e-03 -5.38787716e-03
1.24640000e+03 9.36108000e+02 1.71713000e+03 3.36655900e-02 -5.10698437e-03 1.80759549e-02
1.33876000e+03 8.61850000e+02 1.75689000e+03 -9.90296020e-03 8.04960797e-03 -1.88648475e-02
1.29462000e+03 9.37805000e+02 1.73521000e+03 1.26232953e-02 -8.24187283e-03 2.99482732e-03
1.32982000e+03 9.44023000e+02 1.70365000e+03 3.47045214e-03 -1.99121946e-02 -1.57129761e-02
1.30056000e+03 9.16248000e+02 1.74231000e+03 9.10123739e-03 -3.50429256e-03 -1.68719523e-03
1.24861000e+03 8.62810000e+02 1.74144000e+03 2.67084574e-02 1.84462360e-02 1.39698364e-02
1.31520000e+03 8.56292000e+02 1.72045000e+03 3.89798504e-03 1.78746532e-03 -2.14411750e-02
1.33569000e+03 8.52838000e+02 1.73217000e+03 -6.10816335e-03 3.81258436e-03 -2.65058797e-02
1.28541000e+03 8.96810000e+02 1.73026000e+03 1.57187613e-02 5.55927107e-04 -1.54122224e-03
1.27878000e+03 8.84474000e+02 1.73145000e+03 1.76068069e-02 4.97569633e-03 -7.35035322e-04
1.27787000e+03 9.13595000e+02 1.70716000e+03 2.19265018e-02 -7.27048653e-03 -1.63052315e-03
1.35170000e+03 8.71091000e+02 1.73652000e+03 -1.26790699e-02 -1.75121109e-04 -2.91599771e-02
1.27848000e+03 9.06663000e+02 1.72019000e+03 1.95743996e-02 -3.25429874e-03 2.47847236e-04
1.33875000e+03 9.30141000e+02 1.74356000e+03 -6.63463627e-03 -8.34810941e-03 -1.19925716e-02
1.33545000e+03 8.78372000e+02 1.73312000e+03 -4.97147082e-03 -4.44699008e-04 -2.33768083e-02
1.35301000e+03 9.05022000e+02 1.71271000e+03 -9.15410219e-03 -1.35013229e-02 -3.06589035e-02
1.31709000e+03 9.22176000e+02 1.70579000e+03 7.18829020e-03 -1.44497803e-02 -1.61558135e-02
1.26157000e+03 8.71438000e+02 1.71439000e+03 2.50818335e-02 6.33161183e-03 1.70320357e-03
1.28373000e+03 9.19277000e+02 1.72271000e+03 1.80057445e-02 -5.74735536e-03 1.38906377e-04
1.26089000e+03 8.69827000e+02 1.73059000e+03 2.42662230e-02 1.09771872e-02 5.46615663e-03
1.24774000e+03 9.12557000e+02 1.70562000e+03 3.27639606e-02 -2.68621687e-03 1.10646205e-02
1.26147000e+03 9.33186000e+02 1.72605000e+03 2.66115592e-02 -5.62422362e-03 1.32932660e-02
1.31342000e+03 8.97562000e+02 1.70947000e+03 7.43894791e-03 -9.22840118e-03 -1.80874040e-02
1.29132000e+03 8.63407000e+02 1.73451000e+03 1.17972098e-02 8.42886369e-03 -7.49322099e-03
1.32566000e+03 8.67766000e+02 1.75501000e+03 -4.27240772e-03 7.56537542e-03 -1.43043674e-02
1.30312000e+03 8.71979000e+02 1.75308000e+03 5.48477198e-03 8.58012025e-03 -5.11095362e-03
1.33790000e+03 9.00811000e+02 1.71130000e+03 -2.57894340e-03 -1.17319236e-02 -2.60119877e-02
1.29431000e+03 8.86881000e+02 1.72747000e+03 1.24886512e-02 4.86614436e-04 -7.23118508e-03
1.27568000e+03 9.51096000e+02 1.72887000e+03 2.15242242e-02 -9.82030978e-03 1.11827560e-02
1.29729000e+03 8.93664000e+02 1.74935000e+03 8.43942333e-03 3.30619901e-03 -2.00106657e-03
1.27009000e+03 8.57969000e+02 1.73610000e+03 1.90388740e-02 1.41615199e-02 1.88297497e-03
1.34286000e+03 8.57557000e+02 1.71861000e+03 -7.80227122e-03 -2.99028799e-03 -3.23925131e-02
1.24863000e+03 8.87565000e+02 1.73803000e+03 2.84566962e-02 9.56213931e-03 1.52876989e-02
1.28933000e+03 9.41736000e+02 1.71698000e+03 1.79947065e-02 -1.17741420e-02 1.36134292e-03
1.25467000e+03 9.46680000e+02 1.71870000e+03 3.09413729e-02 -8.23102063e-03 1.71637108e-02
1.25425000e+03 8.81973000e+02 1.71130000e+03 2.82566967e-02 4.05446879e-03 5.35066634e-03
1.33455000e+03 8.47668000e+02 1.75942000e+03 -9.20740809e-03 1.25560338e-02 -1.83987409e-02
1.31275000e+03 8.98326000e+02 1.74880000e+03 2.60542628e-03 1.03562567e-04 -6.94713451e-03
1.25533000e+03 8.53408000e+02 1.71710000e+03 2.59439147e-02 1.27048293e-02 3.95814324e-03
1.34007000e+03 9.11579000e+02 1.70762000e+03 -2.52998373e-03 -1.54132903e-02 -2.57649926e-02
1.25962000e+03 8.54899000e+02 1.73066000e+03 2.32502540e-02 1.54179267e-02 5.30798514e-03
1.32882000e+03 9.44500000e+02 1.74177000e+03 -2.13954745e-03 -1.19907108e-02 -5.53182435e-03
1.31229000e+03 9.19709000e+02 1.74420000e+03 3.83882546e-03 -4.76986453e-03 -3.95743411e-03
1.33877000e+03 8.99985000e+02 1.74917000e+03 -8.63805125e-03 -1.42101911e-03 -1.57367063e-02
1.27088000e+03 8.50947000e+02 1.71910000e+03 1.97703441e-02 1.05666314e-02 -3.15718216e-03
1.24723000e+03 8.89606000e+02 1.72214000e+03 3.03069554e-02 6.40666998e-03 1.24449705e-02
1.30768000e+03 9.35984000e+02 1.74020000e+03 6.31513468e-03 -8.91010802e-03 -9.92506204e-04
1.29737000e+03 8.59337000e+02 1.71787000e+03 1.13890101e-02 3.14292114e-03 -1.40982382e-02
1.26652000e+03 8.55055000e+02 1.75072000e+03 1.94171624e-02 1.91613228e-02 7.67620061e-03
1.25580000e+03 9.25922000e+02 1.70199000e+03 3.09269525e-02 -7.75663153e-03 8.51375584e-03
1.34783000e+03 9.51849000e+02 1.77919000e+03 -4.39852999e-02 -4.22466339e-03 -4.55878576e-03
1.34178000e+03 8.71796000e+02 1.79080000e+03 -3.23103906e-02 1.14370296e-02 -1.08542667e-02
1.34631000e+03 9.33644000e+02 1.77854000e+03 -3.77941416e-02 -2.73456083e-03 -8.28282847e-03
1.34331000e+03 9.03228000e+02 1.78643000e+03 -3.60549367e-02 3.31282161e-03 -8.97655964e-03
1.32546000e+03 8.47980000e+02 1.79368000e+03 -2.26005974e-02 1.80562811e-02 -6.07591725e-03
1.32916000e+03 8.84308000e+02 1.78524000e+03 -2.51592890e-02 7.08946439e-03 -6.50979171e-03
1.32330000e+03 9.34885000e+02 1.77385000e+03 -2.31647176e-02 -5.95041866e-03 1.04966003e-03
1.31547000e+03 8.64967000e+02 1.78291000e+03 -1.37971138e-02 1.26148698e-02 -3.23329608e-03
1.32638000e+03 9.14984000e+02 1.77688000e+03 -2.31918679e-02 -1.18166545e-03 -3.23865796e-03
1.34284000e+03 8.87399000e+02 1.79147000e+03 -3.68822926e-02 8.34505919e-03 -9.88733995e-03
1.34703000e+03 8.47079000e+02 1.78133000e+03 -2.37292822e-02 1.61667122e-02 -1.76046678e-02
1.31281000e+03 9.44065000e+02 1.76913000e+03 -1.60993567e-02 -7.45771258e-03 5.41597527e-03
1.31288000e+03 8.98301000e+02 1.77711000e+03 -1.39258904e-02 1.88610184e-03 -6.76784329e-04
1.29975000e+03 8.54598000e+02 1.78190000e+03 -4.65289245e-03 1.72296204e-02 1.51206704e-03
1.29979000e+03 8.76661000e+02 1.77844000e+03 -6.05219663e-03 9.09174269e-03 2.82567802e-03
1.31332000e+03 9.25226000e+02 1.77367000e+03 -1.58631644e-02 -2.96153082e-03 2.26566537e-03
1.35121000e+03 8.89224000e+02 1.77656000e+03 -2.90936631e-02 6.22081609e-03 -1.51120358e-02
1.34288000e+03 9.41328000e+02 1.76373000e+03 -2.34978722e-02 -6.91106471e-03 -6.78181852e-03
1.33311000e+03 9.46707000e+02 1.78854000e+03 -4.40718407e-02 -4.34069744e-03 2.09346812e-03
1.35364000e+03 9.04689000e+02 1.80369000e+03 -5.77504703e-02 1.14044861e-02 -8.88179627e-03
1.29085000e+03 9.49018000e+02 1.76094000e+03 9.25865503e-04 -9.52893304e-03 1.26739792e-02
1.32890000e+03 8.98485000e+02 1.78007000e+03 -2.34025230e-02 2.80915886e-03 -4.94600462e-03
1.30012000e+03 9.33790000e+02 1.76495000e+03 -4.22051211e-03 -6.20328397e-03 7.12775890e-03
1.32523000e+03 8.64912000e+02 1.79749000e+03 -2.93163676e-02 1.28645257e-02 -3.92032543e-03
1.30123000e+03 9.08555000e+02 1.77180000e+03 -6.53944795e-03 -4.88627574e-04 3.74890165e-03
1.32985000e+03 8.59201000e+02 1.77908000e+03 -1.58720171e-02 1.30423597e-02 -9.68654671e-03
1.34601000e+03 9.40996000e+02 1.79476000e+03 -5.46326301e-02 1.38541966e-03 -4.20481843e-03
1.28771000e+03 8.65351000e+02 1.77880000e+03 2.95419547e-04 1.49245522e-02 6.52159833e-03
1.29991000e+03 8.91584000e+02 1.77576000e+03 -7.22751869e-03 5.04670839e-03 3.37045954e-03
1.34066000e+03 9.17165000e+02 1.77153000e+03 -2.56635140e-02 -1.48944611e-03 -9.74642449e-03
1.33485000e+03 9.21381000e+02 1.78947000e+03 -3.87500430e-02 -3.20285505e-04 -3.28390647e-03
1.27594000e+03 9.42762000e+02 1.75721000e+03 1.14935076e-02 -7.39713912e-03 1.70758457e-02
1.34033000e+03 8.79587000e+02 1.77763000e+03 -2.32408164e-02 7.19143064e-03 -1.27252991e-02
1.33172000e+03 8.96680000e+02 1.79491000e+03 -3.72695708e-02 5.29222025e-03 -3.95973152e-03
1.31006000e+03 8.53695000e+02 1.79618000e+03 -1.89148454e-02 1.74926471e-02 1.04641432e-03
1.29229000e+03 9.21165000e+02 1.76586000e+03 4.17654813e-04 -4.12718113e-03 7.93930652e-03
1.25473000e+03 9.50225000e+02 1.74504000e+03 2.64301489e-02 -6.96307914e-03 2.35753165e-02
1.28613000e+03 8.81289000e+02 1.77522000e+03 1.00425140e-03 8.96495813e-03 7.97955780e-03
1.33000000e+03 8.80538000e+02 1.79909000e+03 -3.62452201e-02 9.59569092e-03 -4.13212846e-03
1.33619000e+03 9.51881000e+02 1.76310000e+03 -2.15823180e-02 -8.95961104e-03 -2.29796636e-03
1.26386000e+03 9.39786000e+02 1.75003000e+03 2.16924729e-02 -5.92934180e-03 1.90880559e-02
1.28677000e+03 8.95781000e+02 1.77062000e+03 1.87971554e-03 4.06572193e-03 7.46990955e-03
1.34677000e+03 8.62288000e+02 1.77900000e+03 -2.42249210e-02 1.20470665e-02 -1.58289134e-02
1.27923000e+03 8.53437000e+02 1.77981000e+03 5.11899974e-03 1.98396020e-02 9.92305962e-03
1.35355000e+03 9.04121000e+02 1.77196000e+03 -2.97417056e-02 2.21396582e-03 -1.68519919e-02
1.30962000e+03 8.83104000e+02 1.78615000e+03 -1.74434095e-02 7.36684416e-03 6.71814734e-04
1.27258000e+03 8.67678000e+02 1.77534000e+03 7.74406401e-03 1.67336601e-02 1.24720560e-02
1.31595000e+03 8.76028000e+02 1.77451000e+03 -9.72371279e-03 8.39773635e-03 -4.64443602e-03
1.32620000e+03 9.43012000e+02 1.76352000e+03 -1.62711220e-02 -8.23069388e-03 -9.17722662e-05
1.31620000e+03 8.49545000e+02 1.77996000e+03 -9.03921439e-03 1.68188983e-02 -6.14578210e-03
1.35137000e+03 8.60902000e+02 1.79469000e+03 -3.81441236e-02 1.67834262e-02 -1.34336375e-02
1.33089000e+03 9.34496000e+02 1.78747000e+03 -3.89856522e-02 -3.78840355e-03 2.48853126e-04
1.33511000e+03 9.30630000e+02 1.76530000e+03 -2.06809254e-02 -4.94764820e-03 -6.69479703e-03
1.31655000e+03 9.09668000e+02 1.76666000e+03 -8.59391125e-03 -1.90852961e-03 -3.03680685e-03
1.27332000e+03 8.92400000e+02 1.76944000e+03 7.96535078e-03 6.88848307e-03 1.28130287e-02
1.28519000e+03 9.34226000e+02 1.76276000e+03 3.93744992e-03 -5.90681014e-03 1.21477153e-02
1.27729000e+03 9.20692000e+02 1.76226000e+03 9.36171895e-03 -3.83575246e-03 1.31640671e-02
1.32511000e+03 9.21284000e+02 1.76622000e+03 -1.38859524e-02 -3.49694324e-03 -4.20066385e-03
1.24996000e+03 9.35581000e+02 1.74545000e+03 2.83845502e-02 -2.90768933e-03 2.36056076e-02
1.31807000e+03 8.76564000e+02 1.79395000e+03 -2.60301715e-02 9.87851444e-03 -1.06310169e-03
1.31998000e+03 9.45320000e+02 1.78361000e+03 -3.30205890e-02 -7.27205674e-03 5.87548885e-03
1.34497000e+03 9.28790000e+02 1.79724000e+03 -5.29812383e-02 3.12833849e-03 -5.30733427e-03
1.26491000e+03 8.57502000e+02 1.77339000e+03 1.34601687e-02 2.26233736e-02 1.56630072e-02
1.32817000e+03 9.09488000e+02 1.78935000e+03 -3.33510988e-02 7.25199378e-05 -1.51671488e-03
1.33963000e+03 9.51797000e+02 1.79694000e+03 -5.69081500e-02 -1.13762193e-03 9.44669607e-04
1.32178000e+03 9.27543000e+02 1.78390000e+03 -3.03410909e-02 -4.21047117e-03 1.61386868e-03
1.26722000e+03 8.79065000e+02 1.77027000e+03 1.14499563e-02 1.36534384e-02 1.51398208e-02
1.28468000e+03 9.08499000e+02 1.76886000e+03 2.20180359e-03 -6.67491899e-04 9.25799052e-03
1.30450000e+03 9.49379000e+02 1.75982000e+03 -4.40125065e-03 -9.39185129e-03 7.68471585e-03
1.27048000e+03 9.29758000e+02 1.75624000e+03 1.68100649e-02 -4.01465688e-03 1.67467643e-02
1.33446000e+03 8.49011000e+02 1.77943000e+03 -1.65672286e-02 1.54052870e-02 -1.30059224e-02
1.27056000e+03 9.07486000e+02 1.76442000e+03 1.13276004e-02 1.92706054e-03 1.48787248e-02
1.33771000e+03 8.57834000e+02 1.79317000e+03 -2.95518277e-02 1.55797479e-02 -1.00605487e-02
1.30286000e+03 8.67565000e+02 1.79064000e+03 -1.47517747e-02 1.31621253e-02 3.21020843e-03
1.29413000e+03 8.47246000e+02 1.79301000e+03 -8.77037037e-03 2.10021621e-02 6.23924472e-03
1.29690000e+03 9.46449000e+02 1.77288000e+03 -1.37674129e-02 -9.01824309e-03 1.25566665e-02
1.34151000e+03 9.13253000e+02 1.79777000e+03 -4.84286752e-02 4.08042730e-03 -4.16297519e-03
1.31511000e+03 9.11515000e+02 1.78183000e+03 -2.13034139e-02 -1.78445587e-03 1.55760106e-03
1.25204000e+03 8.85212000e+02 1.76368000e+03 2.18097506e-02 1.46837864e-02 2.21804363e-02
1.25703000e+03 8.67897000e+02 1.76890000e+03 1.76563393e-02 2.07873336e-02 1.83163367e-02
1.34038000e+03 9.02302000e+02 1.77174000e+03 -2.16785553e-02 2.27200344e-03 -1.15537999e-02
1.30509000e+03 8.64377000e+02 1.77481000e+03 -3.28085907e-03 1.24444309e-02 -6.22948575e-04
1.31697000e+03 9.34675000e+02 1.76297000e+03 -1.03289687e-02 -6.28810596e-03 9.65529487e-04
1.26328000e+03 9.18422000e+02 1.75854000e+03 1.83345790e-02 -1.12444183e-03 1.75940613e-02
1.26078000e+03 8.94379000e+02 1.76556000e+03 1.56367369e-02 8.55193507e-03 1.78205797e-02
1.30987000e+03 8.85936000e+02 1.77050000e+03 -5.57393922e-03 6.46304087e-03 -1.59288918e-03
1.25230000e+03 9.23874000e+02 1.75115000e+03 2.52683024e-02 -1.29660848e-04 2.23050912e-02
1.31785000e+03 9.51938000e+02 1.75981000e+03 -1.03718044e-02 -1.01239859e-02 4.26979160e-03
1.31882000e+03 8.54371000e+02 1.80488000e+03 -3.01360951e-02 1.69145087e-02 -6.04556834e-04
1.35466000e+03 8.95775000e+02 1.78986000e+03 -4.32975224e-02 8.97781253e-03 -1.29311730e-02
1.30138000e+03 9.22968000e+02 1.77583000e+03 -1.28276083e-02 -4.81949470e-03 6.47272422e-03
1.35059000e+03 9.31497000e+02 1.76407000e+03 -2.61152557e-02 -5.65468729e-03 -1.26846424e-02
1.30611000e+03 9.54856000e+02 1.77923000e+03 -2.59042812e-02 -9.74166145e-03 1.19562895e-02
1.33776000e+03 8.91519000e+02 1.77811000e+03 -2.47600086e-02 4.32027131e-03 -1.08513466e-02
1.35059000e+03 8.73804000e+02 1.77550000e+03 -2.51176263e-02 9.56202089e-03 -1.64019799e-02
1.32858000e+03 8.71687000e+02 1.77828000e+03 -1.76582808e-02 9.79209792e-03 -8.58491434e-03
1.24566000e+03 8.72083000e+02 1.76258000e+03 2.45726966e-02 2.17362223e-02 2.39621252e-02
1.34097000e+03 8.45684000e+02 1.79671000e+03 -3.09565120e-02 1.94869914e-02 -1.10638034e-02
1.30840000e+03 9.36860000e+02 1.77692000e+03 -2.00324910e-02 -5.54778001e-03 6.56627831e-03
1.32598000e+03 8.87262000e+02 1.77223000e+03 -1.35769498e-02 5.09780619e-03 -7.91048033e-03
1.24526000e+03 8.98551000e+02 1.75707000e+03 2.74155465e-02 8.60941667e-03 2.46897115e-02
1.34136000e+03 8.96440000e+02 1.80245000e+03 -4.92086010e-02 8.98603267e-03 -6.09250076e-03
1.25288000e+03 8.53203000e+02 1.76830000e+03 2.13933493e-02 2.62466187e-02 1.87831384e-02
1.25572000e+03 9.07037000e+02 1.75859000e+03 2.12141394e-02 3.07072152e-03 2.08737964e-02
1.33272000e+03 9.27646000e+02 1.77694000e+03 -2.76511854e-02 -2.91309300e-03 -3.17834108e-03
1.30706000e+03 9.18442000e+02 1.76444000e+03 -4.18206703e-03 -2.74179327e-03 1.43101518e-03
1.32657000e+03 9.05667000e+02 1.76823000e+03 -1.37040830e-02 4.43919654e-04 -6.02770539e-03
1.33398000e+03 9.42751000e+02 1.77499000e+03 -3.15563734e-02 -4.75739349e-03 -7.11490180e-04
1.32006000e+03 8.92955000e+02 1.79068000e+03 -2.75197567e-02 4.00727957e-03 -9.59753542e-04
1.28011000e+03 9.52152000e+02 1.76615000e+03 -1.43533147e-03 -1.22516398e-02 1.79172415e-02
1.31213000e+03 8.64932000e+02 1.79948000e+03 -2.48756166e-02 1.42675408e-02 1.90961600e-03
1.29849000e+03 9.31025000e+02 1.79865000e+03 -3.79112215e-02 -1.34753310e-02 1.33535885e-02
1.30353000e+03 9.44282000e+02 1.80226000e+03 -4.72071108e-02 -1.96882731e-02 1.38617203e-02
1.29214000e+03 9.52154000e+02 1.79685000e+03 -4.07752135e-02 -2.47973262e-02 1.72747794e-02
1.28608000e+03 9.32220000e+02 1.79108000e+03 -2.51911842e-02 -1.48766330e-02 1.64609531e-02
1.28450000e+03 9.44963000e+02 1.79026000e+03 -2.90937337e-02 -2.02793606e-02 1.81163798e-02
1.25261000e+03 8.59205000e+02 1.79246000e+03 7.79331899e-03 2.49488373e-02 2.81151184e-02
1.27496000e+03 9.37281000e+02 1.78517000e+03 -1.71853951e-02 -1.78265561e-02 2.05622545e-02
1.26399000e+03 8.56848000e+02 1.79959000e+03 -1.05158920e-03 2.39580250e-02 2.60767853e-02
1.29658000e+03 9.11687000e+02 1.79899000e+03 -3.28364896e-02 -4.74491400e-03 1.35433731e-02
1.26358000e+03 9.43231000e+02 1.77854000e+03 -8.82061622e-03 -1.71175360e-02 2.33570991e-02
1.28566000e+03 9.19316000e+02 1.79167000e+03 -2.19125036e-02 -8.37954443e-03 1.68981730e-02
1.26309000e+03 8.69857000e+02 1.79537000e+03 -2.06946767e-03 1.93056394e-02 2.64697576e-02
1.27475000e+03 8.67407000e+02 1.80138000e+03 -1.01356278e-02 1.77324795e-02 2.17320448e-02
1.24869000e+03 8.76242000e+02 1.78835000e+03 8.59546419e-03 2.10126024e-02 3.17016770e-02
1.26961000e+03 9.09400000e+02 1.78810000e+03 -1.03014208e-02 -1.97034609e-04 2.43369309e-02
