x y z dx dy dz
1278.57 937.489 1800.49 -0.406576 0.309916 -0.024964
1278.45 913.058 1802.38 -0.393743 0.331876 -0.0238557
1277.25 949.092 1801.64 -0.414955 0.298517 -0.0272237
1269.3 943.464 1795.71 -0.399577 0.304475 -0.0273382
1268.05 954.943 1797.45 -0.413442 0.296346 -0.0301685
1270.24 931.284 1795.89 -0.38977 0.317298 -0.02436
1260.02 949.803 1790.96 -0.393395 0.300376 -0.0319962
1252.33 931.123 1786.34 -0.369667 0.317049 -0.0281056
1253.04 919.488 1788.95 -0.364295 0.325205 -0.0271139
1253.77 908.542 1792.24 -0.363925 0.33361 -0.0253368
1254.58 897.715 1795.85 -0.361264 0.341161 -0.0245514
1245.54 890.874 1793.65 -0.349601 0.342713 -0.0299338
1255.27 886.549 1799.5 -0.357986 0.345096 -0.0274274
1246.14 879.489 1797.35 -0.348408 0.349269 -0.0300842
1255.74 875.187 1803.04 -0.355378 0.350951 -0.0271983
1246.8 867.949 1801.01 -0.344896 0.354712 -0.0313539
1247.5 856.469 1804.54 -0.344562 0.357201 -0.0304565
1263.56 904.505 1797.85 -0.372132 0.33628 -0.0251001
1265.28 882.142 1804.97 -0.367366 0.347363 -0.0272634
1262.38 914.611 1794.65 -0.37496 0.335111 -0.0202226
1264.8 893.717 1801.44 -0.371527 0.341676 -0.0269972
1275.13 902.031 1803.46 -0.386803 0.336187 -0.0260106
1279.18 925.389 1800.94 -0.397414 0.326632 -0.0230587
1251.36 943.67 1785.04 -0.373714 0.309389 -0.0292023
1260.92 937.425 1790.57 -0.382596 0.312006 -0.0294923
1261.73 925.535 1792.11 -0.377695 0.320733 -0.0256825
1271.25 919.382 1797.83 -0.38637 0.327901 -0.0255249
1270.88 910.241 1799.57 -0.382333 0.33399 -0.0199626
1279.01 849.672 1795.54 -0.346749 0.358969 -0.0337866
1268.73 846.087 1790.72 -0.334256 0.359513 -0.0363222
1271.67 857.387 1790.19 -0.340364 0.355394 -0.0348806
1261.34 853.871 1785.54 -0.328186 0.356598 -0.0378148
1264.24 865.156 1785.12 -0.334052 0.353015 -0.0364651
1253.88 861.726 1780.63 -0.322508 0.354309 -0.0393512
1251.03 850.382 1780.79 -0.317023 0.357633 -0.0406918
1246.4 869.696 1775.9 -0.317646 0.35031 -0.0400703
1282.06 860.904 1794.69 -0.351934 0.354217 -0.0328164
1319.89 894.057 1803.49 -0.398146 0.352171 -0.0230197
1323.05 905.217 1801.64 -0.403143 0.348186 -0.022006
1312.82 901.504 1797.25 -0.388786 0.345469 -0.0257372
1315.82 912.588 1795.73 -0.3941 0.341879 -0.0242268
1305.56 909.255 1791.38 -0.381002 0.340896 -0.0274335
1248.68 944.227 1758.77 -0.325907 0.317827 -0.0399672
1258.51 947.715 1764.16 -0.339551 0.317358 -0.0399813
1255.88 936.001 1763.74 -0.332613 0.321335 -0.0397386
1265.86 939.42 1768.34 -0.344955 0.321857 -0.0369127
1263.09 927.598 1768.95 -0.339692 0.325808 -0.0381785
1273.37 930.914 1772.93 -0.350343 0.325468 -0.0355035
1269.76 918.952 1774 -0.345808 0.328256 -0.0359883
1302.47 898.022 1793.19 -0.37691 0.344357 -0.0283551
1308.28 920.582 1790.27 -0.386538 0.338532 -0.0266154
1252.13 924.329 1764.83 -0.326942 0.326116 -0.0387525
1275.65 942.844 1773.31 -0.358725 0.323122 -0.0328632
1318.02 923.433 1794.84 -0.399662 0.340464 -0.0231945
1295.12 905.926 1787.56 -0.369472 0.33956 -0.030703
1291.88 894.596 1789.6 -0.366243 0.343172 -0.0303029
1299.19 886.833 1795.29 -0.372526 0.347684 -0.0293332
1283.26 934.295 1777.14 -0.361828 0.3279 -0.0327744
1285.04 946.146 1778.57 -0.372641 0.323882 -0.0301142
1310.61 932.209 1790.4 -0.393266 0.336765 -0.0262623
1277.13 954.374 1775.93 -0.370047 0.319542 -0.0311069
1284.42 902.568 1784.27 -0.359273 0.338795 -0.0343159
1281.1 891.183 1786.32 -0.355709 0.341796 -0.0348027
1273.59 899.185 1781.24 -0.350006 0.337503 -0.0350495
1331.54 946.388 1802.59 -0.429845 0.34726 -0.0156671
1302.89 868.135 1803.33 -0.375685 0.3566 -0.0264587
1270.32 887.77 1783.06 -0.346749 0.343397 -0.0354091
1262.83 895.732 1778.16 -0.342596 0.338936 -0.0347133
1287.67 914.088 1782.35 -0.362736 0.334274 -0.0324231
1294.14 949.452 1784.13 -0.387504 0.324813 -0.0273881
1300.71 929.13 1785.62 -0.379698 0.333139 -0.028934
1277.78 879.848 1788.05 -0.351498 0.346186 -0.034825
1299.59 856.957 1804.9 -0.37053 0.359671 -0.0279028
1259.6 884.296 1779.53 -0.335818 0.345655 -0.0366023
1331.16 934.415 1801.15 -0.420758 0.346674 -0.0190973
1266.13 907.248 1776.07 -0.34441 0.33317 -0.0356209
1255.32 903.554 1772.95 -0.332645 0.334554 -0.0366194
1323.83 942.378 1797.89 -0.417004 0.341417 -0.0188449
1258.53 915.198 1770.54 -0.33541 0.330618 -0.0364881
1246.87 911.661 1766.59 -0.32352 0.330623 -0.0389726
1302.91 941.167 1787.04 -0.389174 0.331707 -0.0273063
1267.95 951.223 1769.88 -0.354362 0.317874 -0.035083
1276.99 910.706 1779.11 -0.352956 0.333585 -0.0348006
1288.55 883.326 1791.64 -0.361609 0.346935 -0.0321932
1306.28 879.281 1801.37 -0.380419 0.351736 -0.0269796
1309.62 890.399 1799.25 -0.385316 0.348723 -0.0257134
1335.27 921.857 1804.51 -0.421603 0.353467 -0.0186829
1326.22 916.686 1800.44 -0.408217 0.347359 -0.0209959
1295.82 875.656 1797.33 -0.368184 0.351589 -0.0295667
1280.34 922.426 1777.47 -0.355424 0.329657 -0.0350806
1298.11 917.387 1786.03 -0.373821 0.336094 -0.0298134
1322.07 952.371 1799.48 -0.422654 0.340355 -0.0169608
1313.87 944.821 1793.23 -0.405831 0.336794 -0.0220341
1289.29 853.282 1800.27 -0.358765 0.360327 -0.0306239
1249.28 880.939 1775.61 -0.323448 0.345287 -0.0386035
1292.48 864.476 1799.04 -0.364073 0.355832 -0.029831
1285.24 872.099 1793.39 -0.357061 0.350389 -0.0326362
1245.62 933.034 1759.14 -0.3209 0.322385 -0.0399817
1274.71 868.606 1789.37 -0.346494 0.350589 -0.0346295
1267.2 876.433 1784.35 -0.341561 0.349984 -0.0343017
1290.61 925.811 1781.29 -0.367481 0.331795 -0.0315175
1292.91 937.74 1781.76 -0.37522 0.328855 -0.0293784
1256.72 873.044 1780.31 -0.329017 0.350092 -0.0380517
1252.39 892.063 1774.8 -0.331246 0.341629 -0.0360677
1303.37 953.258 1790.24 -0.40193 0.328901 -0.0227918
1326.07 925.806 1798.87 -0.409931 0.344422 -0.020585
1245.71 898.893 1770.09 -0.323332 0.336697 -0.0379375
1320.01 933.461 1795.23 -0.405461 0.340154 -0.0226425
1342.3 847.115 1769.82 -0.339152 0.365918 -0.0293169
1334.49 854.317 1768.14 -0.336807 0.362269 -0.0305839
1345.38 858.312 1767.72 -0.342321 0.363367 -0.0282469
1336.77 865.823 1765.99 -0.338907 0.358817 -0.0301787
1347.85 869.634 1765.62 -0.34449 0.360735 -0.0273392
1338.86 877.239 1763.88 -0.34185 0.356171 -0.0298545
1350.07 881.031 1763.54 -0.347366 0.358143 -0.0263148
1341.59 888.747 1761.83 -0.344655 0.354039 -0.0280132
1352.59 892.524 1761.51 -0.350413 0.355271 -0.0252259
1344.11 900.458 1759.78 -0.347354 0.351678 -0.026145
1345.83 911.917 1757.81 -0.348904 0.348909 -0.0253169
1333.45 906.839 1758.24 -0.342593 0.347826 -0.0282633
1336.65 919.619 1756.1 -0.34631 0.34607 -0.0265416
1325.55 915.991 1756.19 -0.340756 0.34282 -0.029406
1327.83 927.621 1754.23 -0.343268 0.341011 -0.0282036
1316.43 923.854 1754.02 -0.336947 0.339852 -0.0300509
1318.82 935.405 1752.09 -0.339504 0.338505 -0.0279618
1307.81 931.481 1751.45 -0.333137 0.335604 -0.0314295
1309.87 942.97 1749.54 -0.335663 0.333491 -0.0295229
1298.88 938.898 1748.24 -0.327885 0.333041 -0.0340714
1300.87 950.336 1746.5 -0.330724 0.330633 -0.0317316
1289.99 945.964 1744.43 -0.323456 0.328689 -0.0345561
1321.01 947.044 1750.24 -0.341653 0.335654 -0.0258128
1314.6 912.487 1756.08 -0.334358 0.342231 -0.0322459
1287.22 933.457 1746.54 -0.321199 0.331217 -0.0372974
1281.35 953.895 1740.24 -0.319638 0.324659 -0.0367814
1325.63 861.751 1766.35 -0.333344 0.358819 -0.0320161
1250.03 858.891 1755.13 -0.295158 0.350393 -0.0481641
1245.27 869.083 1751.22 -0.293271 0.346516 -0.0484404
1254.96 848.721 1759 -0.297019 0.354651 -0.0464771
1256.39 869.416 1755.71 -0.300774 0.347818 -0.0460457
1251.71 879.665 1752.07 -0.299115 0.342465 -0.0468745
1263.06 880.114 1755.84 -0.306331 0.343584 -0.0449303
1258.58 890.478 1752.15 -0.304664 0.339279 -0.0458248
1267.91 869.566 1759.02 -0.306932 0.348647 -0.0445689
1274.67 880.201 1758.49 -0.312096 0.345845 -0.043623
1279.65 869.42 1761.3 -0.312918 0.349938 -0.0421631
1286.44 879.832 1760.28 -0.317521 0.346991 -0.0403653
1281.5 890.908 1757.35 -0.316871 0.342972 -0.0410291
1245.11 923.117 1734.28 -0.294276 0.327406 -0.0482806
1329.18 885.439 1761.99 -0.337785 0.352599 -0.030708
1247.03 941.564 1728.35 -0.295097 0.321798 -0.0471797
1291.45 868.955 1762.82 -0.319188 0.351308 -0.0391572
1284.72 858.799 1763.92 -0.314427 0.35361 -0.0406891
1298.25 879.073 1761.51 -0.322886 0.349294 -0.0378844
1339.11 931.574 1754.14 -0.348302 0.34308 -0.0244434
1296.48 858.33 1765.25 -0.319713 0.354959 -0.0382385
1289.91 848.372 1766.55 -0.31529 0.358378 -0.0398043
1278.08 848.66 1764.88 -0.309365 0.3563 -0.0421888
1352.71 947.339 1751.96 -0.355761 0.341402 -0.0191318
1249.44 906.589 1743.33 -0.29834 0.333125 -0.0475608
1313.19 847.948 1768.46 -0.326551 0.360898 -0.0357697
1253.34 952.136 1729.01 -0.299979 0.320056 -0.0441068
1257.93 941.898 1733.21 -0.302127 0.323877 -0.044323
1264.3 952.176 1733.82 -0.307205 0.321909 -0.0416375
1268.46 942.024 1737.64 -0.309913 0.325969 -0.0417135
1262.68 932.159 1738.41 -0.305727 0.326657 -0.0445245
1274.04 932.456 1742.63 -0.312902 0.328332 -0.0415819
1267.17 922.539 1743.74 -0.309769 0.330483 -0.0431082
1279.09 922.402 1747.55 -0.31568 0.33255 -0.0403666
1271.76 912.284 1749.05 -0.311938 0.333882 -0.0429043
1283.8 912.02 1752.02 -0.317936 0.336201 -0.0394989
1276.69 901.736 1753.72 -0.314103 0.337718 -0.041717
1288.49 901.212 1755.84 -0.32076 0.340603 -0.0396303
1295.6 911.346 1754.23 -0.325033 0.338578 -0.0369084
1300.36 900.652 1757.3 -0.326993 0.342174 -0.0366883
1265.38 902.246 1750.79 -0.309074 0.336419 -0.0445582
1293.35 890.223 1758.9 -0.322302 0.344646 -0.0391612
1305.27 889.402 1760.01 -0.327552 0.346679 -0.0359424
1309.79 877.709 1762.53 -0.32807 0.351673 -0.0349897
1312.81 900.669 1758.29 -0.332868 0.345032 -0.0339471
1291.21 921.441 1750.8 -0.322222 0.334887 -0.036853
1317.12 887.971 1760.98 -0.3332 0.34951 -0.0333084
1324.94 897.254 1759.61 -0.337906 0.34813 -0.0309857
1256.15 922.891 1739.36 -0.302264 0.328173 -0.0459403
1332.28 951.095 1750.44 -0.347279 0.336381 -0.0222131
1311.94 954.56 1747.84 -0.338369 0.330894 -0.0270387
1330.11 939.368 1752.32 -0.345358 0.338752 -0.0253568
1304.11 920.048 1753.36 -0.329985 0.338506 -0.0342683
1258.92 911.699 1745.13 -0.30466 0.331623 -0.0457417
1261.33 859.066 1759.08 -0.301464 0.352551 -0.0448626
1266.4 848.772 1762.43 -0.303077 0.355698 -0.0436228
1272.95 859.051 1761.95 -0.308593 0.352732 -0.0431761
1348.15 923.732 1755.83 -0.352191 0.346651 -0.0231338
1327.64 872.704 1764.33 -0.336425 0.356332 -0.0313378
1350.46 935.572 1753.88 -0.353444 0.343823 -0.0211195
1251.68 932.013 1733.72 -0.298525 0.325268 -0.0468365
1269.88 891.059 1755.16 -0.311095 0.340722 -0.0431383
1341.39 943.375 1752.21 -0.350323 0.340337 -0.0219894
1301.75 847.927 1767.71 -0.32125 0.358826 -0.0373918
1303.25 868.208 1763.91 -0.324038 0.353621 -0.0366665
1315.72 867.43 1764.81 -0.329866 0.355806 -0.0342915
1247.36 889.487 1747.96 -0.296565 0.338268 -0.0475329
1278.99 943.014 1741.43 -0.316839 0.327413 -0.0386586
1324.21 850.188 1768.56 -0.33135 0.362286 -0.0335174
1254.99 899.798 1748.14 -0.302761 0.335506 -0.0467161
1307.84 857.722 1766.21 -0.325219 0.357282 -0.036008
1334.7 895.804 1760.29 -0.342492 0.350989 -0.0292227
1322.43 906.812 1757.7 -0.337732 0.344436 -0.0309326
1319.43 878.348 1762.91 -0.3328 0.352761 -0.0336833
1317.33 856.993 1766.9 -0.329225 0.359069 -0.0341781
1248.64 914.865 1739.51 -0.297325 0.330218 -0.0474647
1297.9 929.131 1750.22 -0.326765 0.335177 -0.0347017
1305.1 909.991 1755.71 -0.329653 0.34185 -0.034538
1352.17 850.273 1769.51 -0.343786 0.367714 -0.0271335
1272.75 950.877 1737.47 -0.313514 0.324561 -0.039538
1245.04 889.476 1699.91 -0.263899 0.325422 -0.0597131
1252.91 898.565 1698.48 -0.267231 0.323673 -0.0590069
1245.24 858.145 1705.81 -0.261351 0.334565 -0.0605833
1248.84 909.634 1696.29 -0.266197 0.321012 -0.0587721
1260.72 907.658 1697.05 -0.27057 0.322596 -0.0571024
1268.49 916.754 1695.62 -0.274162 0.321794 -0.0551496
1272.59 905.691 1697.79 -0.274959 0.324278 -0.0558304
1280.34 914.793 1696.36 -0.27833 0.322913 -0.0539267
1284.46 903.729 1698.53 -0.278899 0.325765 -0.0537854
1292.2 912.834 1697.1 -0.283184 0.324597 -0.0514685
1296.32 901.77 1699.25 -0.283629 0.328097 -0.0526186
1304.04 910.876 1697.82 -0.287393 0.327269 -0.049486
1308.17 899.811 1699.96 -0.288552 0.330033 -0.0501589
1315.88 908.919 1698.54 -0.292505 0.328066 -0.0482278
1320.02 897.853 1700.67 -0.293307 0.330993 -0.0479144
1311.75 919.984 1696.41 -0.292117 0.32564 -0.0472492
1323.58 918.027 1697.13 -0.296347 0.327571 -0.0452633
1249.59 847.056 1708.08 -0.262249 0.338489 -0.060315
1319.45 929.093 1695 -0.295858 0.324633 -0.044452
1331.28 927.138 1695.74 -0.300239 0.326572 -0.0425401
1343.11 925.183 1696.47 -0.305633 0.329514 -0.0390042
1312.31 888.745 1702.09 -0.289168 0.332725 -0.050363
1324.15 886.786 1702.79 -0.294057 0.334034 -0.0479501
1316.45 877.681 1704.23 -0.28968 0.335116 -0.0505282
1328.29 875.724 1704.93 -0.293957 0.337807 -0.0485332
1320.59 866.624 1706.38 -0.289951 0.338679 -0.0495343
1332.43 864.67 1707.08 -0.294866 0.340867 -0.0479067
1324.73 855.579 1708.56 -0.291495 0.342008 -0.0495122
1336.56 853.627 1709.28 -0.29701 0.34369 -0.0477448
1344.26 862.716 1707.8 -0.30071 0.343044 -0.0456073
1308.74 868.579 1705.68 -0.285653 0.336309 -0.0517564
1317.03 846.497 1710.07 -0.287808 0.343123 -0.0507819
1276.7 894.623 1699.96 -0.275609 0.328033 -0.055689
1257.42 856.202 1706.53 -0.265541 0.336145 -0.0597934
1335.99 884.828 1703.49 -0.299163 0.336374 -0.0457393
1256.98 887.487 1700.66 -0.268228 0.32728 -0.059305
1293.34 850.387 1708.66 -0.278091 0.340652 -0.0545691
1281.43 852.329 1707.95 -0.273687 0.339182 -0.056762
1289.15 861.429 1706.45 -0.27738 0.337704 -0.0555011
1277.22 863.378 1705.74 -0.273065 0.336078 -0.0572525
1284.98 872.486 1704.27 -0.27668 0.334106 -0.0557203
1273.05 874.442 1703.56 -0.272555 0.332511 -0.0574329
1301.03 859.48 1707.15 -0.281626 0.338806 -0.0536277
1280.83 883.553 1702.11 -0.27599 0.330765 -0.0559665
1292.72 881.595 1702.83 -0.280598 0.332589 -0.0537485
1288.58 892.662 1700.68 -0.279791 0.329801 -0.053994
1268.91 885.516 1701.39 -0.272167 0.329135 -0.0571489
1264.8 896.59 1699.22 -0.271694 0.325716 -0.0572441
1261.08 876.405 1702.84 -0.268498 0.330331 -0.0591788
1253.2 867.286 1704.31 -0.264883 0.332802 -0.0599295
1335.42 916.071 1697.85 -0.301583 0.329345 -0.0422607
1347.25 914.115 1698.57 -0.30617 0.331916 -0.0401425
1339.55 905.003 1699.96 -0.30212 0.332754 -0.0425039
1351.38 903.047 1700.68 -0.307119 0.334273 -0.0412254
1343.69 893.936 1702.08 -0.303082 0.33516 -0.0432425
1347.82 882.871 1704.2 -0.303614 0.33841 -0.0435513
1331.85 895.894 1701.37 -0.297835 0.333588 -0.045348
1327.72 906.961 1699.25 -0.297524 0.330643 -0.0457624
1351.96 871.812 1706.35 -0.30461 0.342209 -0.0434017
1269.46 854.269 1707.25 -0.269674 0.338381 -0.0579684
1265.24 865.328 1705.03 -0.268977 0.334369 -0.058701
1249.08 878.383 1702.1 -0.264658 0.328571 -0.0605051
1350.8 934.298 1695.1 -0.310186 0.327681 -0.0365401
1261.7 845.16 1708.78 -0.266806 0.340591 -0.0594517
1296.87 870.532 1704.98 -0.281191 0.335716 -0.0534191
1354.94 923.229 1697.19 -0.310635 0.330411 -0.0368603
1340.13 873.768 1705.63 -0.299444 0.339352 -0.0457048
1304.59 879.638 1703.53 -0.285137 0.333759 -0.0523297
1312.88 857.53 1707.85 -0.286247 0.340477 -0.0511475
1305.19 848.443 1709.36 -0.283278 0.342138 -0.0529575
1299.91 921.94 1695.67 -0.286945 0.323152 -0.0493269
1348.39 851.676 1710.01 -0.301852 0.345438 -0.0452557
1300.45 890.704 1701.39 -0.284483 0.330937 -0.0522336
1287.3 847.539 1696.42 -0.269969 0.336593 -0.058498
1301.11 849.415 1697.25 -0.275367 0.337364 -0.056951
1345.86 865.149 1696.08 -0.294868 0.338331 -0.0484028
1293.58 861.594 1697.42 -0.274272 0.33435 -0.0569455
1319.3 862.281 1696.73 -0.283699 0.336505 -0.0529516
1264.13 853.935 1697.06 -0.262426 0.333985 -0.0614322
1329.79 850.201 1699.73 -0.287927 0.340309 -0.0520744
1336.81 876.297 1696.45 -0.293248 0.336015 -0.0485626
1343.03 853.724 1699.08 -0.293648 0.341136 -0.0491828
1298.86 872.698 1695.57 -0.277224 0.332206 -0.0550085
1315.02 846.448 1699.62 -0.28176 0.339371 -0.0539508
1281.93 857.644 1698.42 -0.270159 0.334943 -0.05853
1322.71 853.92 1738.32 -0.311096 0.353722 -0.0426894
1327.72 906.159 1725.93 -0.316665 0.339746 -0.0387139
1340.71 952.242 1718.85 -0.3268 0.331847 -0.0291706
1347.98 925.086 1727.83 -0.330662 0.339749 -0.0310405
1348.14 883.61 1731.38 -0.323394 0.348367 -0.0357768
1294.02 847.393 1736.13 -0.2971 0.351079 -0.0482137
1320.08 931.312 1723.91 -0.317264 0.333203 -0.0363003
1303.51 874.844 1736.25 -0.306212 0.345929 -0.0447792
1295.39 904.356 1726.04 -0.303376 0.335338 -0.0452986
1276.4 869.222 1734.9 -0.293832 0.343443 -0.0500684
1294.65 929.581 1719.07 -0.303506 0.329032 -0.0436214
1272.64 895.286 1725.44 -0.29182 0.334195 -0.051022
1279.56 953.942 1715.51 -0.299934 0.320979 -0.0432244
1318.74 878.538 1733.84 -0.311228 0.346354 -0.0423688
1269.6 918.528 1720.47 -0.292734 0.327392 -0.0494585
1253.29 880.126 1725.81 -0.281951 0.336315 -0.0548154
1345.99 860.793 1732.27 -0.318215 0.35295 -0.0384256
1247.07 859.069 1727.95 -0.277103 0.342536 -0.0552477
1252.33 907.554 1718.88 -0.28256 0.327859 -0.053632
1264.88 930.848 1708.94 -0.285354 0.321782 -0.0511926
1341.85 899.042 1731.04 -0.324084 0.344713 -0.0355993
1312.37 915.537 1714.43 -0.304289 0.332403 -0.0436611
1320.52 954.368 1735.73 -0.331869 0.330644 -0.0287068
1341.73 852.025 1748.01 -0.325401 0.359514 -0.0359744
1308.97 887.958 1720.33 -0.300558 0.338895 -0.0468172
1287.34 891.093 1741.69 -0.308089 0.340705 -0.0452328
1308.93 846.512 1748.15 -0.310701 0.356378 -0.0428521
1334.18 937.49 1731.07 -0.330234 0.336798 -0.0302639
1340.75 912.999 1719.06 -0.318237 0.338433 -0.0365759
1304.2 861.189 1729.56 -0.299316 0.346029 -0.0477748
1334 935.527 1713.2 -0.316354 0.332028 -0.0355118
1323.69 893.046 1735.58 -0.318309 0.344319 -0.0393377
1315.98 872.209 1748.03 -0.319395 0.350319 -0.0397033
1283.75 882.741 1716.93 -0.287617 0.335769 -0.0524198
1334.61 867.491 1743.6 -0.322844 0.353585 -0.0371081
1306.64 944.942 1723.68 -0.31449 0.329072 -0.0371994
1328.06 921.742 1740.95 -0.331165 0.340729 -0.0321514
1319.85 950.851 1709.18 -0.310209 0.326168 -0.0363093
1306.46 926.024 1730.69 -0.315953 0.333749 -0.0391027
1289.19 869.788 1748.99 -0.308675 0.348717 -0.0439682
1346.37 942.672 1706 -0.318058 0.330182 -0.0332309
1339.03 884.28 1717.1 -0.309449 0.342822 -0.0414481
1247.97 923.663 1713.84 -0.280775 0.32319 -0.0528255
1249.13 952.73 1708.02 -0.283046 0.315622 -0.0499367
1298.85 944.237 1706.49 -0.298689 0.324036 -0.0438057
1329.25 920.098 1712.5 -0.310956 0.333467 -0.0397303
1280.8 854.381 1728.65 -0.288765 0.345961 -0.0519111
1352.52 864.884 1749.52 -0.334191 0.35825 -0.0318863
1289.91 913.657 1711.07 -0.292273 0.328378 -0.0488685
1310.78 907.576 1737.94 -0.318243 0.339879 -0.0391484
1279.38 910.024 1734.89 -0.303944 0.333919 -0.0455373
1259.95 860.517 1742.84 -0.291548 0.3466 -0.0505418
1280.43 858.201 1748.23 -0.301894 0.350511 -0.0461722
1265.54 861.421 1720.11 -0.278546 0.340264 -0.055731
1336.51 887.053 1749.02 -0.331915 0.351186 -0.0335163
1295.82 874.331 1717.59 -0.290678 0.338869 -0.0509934
1278.04 934.682 1727.93 -0.304395 0.327153 -0.0440876
1256.55 895.15 1731.85 -0.290548 0.334012 -0.0515089
1265.47 884.238 1738.75 -0.296353 0.339458 -0.0494879
1268.21 882.137 1718.17 -0.282653 0.335165 -0.0548003
1306.35 929.724 1709.92 -0.301454 0.328207 -0.0429937
1329.22 866.478 1720.98 -0.304609 0.345941 -0.0451975
1280.12 932.617 1708.85 -0.290738 0.323759 -0.0484866
1307.78 860.328 1747.39 -0.312979 0.352608 -0.0420758
1344.72 869.561 1718.79 -0.310245 0.345893 -0.0421213
1311.59 871.203 1718.41 -0.2964 0.34145 -0.0477479
1343.74 914.953 1744.37 -0.339345 0.345108 -0.0285601
1351.46 892.305 1718.75 -0.317949 0.343609 -0.0379121
1265.37 904.767 1710.28 -0.280771 0.327472 -0.0545789
1286.3 896.558 1712.48 -0.288121 0.331835 -0.0515284
1252.63 848.138 1743.54 -0.286565 0.349886 -0.0513731
1259.77 893.627 1714.52 -0.279849 0.33058 -0.0550677
1303.32 892.946 1736.83 -0.311074 0.342026 -0.0427489
1324.12 854.915 1754.98 -0.323246 0.358103 -0.0369923
1353.36 933.71 1741.13 -0.344914 0.342388 -0.0243088
1351.71 892.31 1748.69 -0.340262 0.352394 -0.0292018
1262.72 908.203 1733.56 -0.296555 0.331962 -0.0485689
1343.53 845.576 1724.61 -0.308632 0.352993 -0.0426448
1326.35 895.012 1715.57 -0.305664 0.338589 -0.0433567
1326.6 908.194 1744.6 -0.329982 0.343213 -0.0331869
1254.68 922.061 1725.15 -0.29111 0.326159 -0.0499251
1288.77 921.945 1736.55 -0.311806 0.332641 -0.0412301
1261.59 916.287 1707.87 -0.280421 0.323848 -0.0540188
1302.95 905.196 1710.35 -0.29483 0.331781 -0.0481659
1278.76 880.944 1746.94 -0.30616 0.343837 -0.0458023
1298.29 890.319 1711.79 -0.291039 0.334322 -0.0499637
1294.78 882.516 1747.99 -0.313049 0.34515 -0.0428015
1315.8 943.504 1738.15 -0.329027 0.332305 -0.0314811
1287.11 948.34 1729.33 -0.311587 0.326221 -0.038725
1319.65 935.417 1706.88 -0.305399 0.327776 -0.04036
1250.27 867.44 1717.25 -0.272396 0.336789 -0.0572389
1294.4 855.03 1754.75 -0.311562 0.354408 -0.0425605
1350.96 849.2 1739 -0.322855 0.357687 -0.0372844
1294.25 905.15 1743.66 -0.315173 0.338412 -0.0409318
1267.79 947.216 1703.09 -0.285162 0.317405 -0.0498142
1349.58 877.945 1751 -0.337553 0.355528 -0.0309031
1345.17 945.666 1740.71 -0.343531 0.338576 -0.0238293
1348.26 939.474 1722.53 -0.330383 0.336467 -0.0293486
1278.79 868.839 1718.26 -0.283626 0.339169 -0.0538739
1274.42 897.215 1742.29 -0.304737 0.337604 -0.0460494
1300.4 919.207 1706.76 -0.294582 0.328182 -0.0473934
1352.88 854.299 1757.69 -0.337896 0.363136 -0.0301176
1322.7 882.246 1715.29 -0.301072 0.340169 -0.0463698
1350.2 912.177 1728.92 -0.329262 0.342715 -0.0317028
1335.69 915.178 1731.4 -0.325395 0.341919 -0.034085
1325.69 947.112 1722.56 -0.322091 0.331462 -0.0320751
1309.4 850.049 1733.75 -0.302191 0.350789 -0.0458858
1288.14 876.568 1733.56 -0.298897 0.341762 -0.0482765
1315.88 865.336 1733.19 -0.307096 0.348568 -0.0440633
1301.4 915.646 1723.01 -0.30617 0.333083 -0.0435345
1328.57 847.092 1720.3 -0.300326 0.348746 -0.0466361
1312.93 903.067 1723.03 -0.307528 0.337445 -0.043555
1335 926.228 1724.39 -0.322361 0.336978 -0.0343793
1255.75 875.577 1743.1 -0.292935 0.342107 -0.0500972
1270.77 869.152 1747.9 -0.300714 0.346325 -0.0476068
1267.17 944.671 1722.18 -0.298126 0.322415 -0.0453244
1323.71 907.365 1710.93 -0.304719 0.334111 -0.0434481
1284.87 947.566 1702.08 -0.290702 0.320017 -0.0466468
1325.22 881.568 1751 -0.327552 0.350189 -0.035796
1310.07 883.465 1749.44 -0.320179 0.347252 -0.038882
1343.21 926.379 1707.99 -0.31426 0.333275 -0.0368373
1251.84 938.529 1702.67 -0.277651 0.317262 -0.0534424
1354.49 880.218 1715.87 -0.314305 0.34536 -0.0396356
1273.4 893.744 1711.5 -0.281989 0.330899 -0.0541966
1293.55 933.322 1703.3 -0.292131 0.323556 -0.046663
1309.51 948.166 1702.22 -0.300526 0.323173 -0.0406461
1271.54 921.818 1733.78 -0.30324 0.32965 -0.0454478
1348.57 953.435 1701.45 -0.31724 0.327162 -0.031611
1319.03 916.844 1728.86 -0.316745 0.337459 -0.0380673
1320.7 930.555 1741.79 -0.330299 0.337041 -0.0313024
1246.4 936.108 1717.13 -0.285023 0.320605 -0.051063
1338.76 861.85 1756.89 -0.332481 0.358688 -0.0324149
1294.62 937.805 1735.21 -0.316984 0.33041 -0.0382381
1329.82 944.023 1703.65 -0.309446 0.326951 -0.0367122
1300.56 916.248 1742.31 -0.31906 0.336876 -0.0388821
1248.61 862.81 1741.44 -0.287161 0.345399 -0.0518661
1315.2 856.292 1720.45 -0.296122 0.345342 -0.0484955
1335.69 852.838 1732.17 -0.312031 0.352977 -0.041587
1285.41 896.81 1730.26 -0.300442 0.336695 -0.0469823
1278.78 884.474 1731.45 -0.296061 0.339437 -0.0496792
1277.87 913.595 1707.16 -0.285174 0.326286 -0.0519055
1351.7 871.091 1736.52 -0.325833 0.35324 -0.0354637
1278.48 906.663 1720.19 -0.293291 0.330819 -0.0494823
1338.75 930.141 1743.56 -0.339105 0.34192 -0.0274322
1335.45 878.372 1733.12 -0.318033 0.348684 -0.0393014
1353.01 905.022 1712.71 -0.31726 0.339595 -0.0371392
1317.09 922.176 1705.79 -0.301332 0.329188 -0.0439319
1261.57 871.438 1714.39 -0.275333 0.335882 -0.0568579
1283.73 919.277 1722.71 -0.299575 0.32975 -0.0468958
1260.89 869.827 1730.59 -0.285124 0.340799 -0.0534447
1247.74 912.557 1705.62 -0.273176 0.323054 -0.0566479
1261.47 933.186 1726.05 -0.296494 0.324222 -0.0470291
1313.42 897.562 1709.47 -0.296864 0.333564 -0.047312
1291.32 863.407 1734.51 -0.298209 0.34621 -0.0485869
1325.66 867.766 1755.01 -0.327287 0.354772 -0.0356116
1303.12 871.979 1753.08 -0.317498 0.349918 -0.0396007
1337.9 900.811 1711.3 -0.308781 0.337427 -0.0411353
1294.31 886.881 1727.47 -0.299493 0.338845 -0.0472391
1275.68 951.096 1728.87 -0.307837 0.32377 -0.0413962
1297.29 893.664 1749.35 -0.317976 0.343037 -0.0404686
1270.09 857.969 1736.1 -0.290486 0.346509 -0.0513676
1342.86 857.557 1718.61 -0.307082 0.34765 -0.0434474
1248.63 887.565 1738.03 -0.289823 0.336426 -0.0512195
1289.33 941.736 1716.98 -0.302059 0.32501 -0.0430466
1254.67 946.68 1718.7 -0.291385 0.319658 -0.0474728
1254.25 881.973 1711.3 -0.273085 0.331631 -0.0577444
1334.55 847.668 1759.42 -0.329593 0.362178 -0.0339981
1312.75 898.326 1748.8 -0.324694 0.343808 -0.0365812
1255.33 853.408 1717.1 -0.27139 0.34072 -0.0577229
1340.07 911.579 1707.62 -0.309377 0.334204 -0.0399274
1259.62 854.899 1730.66 -0.282329 0.344914 -0.0539273
1328.82 944.5 1741.77 -0.337277 0.335666 -0.0271239
1312.29 919.709 1744.2 -0.326311 0.338689 -0.034448
1338.77 899.985 1749.17 -0.33658 0.349007 -0.0303329
1270.88 850.947 1719.1 -0.278088 0.342649 -0.0557561
1247.23 889.606 1722.14 -0.279288 0.332471 -0.0549301
1307.68 935.984 1740.2 -0.325715 0.333249 -0.0346044
1297.37 859.337 1717.87 -0.287921 0.342026 -0.0515725
1266.52 855.055 1750.72 -0.297831 0.350991 -0.0475635
1255.8 925.922 1701.99 -0.276357 0.319963 -0.0548951
1347.83 951.849 1779.19 -0.402711 0.349369 -0.0153336
1341.78 871.796 1790.8 -0.377112 0.36379 -0.022928
1346.31 933.644 1778.54 -0.391446 0.350449 -0.0194366
1343.31 903.228 1786.43 -0.386433 0.35594 -0.0210304
1325.46 847.98 1793.68 -0.362927 0.366278 -0.0269533
1329.16 884.308 1785.24 -0.369966 0.356033 -0.0262444
1323.3 934.885 1773.85 -0.374418 0.341167 -0.0234771
1315.47 864.967 1782.91 -0.352263 0.357962 -0.0303704
1326.38 914.984 1776.88 -0.371067 0.346814 -0.025431
1342.84 887.399 1791.47 -0.386098 0.36099 -0.021777
1347.03 847.079 1781.33 -0.356664 0.369613 -0.0259532
1312.81 944.065 1769.13 -0.366985 0.336823 -0.025445
1312.88 898.301 1777.11 -0.35763 0.346405 -0.0302348
1299.75 854.598 1781.9 -0.339858 0.358493 -0.0344518
1299.79 876.661 1778.44 -0.344944 0.35027 -0.0337236
1313.32 925.226 1773.67 -0.36452 0.341576 -0.02778
1351.21 889.224 1776.56 -0.370137 0.360614 -0.0222
1342.88 941.328 1763.73 -0.370547 0.344979 -0.0201359
1333.11 946.707 1788.54 -0.406891 0.345713 -0.0170726
1353.64 904.689 1803.69 -0.418511 0.367173 -0.0149877
1290.85 949.018 1760.94 -0.34649 0.32886 -0.0310537
1328.9 898.485 1780.07 -0.36887 0.351543 -0.0252224
1300.12 933.79 1764.95 -0.350032 0.334688 -0.0308061
1325.23 864.912 1797.49 -0.37622 0.361132 -0.0253981
1301.23 908.555 1771.8 -0.349811 0.340878 -0.0328454
1329.85 859.201 1779.08 -0.35063 0.361994 -0.0283286
1346.01 940.996 1794.76 -0.419584 0.354939 -0.0157353
1287.71 865.351 1778.8 -0.335887 0.352996 -0.0367184
1299.91 891.584 1775.76 -0.348416 0.346182 -0.0335209
1340.66 917.165 1771.53 -0.371 0.350043 -0.0237209
1334.85 921.381 1789.47 -0.395574 0.350208 -0.0207427
1275.94 942.762 1757.21 -0.332146 0.327042 -0.0351225
1340.33 879.587 1777.63 -0.362418 0.358807 -0.0258545
1331.72 896.68 1794.91 -0.390874 0.355163 -0.0225516
1310.06 853.695 1796.18 -0.362165 0.36181 -0.0289159
1292.29 921.165 1765.86 -0.342664 0.334769 -0.0341853
1254.73 950.225 1745.04 -0.31208 0.321668 -0.0411242
1286.13 881.289 1775.22 -0.337215 0.34653 -0.036616
1330 880.538 1799.09 -0.388108 0.359138 -0.0232758
1336.19 951.881 1763.1 -0.370989 0.341187 -0.0198213
1263.86 939.786 1750.03 -0.317017 0.325195 -0.0400309
1286.77 895.781 1770.62 -0.337412 0.341669 -0.0371544
1346.77 862.288 1779 -0.359733 0.365362 -0.0247477
1279.23 853.437 1779.81 -0.328575 0.355751 -0.0379041
1353.55 904.121 1771.96 -0.371962 0.357084 -0.0229944
1309.62 883.104 1786.15 -0.362467 0.351294 -0.0303568
1272.58 867.678 1775.34 -0.327033 0.350806 -0.0396029
1315.95 876.028 1774.51 -0.346174 0.353637 -0.0318084
1326.2 943.012 1763.52 -0.363633 0.33935 -0.0231616
1316.2 849.545 1779.96 -0.341816 0.362273 -0.0324343
1351.37 860.902 1794.69 -0.38239 0.371718 -0.0196476
1330.89 934.496 1787.47 -0.398034 0.345663 -0.0198673
1335.11 930.63 1765.3 -0.36588 0.344981 -0.024258
1316.55 909.668 1766.66 -0.349173 0.343269 -0.0307809
1273.32 892.4 1769.44 -0.32977 0.340989 -0.0395149
1285.19 934.226 1762.76 -0.340717 0.331072 -0.034453
1277.29 920.692 1762.26 -0.331511 0.331091 -0.0376429
1325.11 921.284 1766.22 -0.357207 0.343877 -0.027303
1249.96 935.581 1745.45 -0.306585 0.324504 -0.0434551
1318.07 876.564 1793.95 -0.373888 0.356201 -0.0270129
1319.98 945.32 1783.61 -0.392624 0.339258 -0.0208637
1344.97 928.79 1797.24 -0.416221 0.356482 -0.017104
1264.91 857.502 1773.39 -0.317561 0.354663 -0.0405775
1328.17 909.488 1789.35 -0.387037 0.348874 -0.0225198
1339.63 951.797 1796.94 -0.42591 0.35083 -0.0145822
1321.78 927.543 1783.9 -0.385526 0.342792 -0.0235915
1267.22 879.065 1770.27 -0.323326 0.346203 -0.0403564
1284.68 908.499 1768.86 -0.339351 0.336348 -0.0369287
1304.5 949.379 1759.82 -0.351261 0.332488 -0.0281401
1270.48 929.758 1756.24 -0.322912 0.328989 -0.038258
1334.46 849.011 1779.43 -0.348899 0.365556 -0.0286945
1270.56 907.486 1764.42 -0.32739 0.335177 -0.0394653
1337.71 857.834 1793.17 -0.372125 0.366948 -0.0241085
1302.86 867.565 1790.64 -0.358369 0.355469 -0.0313085
1294.13 847.246 1793.01 -0.348519 0.361122 -0.0327797
1296.9 946.449 1772.88 -0.367442 0.331261 -0.027593
1341.51 913.253 1797.77 -0.407967 0.356556 -0.0175368
1315.11 911.515 1781.83 -0.371153 0.34344 -0.0270722
1252.04 885.212 1763.68 -0.310732 0.343135 -0.0422851
1257.03 867.897 1768.9 -0.313444 0.35067 -0.0427789
1340.38 902.302 1771.74 -0.363302 0.353738 -0.0252806
1305.09 864.377 1774.81 -0.336899 0.35489 -0.033761
1316.97 934.675 1762.97 -0.355221 0.338896 -0.0272249
1263.28 918.422 1758.54 -0.319796 0.330085 -0.0412718
1260.78 894.379 1765.56 -0.32036 0.33931 -0.0418313
1309.87 885.936 1770.5 -0.342256 0.350023 -0.0325547
1252.3 923.874 1751.15 -0.309985 0.328043 -0.0430762
1317.85 951.938 1759.81 -0.357886 0.3352 -0.0238867
1318.82 854.371 1804.88 -0.378604 0.363732 -0.0255074
1354.66 895.775 1789.86 -0.393741 0.364628 -0.0181999
1301.38 922.968 1775.83 -0.362154 0.336697 -0.0304322
1350.59 931.497 1764.07 -0.370825 0.348234 -0.0212981
1306.11 954.856 1779.23 -0.385429 0.333089 -0.0230863
1337.76 891.519 1778.11 -0.367294 0.355286 -0.0257995
1350.59 873.804 1775.5 -0.361568 0.363766 -0.023424
1328.58 871.687 1778.28 -0.355174 0.358394 -0.0283076
1245.66 872.083 1762.58 -0.303944 0.348511 -0.0438397
1340.97 845.684 1796.71 -0.372447 0.371794 -0.0228868
1308.4 936.86 1776.92 -0.373575 0.33781 -0.0266524
1325.98 887.262 1772.23 -0.351604 0.352862 -0.02957
1245.26 898.551 1757.07 -0.304736 0.335129 -0.0440741
1341.36 896.44 1802.45 -0.407122 0.361552 -0.0190895
1252.88 853.203 1768.3 -0.305568 0.355042 -0.0443125
1255.72 907.037 1758.59 -0.314008 0.332331 -0.0420605
1332.72 927.646 1776.94 -0.378828 0.34672 -0.0220447
1307.06 918.442 1764.44 -0.345738 0.339926 -0.0320564
1326.57 905.667 1768.23 -0.354161 0.34825 -0.0278529
1333.98 942.751 1774.99 -0.3855 0.345147 -0.0192641
1320.06 892.955 1790.68 -0.377711 0.350753 -0.0262081
1280.11 952.152 1766.15 -0.35268 0.32351 -0.0321228
1312.13 864.932 1799.48 -0.372938 0.35921 -0.0271627
1298.49 931.025 1798.65 -0.402545 0.327925 -0.0254489
1303.53 944.282 1802.26 -0.417354 0.323112 -0.0223848
1292.14 952.154 1796.85 -0.409817 0.314915 -0.0257916
1286.08 932.22 1791.08 -0.385745 0.323113 -0.0295685
1284.5 944.963 1790.26 -0.39246 0.31728 -0.0291805
1252.61 859.205 1792.46 -0.334722 0.354341 -0.0353026
1274.96 937.281 1785.17 -0.375619 0.317131 -0.032053
1263.99 856.848 1799.59 -0.347092 0.356483 -0.030679
1296.58 911.687 1798.99 -0.392678 0.336172 -0.0258329
1263.58 943.231 1778.54 -0.364946 0.314721 -0.0360192
1285.66 919.316 1791.67 -0.379479 0.329518 -0.0290188
1263.09 869.857 1795.37 -0.34902 0.351482 -0.0311666
1274.75 867.407 1801.38 -0.359938 0.353083 -0.0290775
1248.69 876.242 1788.35 -0.335933 0.34928 -0.0344584
1269.61 909.4 1788.1 -0.36324 0.333461 -0.0306106
