x y z dx dy dz
1278.57 937.489 1800.49 -0.407722 0.310552 -0.0250589
1278.45 913.058 1802.38 -0.394619 0.332583 -0.023967
1277.25 949.092 1801.64 -0.416368 0.298945 -0.0272266
1269.3 943.464 1795.71 -0.400773 0.305215 -0.0271094
1268.05 954.943 1797.45 -0.415086 0.296842 -0.030071
1270.24 931.284 1795.89 -0.390764 0.31799 -0.02433
1260.02 949.803 1790.96 -0.394897 0.30096 -0.0317616
1252.33 931.123 1786.34 -0.370632 0.317833 -0.0281577
1253.04 919.488 1788.95 -0.365256 0.325989 -0.0271122
1253.77 908.542 1792.24 -0.364693 0.334336 -0.0253707
1254.58 897.715 1795.85 -0.362056 0.341883 -0.0246213
1245.54 890.874 1793.65 -0.350388 0.34346 -0.0299887
1255.27 886.549 1799.5 -0.358712 0.34581 -0.027509
1246.14 879.489 1797.35 -0.349124 0.349913 -0.0301563
1255.74 875.187 1803.04 -0.356038 0.351674 -0.027363
1246.8 867.949 1801.01 -0.345509 0.355434 -0.0314118
1247.5 856.469 1804.54 -0.345189 0.357907 -0.0306108
1263.56 904.505 1797.85 -0.372906 0.336919 -0.0252182
1265.28 882.142 1804.97 -0.367993 0.348059 -0.027446
1262.38 914.611 1794.65 -0.375799 0.335823 -0.0203086
1264.8 893.717 1801.44 -0.372244 0.342387 -0.0272085
1275.13 902.031 1803.46 -0.387574 0.336851 -0.0262091
1279.18 925.389 1800.94 -0.398429 0.327346 -0.0231111
1251.36 943.67 1785.04 -0.374713 0.310129 -0.0291943
1260.92 937.425 1790.57 -0.383605 0.312757 -0.0293861
1261.73 925.535 1792.11 -0.378633 0.321468 -0.0256544
1271.25 919.382 1797.83 -0.387242 0.328564 -0.0256352
1270.88 910.241 1799.57 -0.383177 0.334685 -0.0201
1279.01 849.672 1795.54 -0.347229 0.359825 -0.0339094
1268.73 846.087 1790.72 -0.334752 0.360349 -0.0364323
1271.67 857.387 1790.19 -0.34105 0.35624 -0.0347352
1261.34 853.871 1785.54 -0.328722 0.357429 -0.0378568
1264.24 865.156 1785.12 -0.334733 0.353843 -0.0365963
1253.88 861.726 1780.63 -0.323157 0.35508 -0.03954
1251.03 850.382 1780.79 -0.317603 0.358427 -0.0408273
1246.4 869.696 1775.9 -0.318596 0.351094 -0.0400633
1282.06 860.904 1794.69 -0.352583 0.354985 -0.0330415
1319.89 894.057 1803.49 -0.398725 0.352973 -0.0231992
1323.05 905.217 1801.64 -0.403707 0.348919 -0.0222319
1312.82 901.504 1797.25 -0.389421 0.346228 -0.0258446
1315.82 912.588 1795.73 -0.394693 0.342566 -0.0244798
1305.56 909.255 1791.38 -0.381576 0.341622 -0.0275344
1248.68 944.227 1758.77 -0.32663 0.318501 -0.0400966
1258.51 947.715 1764.16 -0.340213 0.318013 -0.040019
1255.88 936.001 1763.74 -0.333308 0.32203 -0.039852
1265.86 939.42 1768.34 -0.345647 0.322575 -0.0368887
1263.09 927.598 1768.95 -0.340466 0.326549 -0.0381737
1273.37 930.914 1772.93 -0.351138 0.326157 -0.0355183
1269.76 918.952 1774 -0.346779 0.329001 -0.0359887
1302.47 898.022 1793.19 -0.377541 0.345151 -0.0285036
1308.28 920.582 1790.27 -0.387059 0.339213 -0.0270082
1252.13 924.329 1764.83 -0.327728 0.326826 -0.0389176
1275.65 942.844 1773.31 -0.359368 0.323758 -0.0330554
1318.02 923.433 1794.84 -0.400292 0.341126 -0.0234353
1295.12 905.926 1787.56 -0.370058 0.34027 -0.0309446
1291.88 894.596 1789.6 -0.366895 0.343966 -0.0304297
1299.19 886.833 1795.29 -0.373121 0.348468 -0.0294769
1283.26 934.295 1777.14 -0.362588 0.328504 -0.0329729
1285.04 946.146 1778.57 -0.373301 0.324463 -0.0305003
1310.61 932.209 1790.4 -0.393929 0.337372 -0.0266276
1277.13 954.374 1775.93 -0.370733 0.320158 -0.0314497
1284.42 902.568 1784.27 -0.359957 0.339581 -0.0344204
1281.1 891.183 1786.32 -0.356422 0.342564 -0.0349958
1273.59 899.185 1781.24 -0.350781 0.338245 -0.0352365
1331.54 946.388 1802.59 -0.430595 0.347876 -0.0159062
1302.89 868.135 1803.33 -0.376302 0.357376 -0.0265529
1270.32 887.77 1783.06 -0.347544 0.344151 -0.03564
1262.83 895.732 1778.16 -0.343403 0.339682 -0.034776
1287.67 914.088 1782.35 -0.363382 0.334998 -0.0326011
1294.14 949.452 1784.13 -0.388341 0.325343 -0.0278202
1300.71 929.13 1785.62 -0.380377 0.333762 -0.029087
1277.78 879.848 1788.05 -0.352192 0.346965 -0.0350217
1299.59 856.957 1804.9 -0.371139 0.360469 -0.0281203
1259.6 884.296 1779.53 -0.336872 0.3464 -0.0366002
1331.16 934.415 1801.15 -0.421469 0.347332 -0.0193156
1266.13 907.248 1776.07 -0.345317 0.33393 -0.0357403
1255.32 903.554 1772.95 -0.333509 0.335337 -0.0366507
1323.83 942.378 1797.89 -0.417788 0.342046 -0.0190971
1258.53 915.198 1770.54 -0.336414 0.331351 -0.0365194
1246.87 911.661 1766.59 -0.32438 0.33136 -0.0389728
1302.91 941.167 1787.04 -0.390012 0.332238 -0.0275439
1267.95 951.223 1769.88 -0.355026 0.318508 -0.0351126
1276.99 910.706 1779.11 -0.353736 0.334291 -0.0349617
1288.55 883.326 1791.64 -0.362252 0.347707 -0.0323501
1306.28 879.281 1801.37 -0.38099 0.352523 -0.0270901
1309.62 890.399 1799.25 -0.385886 0.349523 -0.0258224
1335.27 921.857 1804.51 -0.422282 0.354144 -0.0188859
1326.22 916.686 1800.44 -0.408951 0.348065 -0.0212818
1295.82 875.656 1797.33 -0.368771 0.352371 -0.0297325
1280.34 922.426 1777.47 -0.356254 0.330326 -0.0352392
1298.11 917.387 1786.03 -0.374413 0.336802 -0.0298724
1322.07 952.371 1799.48 -0.423481 0.340932 -0.0172394
1313.87 944.821 1793.23 -0.406665 0.337403 -0.0223208
1289.29 853.282 1800.27 -0.359496 0.361257 -0.0306449
1249.28 880.939 1775.61 -0.324433 0.346068 -0.0386001
1292.48 864.476 1799.04 -0.364701 0.356585 -0.0300027
1285.24 872.099 1793.39 -0.357701 0.351158 -0.0328194
1245.62 933.034 1759.14 -0.32163 0.323116 -0.0400975
1274.71 868.606 1789.37 -0.347227 0.351328 -0.0348164
1267.2 876.433 1784.35 -0.342282 0.3508 -0.0345579
1290.61 925.811 1781.29 -0.368167 0.332409 -0.0316896
1292.91 937.74 1781.76 -0.375994 0.329412 -0.0296274
1256.72 873.044 1780.31 -0.329774 0.350875 -0.0382598
1252.39 892.063 1774.8 -0.33212 0.342432 -0.0361654
1303.37 953.258 1790.24 -0.402877 0.329453 -0.0232116
1326.07 925.806 1798.87 -0.410599 0.345091 -0.0208604
1245.71 898.893 1770.09 -0.324298 0.337498 -0.0379668
1320.01 933.461 1795.23 -0.406178 0.340801 -0.0229122
1342.3 847.115 1769.82 -0.339636 0.366703 -0.0294782
1334.49 854.317 1768.14 -0.33731 0.363049 -0.0307384
1345.38 858.312 1767.72 -0.342817 0.364155 -0.0284103
1336.77 865.823 1765.99 -0.339423 0.359603 -0.0303341
1347.85 869.634 1765.62 -0.345002 0.361526 -0.0274988
1338.86 877.239 1763.88 -0.342372 0.356955 -0.0300115
1350.07 881.031 1763.54 -0.347889 0.358935 -0.02647
1341.59 888.747 1761.83 -0.345187 0.354822 -0.0281665
1352.59 892.524 1761.51 -0.350939 0.356068 -0.0253785
1344.11 900.458 1759.78 -0.3479 0.352466 -0.0263041
1345.83 911.917 1757.81 -0.349455 0.349698 -0.0254741
1333.45 906.839 1758.24 -0.34315 0.348599 -0.0284292
1336.65 919.619 1756.1 -0.346883 0.346847 -0.0267095
1325.55 915.991 1756.19 -0.341337 0.343586 -0.0295809
1327.83 927.621 1754.23 -0.343861 0.341779 -0.0283819
1316.43 923.854 1754.02 -0.337546 0.340604 -0.030231
1318.82 935.405 1752.09 -0.34012 0.339259 -0.0281498
1307.81 931.481 1751.45 -0.333753 0.336341 -0.031619
1309.87 942.97 1749.54 -0.3363 0.334234 -0.0297275
1298.88 938.898 1748.24 -0.328525 0.333771 -0.0342745
1300.87 950.336 1746.5 -0.331388 0.331367 -0.0319463
1289.99 945.964 1744.43 -0.324127 0.32941 -0.0347647
1321.01 947.044 1750.24 -0.342289 0.336412 -0.0260008
1314.6 912.487 1756.08 -0.334941 0.342985 -0.0324187
1287.22 933.457 1746.54 -0.32185 0.331932 -0.0374771
1281.35 953.895 1740.24 -0.320347 0.325366 -0.0369798
1325.63 861.751 1766.35 -0.33386 0.359596 -0.0321621
1250.03 858.891 1755.13 -0.295752 0.351111 -0.0482729
1245.27 869.083 1751.22 -0.293866 0.347238 -0.0485337
1254.96 848.721 1759 -0.297598 0.355384 -0.0465778
1256.39 869.416 1755.71 -0.301363 0.348543 -0.0461806
1251.71 879.665 1752.07 -0.299704 0.343196 -0.0469626
1263.06 880.114 1755.84 -0.306923 0.344315 -0.0450739
1258.58 890.478 1752.15 -0.305273 0.340021 -0.045918
1267.91 869.566 1759.02 -0.307513 0.34937 -0.0447084
1274.67 880.201 1758.49 -0.312676 0.346574 -0.0437737
1279.65 869.42 1761.3 -0.313483 0.350674 -0.042288
1286.44 879.832 1760.28 -0.318091 0.347739 -0.0404948
1281.5 890.908 1757.35 -0.317464 0.343707 -0.0411756
1245.11 923.117 1734.28 -0.294948 0.328101 -0.048394
1329.18 885.439 1761.99 -0.338328 0.353376 -0.0308637
1247.03 941.564 1728.35 -0.295815 0.32248 -0.047306
1291.45 868.955 1762.82 -0.319737 0.352058 -0.0392809
1284.72 858.799 1763.92 -0.314972 0.354359 -0.0408215
1298.25 879.073 1761.51 -0.323449 0.350045 -0.038011
1339.11 931.574 1754.14 -0.348893 0.34386 -0.024609
1296.48 858.33 1765.25 -0.320241 0.355715 -0.038361
1289.91 848.372 1766.55 -0.315813 0.359126 -0.039937
1278.08 848.66 1764.88 -0.309914 0.357037 -0.0423214
1352.71 947.339 1751.96 -0.356367 0.342197 -0.0192908
1249.44 906.589 1743.33 -0.298976 0.333843 -0.0476542
1313.19 847.948 1768.46 -0.327059 0.361665 -0.0359064
1253.34 952.136 1729.01 -0.300706 0.320735 -0.0442563
1257.93 941.898 1733.21 -0.302835 0.324564 -0.0444495
1264.3 952.176 1733.82 -0.307926 0.322595 -0.041795
1268.46 942.024 1737.64 -0.310612 0.326668 -0.0418525
1262.68 932.159 1738.41 -0.306413 0.32736 -0.0446384
1274.04 932.456 1742.63 -0.313575 0.329042 -0.0417186
1267.17 922.539 1743.74 -0.310425 0.331199 -0.0432134
1279.09 922.402 1747.55 -0.316317 0.333276 -0.0405212
1271.76 912.284 1749.05 -0.312559 0.334612 -0.0430417
1283.8 912.02 1752.02 -0.318533 0.336926 -0.0396774
1276.69 901.736 1753.72 -0.314695 0.338452 -0.0418777
1288.49 901.212 1755.84 -0.321354 0.341342 -0.0397849
1295.6 911.346 1754.23 -0.325633 0.339315 -0.037073
1300.36 900.652 1757.3 -0.327576 0.342913 -0.0368367
1265.38 902.246 1750.79 -0.309686 0.337148 -0.044689
1293.35 890.223 1758.9 -0.322882 0.345397 -0.0392936
1305.27 889.402 1760.01 -0.328127 0.347435 -0.0360821
1309.79 877.709 1762.53 -0.328621 0.352435 -0.0351227
1312.81 900.669 1758.29 -0.333442 0.345785 -0.0341111
1291.21 921.441 1750.8 -0.322833 0.335608 -0.0370342
1317.12 887.971 1760.98 -0.333759 0.350274 -0.0334564
1324.94 897.254 1759.61 -0.338463 0.348897 -0.0311476
1256.15 922.891 1739.36 -0.302928 0.328873 -0.0460381
1332.28 951.095 1750.44 -0.34791 0.337152 -0.02239
1311.94 954.56 1747.84 -0.339029 0.33164 -0.0272411
1330.11 939.368 1752.32 -0.34597 0.339522 -0.0255313
1304.11 920.048 1753.36 -0.330592 0.339244 -0.0344466
1258.92 911.699 1745.13 -0.305295 0.332347 -0.0458198
1261.33 859.066 1759.08 -0.302035 0.35328 -0.044968
1266.4 848.772 1762.43 -0.303642 0.356442 -0.0437212
1272.95 859.051 1761.95 -0.309155 0.353467 -0.0432991
1348.15 923.732 1755.83 -0.352757 0.347446 -0.0232931
1327.64 872.704 1764.33 -0.336953 0.357107 -0.0314858
1350.46 935.572 1753.88 -0.354025 0.344621 -0.0212801
1251.68 932.013 1733.72 -0.299218 0.325959 -0.0469462
1269.88 891.059 1755.16 -0.311705 0.341461 -0.0432713
1341.39 943.375 1752.21 -0.350928 0.341121 -0.0221556
1301.75 847.927 1767.71 -0.321758 0.359582 -0.0375173
1303.25 868.208 1763.91 -0.324584 0.354377 -0.0367928
1315.72 867.43 1764.81 -0.330397 0.356572 -0.0344261
1247.36 889.487 1747.96 -0.297159 0.338997 -0.0476156
1278.99 943.014 1741.43 -0.317524 0.328117 -0.0388277
1324.21 850.188 1768.56 -0.331854 0.363058 -0.0336628
1254.99 899.798 1748.14 -0.30338 0.336236 -0.0468145
1307.84 857.722 1766.21 -0.325744 0.358047 -0.0361377
1334.7 895.804 1760.29 -0.343038 0.351766 -0.029381
1322.43 906.812 1757.7 -0.338304 0.345197 -0.0311029
1319.43 878.348 1762.91 -0.333345 0.353526 -0.0338248
1317.33 856.993 1766.9 -0.329743 0.359841 -0.0343158
1248.64 914.865 1739.51 -0.297981 0.33092 -0.0475521
1297.9 929.131 1750.22 -0.327389 0.335904 -0.034893
1305.1 909.991 1755.71 -0.33024 0.342592 -0.0347092
1352.17 850.273 1769.51 -0.344271 0.368501 -0.0272984
1272.75 950.877 1737.47 -0.314227 0.325256 -0.039706
1245.04 889.476 1699.91 -0.264473 0.32612 -0.0598111
1252.91 898.565 1698.48 -0.267817 0.324379 -0.0591091
1245.24 858.145 1705.81 -0.261895 0.335261 -0.0606747
1248.84 909.634 1696.29 -0.266799 0.321715 -0.0588736
1260.72 907.658 1697.05 -0.271171 0.323308 -0.0572075
1268.49 916.754 1695.62 -0.274774 0.322512 -0.0552617
1272.59 905.691 1697.79 -0.275555 0.324999 -0.0559398
1280.34 914.793 1696.36 -0.278931 0.323641 -0.0540427
1284.46 903.729 1698.53 -0.279486 0.326496 -0.0539001
1292.2 912.834 1697.1 -0.283778 0.325336 -0.0515881
1296.32 901.77 1699.25 -0.284203 0.328837 -0.0527356
1304.04 910.876 1697.82 -0.287972 0.328019 -0.0496092
1308.17 899.811 1699.96 -0.289116 0.330785 -0.0502799
1315.88 908.919 1698.54 -0.293073 0.328828 -0.0483527
1320.02 897.853 1700.67 -0.293862 0.331756 -0.0480365
1311.75 919.984 1696.41 -0.292701 0.326399 -0.0473757
1323.58 918.027 1697.13 -0.296917 0.328343 -0.0453911
1249.59 847.056 1708.08 -0.262782 0.339183 -0.0604028
1319.45 929.093 1695 -0.296447 0.325402 -0.04458
1331.28 927.138 1695.74 -0.300813 0.327353 -0.0426687
1343.11 925.183 1696.47 -0.306197 0.330308 -0.0391326
1312.31 888.745 1702.09 -0.28972 0.333478 -0.0504807
1324.15 886.786 1702.79 -0.294598 0.334799 -0.0480696
1316.45 877.681 1704.23 -0.290218 0.335869 -0.0506423
1328.29 875.724 1704.93 -0.294486 0.338569 -0.04865
1320.59 866.624 1706.38 -0.290476 0.33943 -0.0496438
1332.43 864.67 1707.08 -0.295384 0.341631 -0.0480164
1324.73 855.579 1708.56 -0.292008 0.342759 -0.0496171
1336.56 853.627 1709.28 -0.297519 0.344451 -0.0478521
1344.26 862.716 1707.8 -0.301224 0.343817 -0.0457195
1308.74 868.579 1705.68 -0.286185 0.33705 -0.0518634
1317.03 846.497 1710.07 -0.288315 0.343864 -0.05088
1276.7 894.623 1699.96 -0.276186 0.328755 -0.0557982
1257.42 856.202 1706.53 -0.26608 0.336846 -0.0598826
1335.99 884.828 1703.49 -0.299696 0.33715 -0.0458601
1256.98 887.487 1700.66 -0.268798 0.327986 -0.0594035
1293.34 850.387 1708.66 -0.278613 0.341373 -0.0546612
1281.43 852.329 1707.95 -0.274216 0.339897 -0.0568521
1289.15 861.429 1706.45 -0.277915 0.338426 -0.0555974
1277.22 863.378 1705.74 -0.273605 0.336793 -0.0573474
1284.98 872.486 1704.27 -0.277228 0.334829 -0.0558232
1273.05 874.442 1703.56 -0.27311 0.333224 -0.057534
1301.03 859.48 1707.15 -0.282153 0.339537 -0.0537262
1280.83 883.553 1702.11 -0.276552 0.331487 -0.0560735
1292.72 881.595 1702.83 -0.281154 0.333321 -0.0538572
1288.58 892.662 1700.68 -0.28036 0.330533 -0.0541061
1268.91 885.516 1701.39 -0.272735 0.329849 -0.0572519
1264.8 896.59 1699.22 -0.272277 0.326428 -0.0573476
1261.08 876.405 1702.84 -0.269055 0.331038 -0.0592771
1253.2 867.286 1704.31 -0.265432 0.333503 -0.0600227
1335.42 916.071 1697.85 -0.302141 0.330132 -0.0423901
1347.25 914.115 1698.57 -0.306722 0.332715 -0.0402643
1339.55 905.003 1699.96 -0.302668 0.333543 -0.0426322
1351.38 903.047 1700.68 -0.30766 0.335073 -0.0413451
1343.69 893.936 1702.08 -0.303619 0.335951 -0.0433653
1347.82 882.871 1704.2 -0.304141 0.339198 -0.0436701
1331.85 895.894 1701.37 -0.298379 0.334363 -0.0454717
1327.72 906.961 1699.25 -0.298079 0.331418 -0.0458881
1351.96 871.812 1706.35 -0.305125 0.342994 -0.0435174
1269.46 854.269 1707.25 -0.270208 0.339089 -0.0580568
1265.24 865.328 1705.03 -0.269522 0.335078 -0.0587936
1249.08 878.383 1702.1 -0.265218 0.329272 -0.0606002
1350.8 934.298 1695.1 -0.310755 0.328481 -0.0366558
1261.7 845.16 1708.78 -0.267333 0.341291 -0.0595359
1296.87 870.532 1704.98 -0.281732 0.336448 -0.0535256
1354.94 923.229 1697.19 -0.31119 0.331218 -0.0369747
1340.13 873.768 1705.63 -0.299967 0.340126 -0.0458215
1304.59 879.638 1703.53 -0.285684 0.3345 -0.0524412
1312.88 857.53 1707.85 -0.286765 0.341218 -0.0512491
1305.19 848.443 1709.36 -0.283791 0.342869 -0.0530517
1299.91 921.94 1695.67 -0.28754 0.323901 -0.0494508
1348.39 851.676 1710.01 -0.302354 0.346209 -0.0453662
1300.45 890.704 1701.39 -0.285044 0.33168 -0.0523488
1287.3 847.539 1696.42 -0.27049 0.337305 -0.0585799
1301.11 849.415 1697.25 -0.275885 0.338087 -0.0570382
1345.86 865.149 1696.08 -0.295381 0.3391 -0.0485088
1293.58 861.594 1697.42 -0.274803 0.335071 -0.0570392
1319.3 862.281 1696.73 -0.284222 0.33725 -0.0530505
1264.13 853.935 1697.06 -0.262959 0.334687 -0.0615149
1329.79 850.201 1699.73 -0.288437 0.341057 -0.0521715
1336.81 876.297 1696.45 -0.293774 0.336785 -0.0486733
1343.03 853.724 1699.08 -0.294152 0.341897 -0.049287
1298.86 872.698 1695.57 -0.277765 0.332936 -0.0551095
1315.02 846.448 1699.62 -0.282273 0.340107 -0.0540418
1281.93 857.644 1698.42 -0.27069 0.335655 -0.0586182
1322.71 853.92 1738.32 -0.311613 0.35448 -0.0428141
1327.72 906.159 1725.93 -0.317228 0.34052 -0.038862
1340.71 952.242 1718.85 -0.327412 0.332637 -0.0293169
1347.98 925.086 1727.83 -0.331231 0.34055 -0.0311855
1348.14 883.61 1731.38 -0.323922 0.34916 -0.035916
1294.02 847.393 1736.13 -0.297628 0.351809 -0.0483187
1320.08 931.312 1723.91 -0.317867 0.333972 -0.0364595
1303.51 874.844 1736.25 -0.306762 0.346674 -0.0449035
1295.39 904.356 1726.04 -0.303964 0.336077 -0.045439
1276.4 869.222 1734.9 -0.294397 0.344161 -0.0501813
1294.65 929.581 1719.07 -0.304134 0.329775 -0.0437716
1272.64 895.286 1725.44 -0.292416 0.334917 -0.0511442
1279.56 953.942 1715.51 -0.300626 0.321701 -0.043381
1318.74 878.538 1733.84 -0.311766 0.347114 -0.0425028
1269.6 918.528 1720.47 -0.29337 0.328116 -0.0495783
1253.29 880.126 1725.81 -0.282526 0.337024 -0.0549205
1345.99 860.793 1732.27 -0.318726 0.353732 -0.0385575
1247.07 859.069 1727.95 -0.277655 0.343244 -0.0553466
1252.33 907.554 1718.88 -0.283175 0.328576 -0.0537398
1264.88 930.848 1708.94 -0.286006 0.322499 -0.051311
1341.85 899.042 1731.04 -0.324632 0.345503 -0.0357439
1312.37 915.537 1714.43 -0.304871 0.333163 -0.0438017
1320.52 954.368 1735.73 -0.332514 0.331407 -0.0288863
1341.73 852.025 1748.01 -0.325905 0.360294 -0.0361147
1308.97 887.958 1720.33 -0.301111 0.339646 -0.0469456
1287.34 891.093 1741.69 -0.30867 0.341438 -0.0453685
1308.93 846.512 1748.15 -0.31122 0.357127 -0.0429704
1334.18 937.49 1731.07 -0.330831 0.337582 -0.0304255
1340.75 912.999 1719.06 -0.318796 0.339226 -0.0367174
1304.2 861.189 1729.56 -0.299848 0.346767 -0.047888
1334 935.527 1713.2 -0.316946 0.332813 -0.0356565
1323.69 893.046 1735.58 -0.318861 0.345087 -0.0394837
1315.98 872.209 1748.03 -0.31993 0.351078 -0.0398365
1283.75 882.741 1716.93 -0.288181 0.336495 -0.0525343
1334.61 867.491 1743.6 -0.323367 0.354361 -0.0372509
1306.64 944.942 1723.68 -0.315131 0.329823 -0.037369
1328.06 921.742 1740.95 -0.331749 0.341503 -0.0323147
1319.85 950.851 1709.18 -0.310839 0.326936 -0.0364575
1306.46 926.024 1730.69 -0.316565 0.334499 -0.03927
1289.19 869.788 1748.99 -0.309232 0.349457 -0.0440894
1346.37 942.672 1706 -0.318645 0.33098 -0.0333606
1339.03 884.28 1717.1 -0.309984 0.343603 -0.0415798
1247.97 923.663 1713.84 -0.281427 0.323896 -0.0529313
1249.13 952.73 1708.02 -0.28376 0.316315 -0.0500683
1298.85 944.237 1706.49 -0.299329 0.324785 -0.0439514
1329.25 920.098 1712.5 -0.311529 0.334247 -0.0398728
1280.8 854.381 1728.65 -0.289308 0.34668 -0.0520123
1352.52 864.884 1749.52 -0.3347 0.359044 -0.0320324
1289.91 913.657 1711.07 -0.292874 0.329117 -0.0489976
1310.78 907.576 1737.94 -0.318824 0.340634 -0.0393038
1279.38 910.024 1734.89 -0.304562 0.334651 -0.0456789
1259.95 860.517 1742.84 -0.292117 0.347316 -0.0506468
1280.43 858.201 1748.23 -0.302448 0.35124 -0.0462862
1265.54 861.421 1720.11 -0.279099 0.340974 -0.0558289
1336.51 887.053 1749.02 -0.332454 0.351967 -0.0336712
1295.82 874.331 1717.59 -0.291226 0.339603 -0.0511089
1278.04 934.682 1727.93 -0.305063 0.327871 -0.0442324
1256.55 895.15 1731.85 -0.291149 0.334732 -0.0516146
1265.47 884.238 1738.75 -0.29694 0.34018 -0.0496037
1268.21 882.137 1718.17 -0.283228 0.335883 -0.0549114
1306.35 929.724 1709.92 -0.302064 0.328963 -0.0431365
1329.22 866.478 1720.98 -0.305133 0.346706 -0.0453203
1280.12 932.617 1708.85 -0.291382 0.324488 -0.0486182
1307.78 860.328 1747.39 -0.313511 0.35336 -0.0421985
1344.72 869.561 1718.79 -0.310763 0.346675 -0.0422458
1311.59 871.203 1718.41 -0.296934 0.3422 -0.0478658
1343.74 914.953 1744.37 -0.339907 0.345901 -0.028714
1351.46 892.305 1718.75 -0.318484 0.344408 -0.0380399
1265.37 904.767 1710.28 -0.281374 0.32819 -0.0546896
1286.3 896.558 1712.48 -0.288699 0.332567 -0.0516508
1252.63 848.138 1743.54 -0.287127 0.3506 -0.0514667
1259.77 893.627 1714.52 -0.280437 0.331293 -0.0551739
1303.32 892.946 1736.83 -0.311643 0.342771 -0.0428895
1324.12 854.915 1754.98 -0.323762 0.35887 -0.037128
1353.36 933.71 1741.13 -0.345492 0.343194 -0.0244612
1351.71 892.31 1748.69 -0.340796 0.353192 -0.0293459
1262.72 908.203 1733.56 -0.297183 0.332687 -0.048674
1343.53 845.576 1724.61 -0.309133 0.353762 -0.0427636
1326.35 895.012 1715.57 -0.306212 0.339359 -0.0434906
1326.6 908.194 1744.6 -0.33055 0.343984 -0.0333503
1254.68 922.061 1725.15 -0.291762 0.326867 -0.0500301
1288.77 921.945 1736.55 -0.312433 0.333377 -0.0413914
1261.59 916.287 1707.87 -0.281043 0.324564 -0.0541307
1302.95 905.196 1710.35 -0.295409 0.332528 -0.0482958
1278.76 880.944 1746.94 -0.306735 0.344566 -0.0459327
1298.29 890.319 1711.79 -0.2916 0.335062 -0.0500849
1294.78 882.516 1747.99 -0.313616 0.345892 -0.0429312
1315.8 943.504 1738.15 -0.329658 0.333063 -0.0316619
1287.11 948.34 1729.33 -0.312268 0.326947 -0.0389004
1319.65 935.417 1706.88 -0.306003 0.328547 -0.0405013
1250.27 867.44 1717.25 -0.272955 0.337494 -0.0573388
1294.4 855.03 1754.75 -0.312096 0.355152 -0.0426809
1350.96 849.2 1739 -0.323353 0.358468 -0.0374151
1294.25 905.15 1743.66 -0.31576 0.339147 -0.0410891
1267.79 947.216 1703.09 -0.285842 0.318121 -0.0499453
1349.58 877.945 1751 -0.338072 0.356321 -0.0310519
1345.17 945.666 1740.71 -0.344136 0.339369 -0.0239884
1348.26 939.474 1722.53 -0.330971 0.337267 -0.0294911
1278.79 868.839 1718.26 -0.284179 0.339888 -0.0539796
1274.42 897.215 1742.29 -0.30534 0.338332 -0.0461879
1300.4 919.207 1706.76 -0.295181 0.328931 -0.047526
1352.88 854.299 1757.69 -0.338391 0.363923 -0.030271
1322.7 882.246 1715.29 -0.301611 0.340931 -0.0464957
1350.2 912.177 1728.92 -0.329816 0.343518 -0.0318403
1335.69 915.178 1731.4 -0.325963 0.342703 -0.0342363
1325.69 947.112 1722.56 -0.322711 0.332235 -0.0322291
1309.4 850.049 1733.75 -0.302711 0.351531 -0.0459976
1288.14 876.568 1733.56 -0.299456 0.342492 -0.0483974
1315.88 865.336 1733.19 -0.307625 0.349323 -0.0441858
1301.4 915.646 1723.01 -0.30677 0.333831 -0.0436827
1328.57 847.092 1720.3 -0.300834 0.349503 -0.0467472
1312.93 903.067 1723.03 -0.308098 0.338204 -0.043697
1335 926.228 1724.39 -0.322942 0.337765 -0.0345264
1255.75 875.577 1743.1 -0.29352 0.34283 -0.0502029
1270.77 869.152 1747.9 -0.301283 0.347047 -0.0477276
1267.17 944.671 1722.18 -0.298821 0.32312 -0.0454634
1323.71 907.365 1710.93 -0.305282 0.334881 -0.0435838
1284.87 947.566 1702.08 -0.291361 0.32075 -0.0467858
1325.22 881.568 1751 -0.328094 0.350959 -0.0359416
1310.07 883.465 1749.44 -0.320736 0.348006 -0.0390185
1343.21 926.379 1707.99 -0.31483 0.334071 -0.0369693
1251.84 938.529 1702.67 -0.278324 0.317965 -0.0535562
1354.49 880.218 1715.87 -0.314826 0.346154 -0.0397592
1273.4 893.744 1711.5 -0.282572 0.331617 -0.054311
1293.55 933.322 1703.3 -0.292756 0.324298 -0.0467978
1309.51 948.166 1702.22 -0.301158 0.323933 -0.0407878
1271.54 921.818 1733.78 -0.303894 0.330371 -0.0455717
1348.57 953.435 1701.45 -0.317837 0.327958 -0.0317378
1319.03 916.844 1728.86 -0.317329 0.338227 -0.0382234
1320.7 930.555 1741.79 -0.330904 0.337802 -0.0314726
1246.4 936.108 1717.13 -0.285716 0.3213 -0.0511744
1338.76 861.85 1756.89 -0.332991 0.35947 -0.0325647
1294.62 937.805 1735.21 -0.317632 0.331145 -0.0384177
1329.82 944.023 1703.65 -0.310051 0.327731 -0.0368533
1300.56 916.248 1742.31 -0.319663 0.337618 -0.039051
1248.61 862.81 1741.44 -0.287741 0.346114 -0.0519595
1315.2 856.292 1720.45 -0.296641 0.346088 -0.0486052
1335.69 852.838 1732.17 -0.312541 0.353746 -0.0417138
1285.41 896.81 1730.26 -0.301028 0.337428 -0.0471153
1278.78 884.474 1731.45 -0.296636 0.34016 -0.0498032
1277.87 913.595 1707.16 -0.285783 0.327014 -0.0520259
1351.7 871.091 1736.52 -0.32635 0.354031 -0.0356013
1278.48 906.663 1720.19 -0.293897 0.331547 -0.0496089
1338.75 930.141 1743.56 -0.339689 0.342707 -0.027595
1335.45 878.372 1733.12 -0.318564 0.349463 -0.0394421
1353.01 905.022 1712.71 -0.317803 0.340401 -0.0372631
1317.09 922.176 1705.79 -0.301919 0.329957 -0.0440681
1261.57 871.438 1714.39 -0.275891 0.33659 -0.0569588
1283.73 919.277 1722.71 -0.300201 0.330481 -0.0470366
1260.89 869.827 1730.59 -0.285692 0.341511 -0.053547
1247.74 912.557 1705.62 -0.273794 0.323762 -0.0567507
1261.47 933.186 1726.05 -0.297173 0.324928 -0.0471485
1313.42 897.562 1709.47 -0.297424 0.33432 -0.0474398
1291.32 863.407 1734.51 -0.298755 0.34694 -0.0486983
1325.66 867.766 1755.01 -0.327814 0.355543 -0.0357517
1303.12 871.979 1753.08 -0.318049 0.35067 -0.0397285
1337.9 900.811 1711.3 -0.309328 0.338211 -0.0412711
1294.31 886.881 1727.47 -0.30006 0.339582 -0.0473662
1275.68 951.096 1728.87 -0.308539 0.324478 -0.0415618
1297.29 893.664 1749.35 -0.318553 0.343779 -0.0406103
1270.09 857.969 1736.1 -0.291042 0.347225 -0.0514707
1342.86 857.557 1718.61 -0.307592 0.348424 -0.0435664
1248.63 887.565 1738.03 -0.290407 0.337138 -0.0513139
1289.33 941.736 1716.98 -0.302714 0.325746 -0.0432001
1254.67 946.68 1718.7 -0.292094 0.320351 -0.0476046
1254.25 881.973 1711.3 -0.273654 0.332339 -0.0578463
1334.55 847.668 1759.42 -0.330094 0.362953 -0.0341424
1312.75 898.326 1748.8 -0.325266 0.344565 -0.0367343
1255.33 853.408 1717.1 -0.271933 0.341423 -0.057816
1340.07 911.579 1707.62 -0.309932 0.334995 -0.040063
1259.62 854.899 1730.66 -0.282884 0.345624 -0.0540223
1328.82 944.5 1741.77 -0.337896 0.336441 -0.0272974
1312.29 919.709 1744.2 -0.326908 0.339443 -0.0346203
1338.77 899.985 1749.17 -0.337128 0.349792 -0.0304859
1270.88 850.947 1719.1 -0.278626 0.343359 -0.0558484
1247.23 889.606 1722.14 -0.279872 0.333179 -0.055034
1307.68 935.984 1740.2 -0.326343 0.333996 -0.0347901
1297.37 859.337 1717.87 -0.288452 0.342756 -0.0516755
1266.52 855.055 1750.72 -0.298396 0.351715 -0.0476641
1255.8 925.922 1701.99 -0.277 0.320673 -0.0550066
1347.83 951.849 1779.19 -0.403362 0.350089 -0.0154947
1341.78 871.796 1790.8 -0.377616 0.3646 -0.0231172
1346.31 933.644 1778.54 -0.392038 0.351194 -0.0195995
1343.31 903.228 1786.43 -0.386971 0.356705 -0.0211868
1325.46 847.98 1793.68 -0.363397 0.367075 -0.0271357
1329.16 884.308 1785.24 -0.370522 0.3568 -0.0263973
1323.3 934.885 1773.85 -0.375051 0.341876 -0.0236807
1315.47 864.967 1782.91 -0.352776 0.358747 -0.0304908
1326.38 914.984 1776.88 -0.371643 0.347538 -0.0256453
1342.84 887.399 1791.47 -0.386625 0.361764 -0.0219365
1347.03 847.079 1781.33 -0.357141 0.370393 -0.0261411
1312.81 944.065 1769.13 -0.367647 0.337496 -0.0256742
1312.88 898.301 1777.11 -0.358218 0.347133 -0.0303987
1299.75 854.598 1781.9 -0.340339 0.359275 -0.0345809
1299.79 876.661 1778.44 -0.345524 0.351026 -0.0338452
1313.32 925.226 1773.67 -0.36513 0.342279 -0.0280178
1351.21 889.224 1776.56 -0.370661 0.361409 -0.0223524
1342.88 941.328 1763.73 -0.371162 0.345739 -0.0203055
1333.11 946.707 1788.54 -0.407586 0.346386 -0.0172666
1353.64 904.689 1803.69 -0.419054 0.367946 -0.0151422
1290.85 949.018 1760.94 -0.347133 0.329528 -0.0313394
1328.9 898.485 1780.07 -0.369433 0.352284 -0.0253983
1300.12 933.79 1764.95 -0.35068 0.335353 -0.0310172
1325.23 864.912 1797.49 -0.376671 0.361914 -0.0255083
1301.23 908.555 1771.8 -0.350424 0.341598 -0.0330277
1329.85 859.201 1779.08 -0.351144 0.362779 -0.0284889
1346.01 940.996 1794.76 -0.420229 0.355633 -0.0158854
1287.71 865.351 1778.8 -0.336446 0.353765 -0.0368502
1299.91 891.584 1775.76 -0.349037 0.346917 -0.0336612
1340.66 917.165 1771.53 -0.371554 0.350807 -0.0238921
1334.85 921.381 1789.47 -0.396156 0.350923 -0.0209406
1275.94 942.762 1757.21 -0.3328 0.327709 -0.035302
1340.33 879.587 1777.63 -0.362947 0.3596 -0.0260218
1331.72 896.68 1794.91 -0.391414 0.355916 -0.0227396
1310.06 853.695 1796.18 -0.362621 0.362607 -0.0289977
1292.29 921.165 1765.86 -0.3433 0.335457 -0.0343432
1254.73 950.225 1745.04 -0.312808 0.322327 -0.0412635
1286.13 881.289 1775.22 -0.337842 0.34729 -0.0367524
1330 880.538 1799.09 -0.388659 0.359925 -0.0234309
1336.19 951.881 1763.1 -0.371642 0.341925 -0.0200048
1263.86 939.786 1750.03 -0.317705 0.32588 -0.040147
1286.77 895.781 1770.62 -0.338066 0.342416 -0.0372909
1346.77 862.288 1779 -0.360228 0.366169 -0.024929
1279.23 853.437 1779.81 -0.329077 0.356495 -0.0381372
1353.55 904.121 1771.96 -0.372496 0.357874 -0.0231443
1309.62 883.104 1786.15 -0.363044 0.352065 -0.0304676
1272.58 867.678 1775.34 -0.327625 0.351557 -0.0397373
1315.95 876.028 1774.51 -0.346729 0.354417 -0.0319355
1326.2 943.012 1763.52 -0.364264 0.340086 -0.0233585
1316.2 849.545 1779.96 -0.342316 0.363049 -0.0325793
1351.37 860.902 1794.69 -0.382867 0.372514 -0.0198399
1330.89 934.496 1787.47 -0.398678 0.346359 -0.0200708
1335.11 930.63 1765.3 -0.366474 0.345736 -0.0244323
1316.55 909.668 1766.66 -0.349759 0.343995 -0.0309692
1273.32 892.4 1769.44 -0.330444 0.341718 -0.0397398
1285.19 934.226 1762.76 -0.341354 0.331733 -0.034647
1277.29 920.692 1762.26 -0.332039 0.331783 -0.0378311
1325.11 921.284 1766.22 -0.357797 0.34462 -0.0274926
1249.96 935.581 1745.45 -0.307301 0.325177 -0.0435617
1318.07 876.564 1793.95 -0.374416 0.356983 -0.0271221
1319.98 945.32 1783.61 -0.39335 0.339922 -0.0210989
1344.97 928.79 1797.24 -0.416848 0.357186 -0.0172609
1264.91 857.502 1773.39 -0.318084 0.355441 -0.040629
1328.17 909.488 1789.35 -0.387608 0.349575 -0.0227405
1339.63 951.797 1796.94 -0.426617 0.351465 -0.0147803
1321.78 927.543 1783.9 -0.386113 0.343478 -0.0238375
1267.22 879.065 1770.27 -0.323977 0.346946 -0.0405934
1284.68 908.499 1768.86 -0.340028 0.337078 -0.0371155
1304.5 949.379 1759.82 -0.351915 0.333181 -0.0283926
1270.48 929.758 1756.24 -0.323563 0.329699 -0.0383556
1334.46 849.011 1779.43 -0.349393 0.366343 -0.0288669
1270.56 907.486 1764.42 -0.327994 0.335938 -0.0396506
1337.71 857.834 1793.17 -0.372577 0.36774 -0.024331
1302.86 867.565 1790.64 -0.358873 0.356247 -0.0314194
1294.13 847.246 1793.01 -0.348974 0.361902 -0.0329642
1296.9 946.449 1772.88 -0.36812 0.331866 -0.0279083
1341.51 913.253 1797.77 -0.408571 0.357298 -0.0176891
1315.11 911.515 1781.83 -0.371722 0.344116 -0.0272963
1252.04 885.212 1763.68 -0.311292 0.343911 -0.0423121
1257.03 867.897 1768.9 -0.314069 0.351421 -0.0429538
1340.38 902.302 1771.74 -0.363841 0.354506 -0.0254392
1305.09 864.377 1774.81 -0.337424 0.355671 -0.0338828
1316.97 934.675 1762.97 -0.355836 0.339629 -0.027434
1263.28 918.422 1758.54 -0.320381 0.33081 -0.0413053
1260.78 894.379 1765.56 -0.32098 0.340086 -0.0418578
1309.87 885.936 1770.5 -0.342834 0.350773 -0.0326885
1252.3 923.874 1751.15 -0.310647 0.328724 -0.0431535
1317.85 951.938 1759.81 -0.358539 0.33592 -0.0240977
1318.82 854.371 1804.88 -0.378972 0.364571 -0.0255027
1354.66 895.775 1789.86 -0.394262 0.365423 -0.0183618
1301.38 922.968 1775.83 -0.362784 0.337358 -0.0305837
1350.59 931.497 1764.07 -0.371401 0.349011 -0.0214619
1306.11 954.856 1779.23 -0.386199 0.333686 -0.0233923
1337.76 891.519 1778.11 -0.367835 0.356047 -0.0259607
1350.59 873.804 1775.5 -0.362076 0.364558 -0.0235907
1328.58 871.687 1778.28 -0.355708 0.359176 -0.0284521
1245.66 872.083 1762.58 -0.304468 0.349248 -0.0439348
1340.97 845.684 1796.71 -0.372907 0.372573 -0.0231066
1308.4 936.86 1776.92 -0.374271 0.338462 -0.0268917
1325.98 887.262 1772.23 -0.352158 0.353622 -0.0297287
1245.26 898.551 1757.07 -0.305366 0.33588 -0.0441359
1341.36 896.44 1802.45 -0.407657 0.362316 -0.0192469
1252.88 853.203 1768.3 -0.306148 0.355803 -0.044425
1255.72 907.037 1758.59 -0.3146 0.333046 -0.0421305
1332.72 927.646 1776.94 -0.379421 0.347458 -0.0222404
1307.06 918.442 1764.44 -0.346354 0.340647 -0.0322363
1326.57 905.667 1768.23 -0.354728 0.348992 -0.0280341
1333.98 942.751 1774.99 -0.386145 0.345866 -0.0194482
1320.06 892.955 1790.68 -0.378304 0.351521 -0.0263569
1280.11 952.152 1766.15 -0.353355 0.324153 -0.0324817
1312.13 864.932 1799.48 -0.373432 0.359995 -0.0273013
1298.49 931.025 1798.65 -0.403517 0.328541 -0.0254236
1303.53 944.282 1802.26 -0.418354 0.323671 -0.0227335
1292.14 952.154 1796.85 -0.41096 0.31546 -0.0263273
1286.08 932.22 1791.08 -0.386683 0.323724 -0.0297506
1284.5 944.963 1790.26 -0.393618 0.317873 -0.0295813
1252.61 859.205 1792.46 -0.335357 0.355098 -0.0354436
1274.96 937.281 1785.17 -0.376593 0.317827 -0.0320407
1263.99 856.848 1799.59 -0.347777 0.357258 -0.0307277
1296.58 911.687 1798.99 -0.393585 0.336961 -0.0258881
1263.58 943.231 1778.54 -0.36579 0.315489 -0.0358384
1285.66 919.316 1791.67 -0.380325 0.330217 -0.0291435
1263.09 869.857 1795.37 -0.34968 0.352295 -0.0313697
1274.75 867.407 1801.38 -0.360565 0.353895 -0.0292701
1248.69 876.242 1788.35 -0.33672 0.350022 -0.0345003
1269.61 909.4 1788.1 -0.364029 0.334176 -0.0307934
