x y z dx dy dz  # rigid-removed deformational residual
1.27857000e+03 9.37489000e+02 1.80049000e+03 -2.20587302e-02 -2.17853220e-02 2.13710570e-02
1.27845000e+03 9.13058000e+02 1.80238000e+03 -1.78302180e-02 -4.55756615e-03 1.88241290e-02
1.27725000e+03 9.49092000e+02 1.80164000e+03 -2.33156362e-02 -2.95781610e-02 2.19098130e-02
1.26930000e+03 9.43464000e+02 1.79571000e+03 -1.75835598e-02 -2.35518773e-02 2.25774820e-02
1.26805000e+03 9.54943000e+02 1.79745000e+03 -2.28597250e-02 -3.02763532e-02 2.28873637e-02
1.27024000e+03 9.31284000e+02 1.79589000e+03 -1.30953352e-02 -1.40776379e-02 2.25220636e-02
1.26002000e+03 9.49803000e+02 1.79096000e+03 -1.43992841e-02 -2.31576005e-02 2.24551464e-02
1.25233000e+03 9.31123000e+02 1.78634000e+03 -2.88024204e-03 -9.37434797e-03 2.36232155e-02
1.25304000e+03 9.19488000e+02 1.78895000e+03 -1.60746364e-03 -4.04738835e-03 2.41565727e-02
1.25377000e+03 9.08542000e+02 1.79224000e+03 -3.40455027e-03 2.27000558e-03 2.59392977e-02
1.25458000e+03 8.97715000e+02 1.79585000e+03 -1.98076276e-03 8.67257428e-03 2.58385580e-02
1.24554000e+03 8.90874000e+02 1.79365000e+03 3.84188940e-03 1.29322355e-02 2.57392721e-02
1.25527000e+03 8.86549000e+02 1.79950000e+03 -3.70303432e-04 1.24136527e-02 2.46816286e-02
1.24614000e+03 8.79489000e+02 1.79735000e+03 3.76455066e-03 1.86224759e-02 2.63188357e-02
1.25574000e+03 8.75187000e+02 1.80304000e+03 1.16004287e-03 1.65633935e-02 2.44519450e-02
1.24680000e+03 8.67949000e+02 1.80101000e+03 6.46793615e-03 2.23949318e-02 2.49197008e-02
1.24750000e+03 8.56469000e+02 1.80454000e+03 5.62900983e-03 2.40265446e-02 2.51920577e-02
1.26356000e+03 9.04505000e+02 1.79785000e+03 -7.74357666e-03 2.88734136e-03 2.22014482e-02
1.26528000e+03 8.82142000e+02 1.80497000e+03 -5.68908516e-03 1.14664550e-02 2.23690734e-02
1.26238000e+03 9.14611000e+02 1.79465000e+03 -9.32292462e-03 2.37451985e-03 2.76316596e-02
1.26480000e+03 8.93717000e+02 1.80144000e+03 -7.57192732e-03 6.57151659e-03 2.18075705e-02
1.27513000e+03 9.02031000e+02 1.80346000e+03 -1.52103622e-02 -4.59503158e-04 1.79084300e-02
1.27918000e+03 9.25389000e+02 1.80094000e+03 -2.03180516e-02 -8.35169332e-03 2.22391522e-02
1.25136000e+03 9.43670000e+02 1.78504000e+03 -3.25114824e-03 -1.45833873e-02 2.50653784e-02
1.26092000e+03 9.37425000e+02 1.79057000e+03 -8.66309933e-03 -1.51715571e-02 2.22894410e-02
1.26173000e+03 9.25535000e+02 1.79211000e+03 -7.84968801e-03 -9.47056103e-03 2.32430291e-02
1.27125000e+03 9.19382000e+02 1.79783000e+03 -1.41932782e-02 -5.71979868e-03 2.04022742e-02
1.27088000e+03 9.10241000e+02 1.79957000e+03 -1.20533297e-02 -1.00057726e-03 2.16991442e-02
1.27901000e+03 8.49672000e+02 1.79554000e+03 -4.22914518e-04 1.87041790e-02 1.13723508e-02
1.26873000e+03 8.46087000e+02 1.79072000e+03 6.24205833e-03 2.18476049e-02 1.23379229e-02
1.27167000e+03 8.57387000e+02 1.79019000e+03 3.30673924e-03 1.78597844e-02 1.28000979e-02
1.26134000e+03 8.53871000e+02 1.78554000e+03 9.71395209e-03 2.12394003e-02 1.36917164e-02
1.26424000e+03 8.65156000e+02 1.78512000e+03 6.95957914e-03 1.74663932e-02 1.37405828e-02
1.25388000e+03 8.61726000e+02 1.78063000e+03 1.34971410e-02 2.15561091e-02 1.53065129e-02
1.25103000e+03 8.50382000e+02 1.78079000e+03 1.59128436e-02 2.43422926e-02 1.51908853e-02
1.24640000e+03 8.69696000e+02 1.77590000e+03 1.65025723e-02 1.92686602e-02 1.70777482e-02
1.28206000e+03 8.60904000e+02 1.79469000e+03 -2.84154135e-03 1.39947208e-02 1.11928493e-02
1.31989000e+03 8.94057000e+02 1.80349000e+03 -2.42167990e-02 2.39705840e-03 7.89992875e-03
1.32305000e+03 9.05217000e+02 1.80164000e+03 -2.60706728e-02 -1.38504709e-03 7.57405668e-03
1.31282000e+03 9.01504000e+02 1.79725000e+03 -2.01447504e-02 -8.99206146e-05 8.36531994e-03
1.31582000e+03 9.12588000e+02 1.79573000e+03 -2.20057770e-02 -4.14643578e-03 8.12913697e-03
1.30556000e+03 9.09255000e+02 1.79138000e+03 -1.64636094e-02 -1.81038734e-03 9.30317546e-03
1.24868000e+03 9.44227000e+02 1.75877000e+03 1.40420189e-02 -5.76482391e-03 1.93834792e-02
1.25851000e+03 9.47715000e+02 1.76416000e+03 7.44910378e-03 -8.60896482e-03 1.77011906e-02
1.25588000e+03 9.36001000e+02 1.76374000e+03 9.74654126e-03 -4.57096795e-03 1.72872574e-02
1.26586000e+03 9.39420000e+02 1.76834000e+03 3.85244054e-03 -7.01809446e-03 1.65770247e-02
1.26309000e+03 9.27598000e+02 1.76895000e+03 5.75218872e-03 -2.66004326e-03 1.61238685e-02
1.27337000e+03 9.30914000e+02 1.77293000e+03 6.12880882e-04 -5.75271598e-03 1.44832457e-02
1.26976000e+03 9.18952000e+02 1.77400000e+03 2.44527293e-03 -2.65182947e-03 1.43765977e-02
1.30247000e+03 8.98022000e+02 1.79319000e+03 -1.49904537e-02 2.04064606e-03 9.16524751e-03
1.30828000e+03 9.20582000e+02 1.79027000e+03 -1.80040786e-02 -4.73574308e-03 8.56051526e-03
1.25213000e+03 9.24329000e+02 1.76483000e+03 1.25674312e-02 -8.63026335e-04 1.74812957e-02
1.27565000e+03 9.42844000e+02 1.77331000e+03 -2.04106503e-03 -8.50670869e-03 1.58710502e-02
1.31802000e+03 9.23433000e+02 1.79484000e+03 -2.37435503e-02 -6.28751341e-03 7.91174012e-03
1.29512000e+03 9.05926000e+02 1.78756000e+03 -1.09836991e-02 -4.75876649e-04 9.94444383e-03
1.29188000e+03 8.94596000e+02 1.78960000e+03 -1.00501977e-02 3.03831111e-03 1.08872064e-02
1.29919000e+03 8.86833000e+02 1.79529000e+03 -1.30603195e-02 4.11607300e-03 8.83646983e-03
1.28326000e+03 9.34295000e+02 1.77714000e+03 -4.72422337e-03 -6.35533363e-03 1.32350873e-02
1.28504000e+03 9.46146000e+02 1.77857000e+03 -8.65496521e-03 -9.96689126e-03 1.57872474e-02
1.31061000e+03 9.32209000e+02 1.79040000e+03 -1.95690309e-02 -6.99004454e-03 8.53442066e-03
1.27713000e+03 9.54374000e+02 1.77593000e+03 -5.51164429e-03 -1.23133740e-02 1.86479298e-02
1.28442000e+03 9.02568000e+02 1.78427000e+03 -6.09829492e-03 1.73739654e-03 1.10163792e-02
1.28110000e+03 8.91183000e+02 1.78632000e+03 -4.24579523e-03 4.25739937e-03 1.12484115e-02
1.27359000e+03 8.99185000e+02 1.78124000e+03 -5.17035654e-04 2.85179355e-03 1.29835386e-02
1.33154000e+03 9.46388000e+02 1.80259000e+03 -3.18102064e-02 -7.54924965e-03 9.82393109e-03
1.30289000e+03 8.68135000e+02 1.80333000e+03 -1.43006098e-02 1.01346214e-02 9.48251089e-03
1.27032000e+03 8.87770000e+02 1.78306000e+03 7.51766800e-04 8.04951733e-03 1.35150166e-02
1.26283000e+03 8.95732000e+02 1.77816000e+03 4.01481207e-03 6.20460363e-03 1.53105436e-02
1.28767000e+03 9.14088000e+02 1.78235000e+03 -6.96037598e-03 -2.52690062e-03 1.14466548e-02
1.29414000e+03 9.49452000e+02 1.78413000e+03 -1.46859574e-02 -1.28462902e-02 1.46832520e-02
1.30071000e+03 9.29130000e+02 1.78562000e+03 -1.38645899e-02 -6.49048545e-03 9.96841051e-03
1.27778000e+03 8.79848000e+02 1.78805000e+03 -2.40041044e-03 8.48892721e-03 1.16887696e-02
1.29959000e+03 8.56957000e+02 1.80490000e+03 -1.21352871e-02 1.34943367e-02 8.89692641e-03
1.25960000e+03 8.84296000e+02 1.77953000e+03 6.90232119e-03 1.19720093e-02 1.53926837e-02
1.33116000e+03 9.34415000e+02 1.80115000e+03 -3.04982522e-02 -6.44646103e-03 6.97524469e-03
1.26613000e+03 9.07248000e+02 1.77607000e+03 2.82585995e-03 1.19011648e-03 1.43253264e-02
1.25532000e+03 9.03554000e+02 1.77295000e+03 9.86935913e-03 4.96130483e-03 1.66658379e-02
1.32383000e+03 9.42378000e+02 1.79789000e+03 -2.78419963e-02 -8.64754082e-03 1.02792939e-02
1.25853000e+03 9.15198000e+02 1.77054000e+03 8.11533485e-03 1.09893045e-03 1.63895486e-02
1.24687000e+03 9.11661000e+02 1.76659000e+03 1.40324276e-02 3.62482680e-03 1.82864573e-02
1.30291000e+03 9.41167000e+02 1.78704000e+03 -1.65244635e-02 -8.35163417e-03 1.11085443e-02
1.26795000e+03 9.51223000e+02 1.76988000e+03 1.39339600e-03 -1.06639022e-02 1.79244832e-02
1.27699000e+03 9.10706000e+02 1.77911000e+03 -1.88766307e-03 -5.21628278e-04 1.23425663e-02
1.28855000e+03 8.83326000e+02 1.79164000e+03 -7.37397121e-03 6.46008663e-03 9.88259776e-03
1.30628000e+03 8.79281000e+02 1.80137000e+03 -1.68031636e-02 5.35123945e-03 8.50352496e-03
1.30962000e+03 8.90399000e+02 1.79925000e+03 -1.87235987e-02 2.59805765e-03 8.68817943e-03
1.33527000e+03 9.21857000e+02 1.80451000e+03 -3.20843302e-02 -2.02364823e-03 6.37575122e-03
1.32622000e+03 9.16686000e+02 1.80044000e+03 -2.77945770e-02 -3.34297526e-03 7.23909618e-03
1.29582000e+03 8.75656000e+02 1.79733000e+03 -1.09291190e-02 8.44199864e-03 9.42069224e-03
1.28034000e+03 9.22426000e+02 1.77747000e+03 -2.40876006e-03 -4.17338511e-03 1.21132474e-02
1.29811000e+03 9.17387000e+02 1.78603000e+03 -1.25482656e-02 -3.64561913e-03 9.76503101e-03
1.32207000e+03 9.52371000e+02 1.79948000e+03 -2.74516849e-02 -9.93607543e-03 1.27679395e-02
1.31387000e+03 9.44821000e+02 1.79323000e+03 -2.26916243e-02 -8.97707843e-03 1.13338956e-02
1.28929000e+03 8.53282000e+02 1.80027000e+03 -6.15238645e-03 1.67001196e-02 9.98799163e-03
1.24928000e+03 8.80939000e+02 1.77561000e+03 1.37518288e-02 1.43369212e-02 1.74464364e-02
1.29248000e+03 8.64476000e+02 1.79904000e+03 -8.92293705e-03 1.21670718e-02 9.98042980e-03
1.28524000e+03 8.72099000e+02 1.79339000e+03 -5.24752157e-03 9.66135662e-03 1.07056158e-02
1.24562000e+03 9.33034000e+02 1.75914000e+03 1.59298383e-02 -2.15679060e-03 1.94027526e-02
1.27471000e+03 8.68606000e+02 1.78937000e+03 1.42677919e-04 1.26041582e-02 1.23675455e-02
1.26720000e+03 8.76433000e+02 1.78435000e+03 3.39338433e-03 1.37936414e-02 1.36287824e-02
1.29061000e+03 9.25811000e+02 1.78129000e+03 -8.24046022e-03 -5.36700780e-03 1.12251520e-02
1.29291000e+03 9.37740000e+02 1.78176000e+03 -1.05438170e-02 -8.43294197e-03 1.24598484e-02
1.25672000e+03 8.73044000e+02 1.78031000e+03 1.00328146e-02 1.68509757e-02 1.52129589e-02
1.25239000e+03 8.92063000e+02 1.77480000e+03 1.04696157e-02 1.07817971e-02 1.77649167e-02
1.30337000e+03 9.53258000e+02 1.79024000e+03 -1.98501859e-02 -1.16031105e-02 1.52135774e-02
1.32607000e+03 9.25806000e+02 1.79887000e+03 -2.73898734e-02 -5.84849279e-03 7.25835516e-03
1.24571000e+03 8.98893000e+02 1.77009000e+03 1.50864281e-02 8.47537556e-03 1.92596628e-02
1.32001000e+03 9.33461000e+02 1.79523000e+03 -2.50473046e-02 -7.52765292e-03 8.31838113e-03
1.34230000e+03 8.47115000e+02 1.76982000e+03 -1.24512969e-02 1.17482253e-02 -9.53184972e-03
1.33449000e+03 8.54317000e+02 1.76814000e+03 -9.48541888e-03 1.07542923e-02 -7.78824208e-03
1.34538000e+03 8.58312000e+02 1.76772000e+03 -1.43434010e-02 9.37254898e-03 -9.54898856e-03
1.33677000e+03 8.65823000e+02 1.76599000e+03 -1.05401371e-02 7.61304409e-03 -7.73120823e-03
1.34785000e+03 8.69634000e+02 1.76562000e+03 -1.57074109e-02 6.79941195e-03 -9.75219717e-03
1.33886000e+03 8.77239000e+02 1.76388000e+03 -1.25191241e-02 5.22631834e-03 -7.89072522e-03
1.35007000e+03 8.81031000e+02 1.76354000e+03 -1.74836049e-02 4.15449285e-03 -9.58667292e-03
1.34159000e+03 8.88747000e+02 1.76183000e+03 -1.42937871e-02 2.78327976e-03 -7.25568386e-03
1.35259000e+03 8.92524000e+02 1.76151000e+03 -1.97650397e-02 1.06552208e-03 -9.63638418e-03
1.34411000e+03 9.00458000e+02 1.75978000e+03 -1.58913134e-02 6.42792996e-05 -7.17831872e-03
1.34583000e+03 9.11917000e+02 1.75781000e+03 -1.65576472e-02 -2.53660003e-03 -6.61379814e-03
1.33345000e+03 9.06839000e+02 1.75824000e+03 -1.11830248e-02 -7.64499973e-04 -4.39270878e-03
1.33665000e+03 9.19619000e+02 1.75610000e+03 -1.38246320e-02 -3.29168605e-03 -4.29040460e-03
1.32555000e+03 9.15991000e+02 1.75619000e+03 -8.81402986e-03 -2.83089448e-03 -2.28677778e-03
1.32783000e+03 9.27621000e+02 1.75423000e+03 -1.04712672e-02 -5.15836063e-03 -1.99992799e-03
1.31643000e+03 9.23854000e+02 1.75402000e+03 -4.80095472e-03 -3.65138848e-03 8.31648173e-04
1.31882000e+03 9.35405000e+02 1.75209000e+03 -6.52912420e-03 -5.36847293e-03 1.54388779e-03
1.30781000e+03 9.31481000e+02 1.75145000e+03 -1.47045596e-03 -4.99385272e-03 3.21643608e-03
1.30987000e+03 9.42970000e+02 1.74954000e+03 -2.99344860e-03 -7.36341900e-03 3.78020004e-03
1.29888000e+03 9.38898000e+02 1.74824000e+03 3.11089958e-03 -5.21835355e-03 4.54610849e-03
1.30087000e+03 9.50336000e+02 1.74650000e+03 1.25369658e-03 -7.73915477e-03 5.81495652e-03
1.28999000e+03 9.45964000e+02 1.74443000e+03 6.33827680e-03 -6.99489511e-03 7.68853285e-03
1.32101000e+03 9.47044000e+02 1.75024000e+03 -7.82932529e-03 -8.05868804e-03 2.42619212e-03
1.31460000e+03 9.12487000e+02 1.75608000e+03 -3.43405771e-03 -1.25671273e-03 -4.43831524e-04
1.28722000e+03 9.33457000e+02 1.74654000e+03 7.18079426e-03 -4.00761735e-03 6.14304345e-03
1.28135000e+03 9.53895000e+02 1.74024000e+03 8.98799419e-03 -8.05218899e-03 9.45662904e-03
1.32563000e+03 8.61751000e+02 1.76635000e+03 -5.64854761e-03 9.88488656e-03 -5.19320328e-03
1.25003000e+03 8.58891000e+02 1.75513000e+03 2.36467202e-02 2.01829564e-02 9.28518147e-03
1.24527000e+03 8.69083000e+02 1.75122000e+03 2.46667815e-02 1.79695167e-02 1.04119218e-02
1.25496000e+03 8.48721000e+02 1.75900000e+03 2.18951724e-02 2.23664488e-02 8.15235240e-03
1.25639000e+03 8.69416000e+02 1.75571000e+03 2.03794717e-02 1.66649485e-02 8.65047651e-03
1.25171000e+03 8.79665000e+02 1.75207000e+03 2.12070257e-02 1.33201093e-02 9.70184414e-03
1.26306000e+03 8.80114000e+02 1.75584000e+03 1.66159080e-02 1.14818591e-02 7.43219197e-03
1.25858000e+03 8.90478000e+02 1.75215000e+03 1.80338697e-02 9.12669510e-03 8.66324355e-03
1.26791000e+03 8.69566000e+02 1.75902000e+03 1.63921876e-02 1.45311276e-02 5.89516213e-03
1.27467000e+03 8.80201000e+02 1.75849000e+03 1.29552477e-02 1.12174707e-02 5.02700320e-03
1.27965000e+03 8.69420000e+02 1.76130000e+03 1.19555765e-02 1.32069521e-02 3.73253225e-03
1.28644000e+03 8.79832000e+02 1.76028000e+03 8.85901622e-03 9.05920532e-03 3.11321504e-03
1.28150000e+03 8.90908000e+02 1.75735000e+03 9.82671236e-03 7.29839577e-03 4.89857903e-03
1.24511000e+03 9.23117000e+02 1.73428000e+03 2.39796940e-02 2.47197179e-03 1.21633913e-02
1.32918000e+03 8.85439000e+02 1.76199000e+03 -8.03942570e-03 3.59134163e-03 -5.24898254e-03
1.24703000e+03 9.41564000e+02 1.72835000e+03 2.31104982e-02 -2.98253628e-03 1.28189437e-02
1.29145000e+03 8.68955000e+02 1.76282000e+03 6.96483100e-03 1.11139233e-02 1.72994728e-03
1.28472000e+03 8.58799000e+02 1.76392000e+03 1.03149902e-02 1.49460636e-02 2.63580589e-03
1.29825000e+03 8.79073000e+02 1.76151000e+03 4.54710407e-03 8.16395852e-03 1.10108671e-03
1.33911000e+03 9.31574000e+02 1.75414000e+03 -1.48770246e-02 -5.57132774e-03 -3.58682305e-03
1.29648000e+03 8.58330000e+02 1.76525000e+03 5.94221410e-03 1.34124028e-02 1.79045934e-04
1.28991000e+03 8.48372000e+02 1.76655000e+03 9.06546174e-03 1.75362396e-02 1.01493436e-03
1.27808000e+03 8.48660000e+02 1.76488000e+03 1.37442215e-02 1.84494083e-02 3.37767137e-03
1.35271000e+03 9.47339000e+02 1.75196000e+03 -2.11966232e-02 -9.86060408e-03 -4.79015755e-03
1.24944000e+03 9.06589000e+02 1.74333000e+03 2.22058542e-02 6.21640504e-03 1.06214859e-02
1.31319000e+03 8.47948000e+02 1.76846000e+03 -6.39894001e-04 1.45412056e-02 -3.95433412e-03
1.25334000e+03 9.52136000e+02 1.72901000e+03 2.08349392e-02 -5.93198783e-03 1.35153178e-02
1.25793000e+03 9.41898000e+02 1.73321000e+03 1.93022685e-02 -3.44372958e-03 1.13878017e-02
1.26430000e+03 9.52176000e+02 1.73382000e+03 1.67384573e-02 -6.78348054e-03 1.17957336e-02
1.26846000e+03 9.42024000e+02 1.73764000e+03 1.45098282e-02 -4.26942257e-03 9.72621991e-03
1.26268000e+03 9.32159000e+02 1.73841000e+03 1.71798222e-02 -1.92458743e-03 9.52411869e-03
1.27404000e+03 9.32456000e+02 1.74263000e+03 1.26287236e-02 -3.25195711e-03 7.76021238e-03
1.26717000e+03 9.22539000e+02 1.74374000e+03 1.46987345e-02 1.96723461e-04 8.71768296e-03
1.27909000e+03 9.22402000e+02 1.74755000e+03 1.10144866e-02 -8.69856473e-04 6.62615392e-03
1.27176000e+03 9.12284000e+02 1.74905000e+03 1.34217292e-02 1.96312937e-03 6.73004215e-03
1.28380000e+03 9.12020000e+02 1.75202000e+03 9.69642920e-03 1.07685220e-03 5.04009441e-03
1.27669000e+03 9.01736000e+02 1.75372000e+03 1.22658941e-02 4.33280927e-03 5.91057417e-03
1.28849000e+03 9.01212000e+02 1.75584000e+03 7.21433813e-03 3.53467109e-03 3.11412678e-03
1.29560000e+03 9.11346000e+02 1.75423000e+03 4.34627823e-03 1.17347620e-04 2.46576968e-03
1.30036000e+03 9.00652000e+02 1.75730000e+03 2.26888247e-03 2.19154052e-03 9.21974464e-04
1.26538000e+03 9.02246000e+02 1.75079000e+03 1.53451863e-02 5.30415614e-03 7.37573375e-03
1.29335000e+03 8.90223000e+02 1.75890000e+03 5.62888048e-03 5.64647385e-03 2.17812179e-03
1.30527000e+03 8.89402000e+02 1.76001000e+03 1.07202844e-03 4.93188609e-03 8.16080554e-05
1.30979000e+03 8.77709000e+02 1.76253000e+03 -5.43787374e-05 7.77166330e-03 -1.42733986e-03
1.31281000e+03 9.00669000e+02 1.75829000e+03 -2.55303179e-03 1.63553556e-03 -1.22801084e-03
1.29121000e+03 9.21441000e+02 1.75080000e+03 6.64967935e-03 -1.98001825e-03 4.67275265e-03
1.31712000e+03 8.87971000e+02 1.76098000e+03 -3.76947965e-03 4.58910324e-03 -2.34104184e-03
1.32494000e+03 8.97254000e+02 1.75961000e+03 -7.25319392e-03 1.49372141e-03 -3.36654920e-03
1.25615000e+03 9.22891000e+02 1.73936000e+03 1.94131176e-02 6.21079626e-04 9.88236383e-03
1.33228000e+03 9.51095000e+02 1.75044000e+03 -1.26251517e-02 -9.51743714e-03 8.54031358e-04
1.31194000e+03 9.54560000e+02 1.74784000e+03 -4.24376207e-03 -1.00474611e-02 5.10258431e-03
1.33011000e+03 9.39368000e+02 1.75232000e+03 -1.16570415e-02 -7.55825257e-03 -8.94301881e-04
1.30411000e+03 9.20048000e+02 1.75336000e+03 7.09746846e-04 -2.06413157e-03 1.77407081e-03
1.25892000e+03 9.11699000e+02 1.74513000e+03 1.80981400e-02 3.27549876e-03 8.82908149e-03
1.26133000e+03 8.59066000e+02 1.75908000e+03 1.97787600e-02 1.96384112e-02 7.59383486e-03
1.26640000e+03 8.48772000e+02 1.76243000e+03 1.82680989e-02 2.08331063e-02 6.29787311e-03
1.27295000e+03 8.59051000e+02 1.76195000e+03 1.46937218e-02 1.68980618e-02 4.78301773e-03
1.34815000e+03 9.23732000e+02 1.75583000e+03 -1.91792247e-02 -4.82624599e-03 -5.99789204e-03
1.32764000e+03 8.72704000e+02 1.76433000e+03 -7.68442927e-03 7.28909465e-03 -5.28714486e-03
1.35046000e+03 9.35572000e+02 1.75388000e+03 -1.98433441e-02 -7.54505989e-03 -4.99259327e-03
1.25168000e+03 9.32013000e+02 1.73372000e+03 2.13456135e-02 -6.56766484e-04 1.13927792e-02
1.26988000e+03 8.91059000e+02 1.75516000e+03 1.40846851e-02 8.08075450e-03 6.95639428e-03
1.34139000e+03 9.43375000e+02 1.75221000e+03 -1.61530058e-02 -8.16624936e-03 -2.36887709e-03
1.30175000e+03 8.47927000e+02 1.76771000e+03 3.91241965e-03 1.54815263e-02 -1.21559936e-03
1.30325000e+03 8.68208000e+02 1.76391000e+03 2.98234715e-03 1.09507562e-02 -9.49619088e-04
1.31572000e+03 8.67430000e+02 1.76481000e+03 -1.98064362e-03 9.91954256e-03 -3.12913384e-03
1.24736000e+03 8.89487000e+02 1.74796000e+03 2.31938531e-02 1.09125839e-02 1.10310633e-02
1.27899000e+03 9.43014000e+02 1.74143000e+03 1.01415254e-02 -5.32506557e-03 8.47155560e-03
1.32421000e+03 8.50188000e+02 1.76856000e+03 -4.81568967e-03 1.29904963e-02 -5.86746249e-03
1.25499000e+03 8.99798000e+02 1.74814000e+03 1.95518607e-02 6.99346591e-03 9.34554555e-03
1.30784000e+03 8.57722000e+02 1.76621000e+03 1.43658993e-03 1.31011941e-02 -2.05696701e-03
1.33470000e+03 8.95804000e+02 1.76029000e+03 -1.16194616e-02 1.95410179e-03 -5.70774956e-03
1.32243000e+03 9.06812000e+02 1.75770000e+03 -6.77280855e-03 -8.56443798e-04 -2.55311534e-03
1.31943000e+03 8.78348000e+02 1.76291000e+03 -4.20207444e-03 6.71804872e-03 -3.66073388e-03
1.31733000e+03 8.56993000e+02 1.76690000e+03 -2.38076705e-03 1.22938526e-02 -3.93723390e-03
1.24864000e+03 9.14865000e+02 1.73951000e+03 2.25059427e-02 4.15873709e-03 1.10502826e-02
1.29790000e+03 9.29131000e+02 1.75022000e+03 3.40116320e-03 -3.42923657e-03 4.46747359e-03
1.30510000e+03 9.09991000e+02 1.75571000e+03 6.67623492e-04 5.33391276e-04 1.15715225e-03
1.35217000e+03 8.50273000e+02 1.76951000e+03 -1.65311678e-02 1.10754733e-02 -1.15585675e-02
1.27275000e+03 9.50877000e+02 1.73747000e+03 1.26663222e-02 -6.41552516e-03 1.04131086e-02
1.24504000e+03 8.89476000e+02 1.69991000e+03 2.83601558e-02 5.89466436e-04 4.21635576e-04
1.25291000e+03 8.98565000e+02 1.69848000e+03 2.61589848e-02 -2.89644210e-03 -1.76748266e-03
1.24524000e+03 8.58145000e+02 1.70581000e+03 2.92972590e-02 8.42647367e-03 -7.50902732e-04
1.24884000e+03 9.09634000e+02 1.69629000e+03 2.76456825e-02 -4.39016830e-03 -4.21980128e-05
1.26072000e+03 9.07658000e+02 1.69705000e+03 2.35903289e-02 -5.86762547e-03 -3.21322822e-03
1.26849000e+03 9.16754000e+02 1.69562000e+03 2.07970592e-02 -8.29565871e-03 -4.80290917e-03
1.27259000e+03 9.05691000e+02 1.69779000e+03 1.95209746e-02 -7.12282479e-03 -6.95684202e-03
1.28034000e+03 9.14793000e+02 1.69636000e+03 1.68554774e-02 -9.91928298e-03 -8.50327235e-03
1.28446000e+03 9.03729000e+02 1.69853000e+03 1.56912640e-02 -8.34802412e-03 -1.00975132e-02
1.29220000e+03 9.12834000e+02 1.69710000e+03 1.20631531e-02 -1.15441948e-02 -1.14384183e-02
1.29632000e+03 9.01770000e+02 1.69925000e+03 1.11267802e-02 -9.31896560e-03 -1.38373592e-02
1.30404000e+03 9.10876000e+02 1.69782000e+03 8.02179801e-03 -1.20095612e-02 -1.47879561e-02
1.30817000e+03 8.99811000e+02 1.69996000e+03 6.22421655e-03 -1.04761344e-02 -1.68383253e-02
1.31588000e+03 9.08919000e+02 1.69854000e+03 2.75257168e-03 -1.40039276e-02 -1.85669455e-02
1.32002000e+03 8.97853000e+02 1.70067000e+03 1.47078170e-03 -1.27003032e-02 -1.98428429e-02
1.31175000e+03 9.19984000e+02 1.69641000e+03 3.98823291e-03 -1.52988396e-02 -1.62436763e-02
1.32358000e+03 9.18027000e+02 1.69713000e+03 -3.08993424e-04 -1.65649185e-02 -1.93076858e-02
1.24959000e+03 8.47056000e+02 1.70808000e+03 2.78766245e-02 1.05902678e-02 -2.57699117e-03
1.31945000e+03 9.29093000e+02 1.69500000e+03 8.99796555e-04 -1.80858304e-02 -1.69692682e-02
1.33128000e+03 9.27138000e+02 1.69574000e+03 -3.67001274e-03 -1.95118796e-02 -2.06293807e-02
1.34311000e+03 9.25183000e+02 1.69647000e+03 -8.99490179e-03 -1.99004437e-02 -2.27232932e-02
1.31231000e+03 8.88745000e+02 1.70209000e+03 4.98542657e-03 -9.35250997e-03 -1.86616228e-02
1.32415000e+03 8.86786000e+02 1.70279000e+03 6.87832034e-05 -1.07109061e-02 -2.16509091e-02
1.31645000e+03 8.77681000e+02 1.70423000e+03 3.77597387e-03 -7.98137070e-03 -2.04557232e-02
1.32829000e+03 8.75724000e+02 1.70493000e+03 -6.01411996e-04 -8.48576681e-03 -2.34292125e-02
1.32059000e+03 8.66624000e+02 1.70638000e+03 2.92150220e-03 -5.79871659e-03 -2.14497840e-02
1.33243000e+03 8.64670000e+02 1.70708000e+03 -2.36549741e-03 -7.15111270e-03 -2.50803278e-02
1.32473000e+03 8.55579000e+02 1.70856000e+03 4.90814870e-04 -4.32051794e-03 -2.32310627e-02
1.33656000e+03 8.53627000e+02 1.70928000e+03 -5.09076770e-03 -5.59859684e-03 -2.65438297e-02
1.34426000e+03 8.62716000e+02 1.70780000e+03 -8.30433748e-03 -8.16619159e-03 -2.80653918e-02
1.30874000e+03 8.68579000e+02 1.70568000e+03 7.27063056e-03 -5.24603295e-03 -1.83880119e-02
1.31703000e+03 8.46497000e+02 1.71007000e+03 3.64452522e-03 -1.61537866e-03 -2.09964609e-02
1.27670000e+03 8.94623000e+02 1.69996000e+03 1.84692461e-02 -4.98327840e-03 -8.61299722e-03
1.25742000e+03 8.56202000e+02 1.70653000e+03 2.56708352e-02 6.78833124e-03 -4.86512494e-03
1.33599000e+03 8.84828000e+02 1.70349000e+03 -5.25273142e-03 -1.15993022e-02 -2.46525470e-02
1.25698000e+03 8.87487000e+02 1.70066000e+03 2.48170486e-02 -4.92230752e-04 -3.75680394e-03
1.29334000e+03 8.50387000e+02 1.70866000e+03 1.34521271e-02 2.17718625e-03 -1.48135668e-02
1.28143000e+03 8.52329000e+02 1.70795000e+03 1.79995019e-02 3.67208022e-03 -1.17317468e-02
1.28915000e+03 8.61429000e+02 1.70645000e+03 1.49131889e-02 8.90880721e-04 -1.34434349e-02
1.27722000e+03 8.63378000e+02 1.70574000e+03 1.92054650e-02 2.25934976e-03 -1.02486157e-02
1.28498000e+03 8.72486000e+02 1.70427000e+03 1.63314213e-02 -1.33445533e-03 -1.22365347e-02
1.27305000e+03 8.74442000e+02 1.70356000e+03 2.01655986e-02 1.65013701e-04 -8.93387599e-03
1.30103000e+03 8.59480000e+02 1.70715000e+03 1.07308330e-02 -1.43866551e-03 -1.69795551e-02
1.28083000e+03 8.83553000e+02 1.70211000e+03 1.74791007e-02 -3.05233676e-03 -1.05546090e-02
1.29272000e+03 8.81595000e+02 1.70283000e+03 1.29787456e-02 -4.27814083e-03 -1.35492457e-02
1.28858000e+03 8.92662000e+02 1.70068000e+03 1.43695048e-02 -5.92479494e-03 -1.19794997e-02
1.26891000e+03 8.85516000e+02 1.70139000e+03 2.11940995e-02 -1.78567010e-03 -6.99869040e-03
1.26480000e+03 8.96590000e+02 1.69922000e+03 2.20246005e-02 -3.90221649e-03 -5.18454412e-03
1.26108000e+03 8.76405000e+02 1.70284000e+03 2.40465974e-02 9.40118010e-04 -5.60495859e-03
1.25320000e+03 8.67286000e+02 1.70431000e+03 2.67902249e-02 5.08837346e-03 -3.15361606e-03
1.33542000e+03 9.16071000e+02 1.69785000e+03 -5.62109100e-03 -1.78672849e-02 -2.17773267e-02
1.34725000e+03 9.14115000e+02 1.69857000e+03 -1.05361886e-02 -1.87333638e-02 -2.51838877e-02
1.33955000e+03 9.05003000e+02 1.69996000e+03 -6.96729802e-03 -1.58024026e-02 -2.41180414e-02
1.35138000e+03 9.03047000e+02 1.70068000e+03 -1.20553956e-02 -1.77294815e-02 -2.77500025e-02
1.34369000e+03 8.93936000e+02 1.70208000e+03 -8.58029652e-03 -1.49022930e-02 -2.59008874e-02
1.34782000e+03 8.82871000e+02 1.70420000e+03 -1.02070375e-02 -1.30128959e-02 -2.81976566e-02
1.33185000e+03 8.95894000e+02 1.70137000e+03 -3.15086167e-03 -1.30744118e-02 -2.27227495e-02
1.32772000e+03 9.06961000e+02 1.69925000e+03 -2.14786317e-03 -1.47508089e-02 -2.12339833e-02
1.35196000e+03 8.71812000e+02 1.70635000e+03 -1.16877667e-02 -1.07912418e-02 -2.96249144e-02
1.26946000e+03 8.54269000e+02 1.70725000e+03 2.17526990e-02 5.79021422e-03 -8.06464525e-03
1.26524000e+03 8.65328000e+02 1.70503000e+03 2.29868698e-02 3.45425644e-03 -6.95904926e-03
1.24908000e+03 8.78383000e+02 1.70210000e+03 2.74933681e-02 2.50205522e-03 -1.79427414e-03
1.35080000e+03 9.34298000e+02 1.69510000e+03 -1.29572466e-02 -2.34220876e-02 -2.39931143e-02
1.26170000e+03 8.45160000e+02 1.70878000e+03 2.37400925e-02 9.49710837e-03 -6.43957477e-03
1.29687000e+03 8.70532000e+02 1.70498000e+03 1.18065014e-02 -2.86677425e-03 -1.51862774e-02
1.35494000e+03 9.23229000e+02 1.69719000e+03 -1.44247419e-02 -2.18785226e-02 -2.60406573e-02
1.34013000e+03 8.73768000e+02 1.70563000e+03 -6.32266911e-03 -1.00911629e-02 -2.63165534e-02
1.30459000e+03 8.79638000e+02 1.70353000e+03 8.41935973e-03 -6.41939953e-03 -1.70441743e-02
1.31288000e+03 8.57530000e+02 1.70785000e+03 5.87334845e-03 -2.53534915e-03 -1.97864846e-02
1.30519000e+03 8.48443000e+02 1.70936000e+03 8.16441504e-03 3.60502608e-04 -1.83408052e-02
1.29991000e+03 9.21940000e+02 1.69567000e+03 9.01017095e-03 -1.48055028e-02 -1.29963354e-02
1.34839000e+03 8.51676000e+02 1.71001000e+03 -1.02451417e-02 -7.07416089e-03 -2.94817481e-02
1.30045000e+03 8.90704000e+02 1.70139000e+03 9.62406995e-03 -7.86053880e-03 -1.53838769e-02
1.28730000e+03 8.47539000e+02 1.69642000e+03 1.46968037e-02 -5.13145896e-05 -1.63285599e-02
1.30111000e+03 8.49415000e+02 1.69725000e+03 1.01169649e-02 -2.79566108e-03 -2.04432030e-02
1.34586000e+03 8.65149000e+02 1.69608000e+03 -8.10656856e-03 -1.30935933e-02 -3.19473161e-02
1.29358000e+03 8.61594000e+02 1.69742000e+03 1.33194034e-02 -3.58039887e-03 -1.70458666e-02
1.31930000e+03 8.62281000e+02 1.69673000e+03 3.47735278e-03 -7.75344950e-03 -2.45581974e-02
1.26413000e+03 8.53935000e+02 1.69706000e+03 2.33774128e-02 3.30484175e-03 -9.16433359e-03
1.32979000e+03 8.50201000e+02 1.69973000e+03 -1.62705297e-03 -7.30261503e-03 -2.79148418e-02
1.33681000e+03 8.76297000e+02 1.69645000e+03 -4.54927906e-03 -1.24953296e-02 -2.79381747e-02
1.34303000e+03 8.53724000e+02 1.69908000e+03 -7.22164112e-03 -9.59276921e-03 -3.11983330e-02
1.29886000e+03 8.72698000e+02 1.69557000e+03 1.10423195e-02 -6.36946065e-03 -1.77021662e-02
1.31502000e+03 8.46448000e+02 1.69962000e+03 4.32485969e-03 -4.36959693e-03 -2.36436049e-02
1.28193000e+03 8.57644000e+02 1.69842000e+03 1.73248059e-02 1.40576191e-05 -1.37978746e-02
1.32271000e+03 8.53920000e+02 1.73832000e+03 -2.16339936e-03 6.31273813e-03 -1.47218371e-02
1.32772000e+03 9.06159000e+02 1.72593000e+03 -5.90730438e-03 -6.46820569e-03 -1.34845928e-02
1.34071000e+03 9.52242000e+02 1.71885000e+03 -1.24994563e-02 -1.69932162e-02 -1.10575649e-02
1.34798000e+03 9.25086000e+02 1.72783000e+03 -1.62572411e-02 -1.11699206e-02 -1.49476458e-02
1.34814000e+03 8.83610000e+02 1.73138000e+03 -1.41500820e-02 -3.81875150e-03 -1.92484561e-02
1.29402000e+03 8.47393000e+02 1.73613000e+03 9.59076100e-03 1.10269101e-02 -8.49484672e-03
1.32008000e+03 9.31312000e+02 1.72391000e+03 -3.15689386e-03 -1.06535314e-02 -8.08943731e-03
1.30351000e+03 8.74844000e+02 1.73625000e+03 5.37711601e-03 4.86422251e-03 -8.41044336e-03
1.29539000e+03 9.04356000e+02 1.72604000e+03 7.50743146e-03 -2.42095886e-03 -5.90587941e-03
1.27640000e+03 8.69222000e+02 1.73490000e+03 1.57464982e-02 9.10021164e-03 -2.64754953e-03
1.29465000e+03 9.29581000e+02 1.71907000e+03 7.49562746e-03 -8.04052777e-03 -4.17067007e-03
1.27264000e+03 8.95286000e+02 1.72544000e+03 1.68558560e-02 2.28928060e-03 -1.76554591e-03
1.27956000e+03 9.53942000e+02 1.71551000e+03 1.29977815e-02 -1.15319298e-02 2.97128759e-03
1.31874000e+03 8.78538000e+02 1.73384000e+03 -6.01494392e-04 1.33023742e-03 -1.23509120e-02
1.26960000e+03 9.18528000e+02 1.72047000e+03 1.70236883e-02 -3.08518772e-03 9.05603392e-04
1.25329000e+03 8.80126000e+02 1.72581000e+03 2.40619123e-02 8.28969981e-03 1.96590663e-03
1.34599000e+03 8.60793000e+02 1.73227000e+03 -1.23307393e-02 6.38884872e-05 -2.12429871e-02
1.24707000e+03 8.59069000e+02 1.72795000e+03 2.61698312e-02 1.48707199e-02 3.47872832e-03
1.25233000e+03 9.07554000e+02 1.71888000e+03 2.39110702e-02 1.37451592e-03 3.73915077e-03
1.26488000e+03 9.30848000e+02 1.70894000e+03 1.95569534e-02 -6.90008858e-03 1.07446594e-03
1.34185000e+03 8.99042000e+02 1.73104000e+03 -1.20318783e-02 -5.63740000e-03 -1.63700895e-02
1.31237000e+03 9.15537000e+02 1.71443000e+03 1.41640880e-03 -9.38891793e-03 -1.18958708e-02
1.32052000e+03 9.54368000e+02 1.73573000e+03 -6.02908063e-03 -1.27046374e-02 -7.46470876e-04
1.34173000e+03 8.52025000e+02 1.74801000e+03 -1.13860919e-02 6.88474025e-03 -1.63582913e-02
1.30897000e+03 8.87958000e+02 1.72033000e+03 3.94659321e-03 -2.85840000e-03 -1.31558623e-02
1.28734000e+03 8.91093000e+02 1.74169000e+03 9.59661635e-03 4.26423306e-03 -1.67042958e-03
1.30893000e+03 8.46512000e+02 1.74815000e+03 2.70120971e-03 1.17970455e-02 -9.03022176e-03
1.33418000e+03 9.37490000e+02 1.73107000e+03 -1.07243447e-02 -1.04573202e-02 -8.14277944e-03
1.34075000e+03 9.12999000e+02 1.71906000e+03 -1.09024341e-02 -1.06185546e-02 -1.77901825e-02
1.30420000e+03 8.61189000e+02 1.72956000e+03 6.00962999e-03 4.51495248e-03 -1.18483281e-02
1.33400000e+03 9.35527000e+02 1.71320000e+03 -8.15463067e-03 -1.50451705e-02 -1.42082798e-02
1.32369000e+03 8.93046000e+02 1.73558000e+03 -4.00266681e-03 -1.48650697e-03 -1.15711321e-02
1.31598000e+03 8.72209000e+02 1.74803000e+03 -1.28418240e-03 5.30915893e-03 -8.34505163e-03
1.28375000e+03 8.82741000e+02 1.71693000e+03 1.42137681e-02 7.98703041e-04 -8.04259566e-03
1.33461000e+03 8.67491000e+02 1.74360000e+03 -8.73597575e-03 3.80141529e-03 -1.45251545e-02
1.30664000e+03 9.44942000e+02 1.72368000e+03 1.80717449e-03 -1.09139329e-02 -3.08926237e-03
1.32806000e+03 9.21742000e+02 1.74095000e+03 -8.28113662e-03 -5.53768635e-03 -6.90678598e-03
1.31985000e+03 9.50851000e+02 1.70918000e+03 -1.53568653e-03 -1.71762831e-02 -9.22675592e-03
1.30646000e+03 9.26024000e+02 1.73069000e+03 1.49534254e-03 -6.41285189e-03 -4.31714511e-03
1.28919000e+03 8.69788000e+02 1.74899000e+03 9.35476430e-03 1.03698760e-02 -1.81821183e-03
1.34637000e+03 9.42672000e+02 1.70600000e+03 -1.30861230e-02 -2.01145322e-02 -1.84059076e-02
1.33903000e+03 8.84280000e+02 1.71710000e+03 -7.98372499e-03 -6.47900884e-03 -2.12591828e-02
1.24797000e+03 9.23663000e+02 1.71384000e+03 2.55619492e-02 -1.90060239e-03 6.34166739e-03
1.24913000e+03 9.52730000e+02 1.70802000e+03 2.46959873e-02 -9.31059491e-03 8.97621800e-03
1.29885000e+03 9.44237000e+02 1.70649000e+03 7.33228397e-03 -1.36269637e-02 -6.54292730e-03
1.32925000e+03 9.20098000e+02 1.71250000e+03 -5.82274396e-03 -1.22986329e-02 -1.59839380e-02
1.28080000e+03 8.54381000e+02 1.72865000e+03 1.48078210e-02 9.95392121e-03 -6.40616741e-03
1.35252000e+03 8.64884000e+02 1.74952000e+03 -1.71014126e-02 3.41023710e-03 -1.69632976e-02
1.28991000e+03 9.13657000e+02 1.71107000e+03 1.11525515e-02 -7.50311371e-03 -7.54342323e-03
1.31078000e+03 9.07576000e+02 1.73794000e+03 1.81938895e-04 -2.10480299e-03 -5.92272071e-03
1.27938000e+03 9.10024000e+02 1.73489000e+03 1.29167972e-02 2.36012945e-04 9.41614295e-04
1.25995000e+03 8.60517000e+02 1.74284000e+03 2.07360387e-02 1.52419840e-02 3.08643889e-03
1.28043000e+03 8.58201000e+02 1.74823000e+03 1.35778413e-02 1.36106239e-02 -8.62086353e-04
1.26554000e+03 8.61421000e+02 1.72011000e+03 2.12971207e-02 8.57301496e-03 -4.14559281e-03
1.33651000e+03 8.87053000e+02 1.74902000e+03 -1.04230764e-02 1.56582998e-03 -1.08675476e-02
1.29582000e+03 8.74331000e+02 1.71759000e+03 1.00372203e-02 2.42634372e-04 -1.18440910e-02
1.27804000e+03 9.34682000e+02 1.72793000e+03 1.28850700e-02 -5.41678934e-03 3.32650131e-03
1.25655000e+03 8.95150000e+02 1.73185000e+03 2.16184763e-02 5.63793076e-03 4.05240126e-03
1.26547000e+03 8.84238000e+02 1.73875000e+03 1.80435632e-02 8.31169647e-03 2.30734652e-03
1.26821000e+03 8.82137000e+02 1.71817000e+03 1.96128925e-02 3.88036484e-03 -3.84024099e-03
1.30635000e+03 9.29724000e+02 1.70992000e+03 4.11105222e-03 -1.18980196e-02 -9.24805987e-03
1.32922000e+03 8.66478000e+02 1.72098000e+03 -3.78483574e-03 -1.70918281e-03 -2.03321063e-02
1.28012000e+03 9.32617000e+02 1.70885000e+03 1.46509995e-02 -9.03591745e-03 -2.73317501e-03
1.30778000e+03 8.60328000e+02 1.74739000e+03 2.67299846e-03 8.93998329e-03 -7.75135670e-03
1.34472000e+03 8.69561000e+02 1.71879000e+03 -1.06003593e-02 -5.24860465e-03 -2.43139717e-02
1.31159000e+03 8.71203000e+02 1.71841000e+03 4.04002190e-03 -1.26258279e-03 -1.53033406e-02
1.34374000e+03 9.14953000e+02 1.74437000e+03 -1.57299602e-02 -5.24545636e-03 -9.92713339e-03
1.35146000e+03 8.92305000e+02 1.71875000e+03 -1.46673208e-02 -8.99945905e-03 -2.37870954e-02
1.26537000e+03 9.04767000e+02 1.71028000e+03 2.06996359e-02 -2.30418847e-03 -2.61597860e-03
1.28630000e+03 8.96558000e+02 1.71248000e+03 1.33832516e-02 -3.49172251e-03 -8.37599592e-03
1.25263000e+03 8.48138000e+02 1.74354000e+03 2.37497894e-02 1.96654948e-02 4.63425353e-03
1.25977000e+03 8.93627000e+02 1.71452000e+03 2.20671491e-02 1.76712193e-03 -7.50173043e-04
1.30332000e+03 8.92946000e+02 1.73683000e+03 4.12442878e-03 1.44454652e-03 -6.17649799e-03
1.32412000e+03 8.54915000e+02 1.75498000e+03 -4.09139813e-03 9.58492617e-03 -9.69161124e-03
1.35336000e+03 9.33710000e+02 1.74113000e+03 -2.03847853e-02 -9.95486932e-03 -1.01551618e-02
1.35171000e+03 8.92310000e+02 1.74869000e+03 -1.84298543e-02 -8.92205026e-04 -1.37838470e-02
1.26272000e+03 9.08203000e+02 1.73356000e+03 1.88367290e-02 2.56156322e-03 4.77675937e-03
1.34353000e+03 8.45576000e+02 1.72461000e+03 -9.81807487e-03 5.15250463e-04 -2.45727266e-02
1.32635000e+03 8.95012000e+02 1.71557000e+03 -2.97515248e-03 -7.24319227e-03 -1.76878684e-02
1.32660000e+03 9.08194000e+02 1.74460000e+03 -7.34736687e-03 -3.00478903e-03 -6.76352964e-03
1.25468000e+03 9.22061000e+02 1.72515000e+03 2.18799035e-02 -4.44246513e-04 6.75002163e-03
1.28877000e+03 9.21945000e+02 1.73655000e+03 8.42790270e-03 -3.25451338e-03 1.38406770e-03
1.26159000e+03 9.16287000e+02 1.70787000e+03 2.15616463e-02 -4.57557959e-03 -5.16526655e-04
1.30295000e+03 9.05196000e+02 1.71035000e+03 6.94342934e-03 -7.49312120e-03 -1.22062302e-02
1.27876000e+03 8.80944000e+02 1.74694000e+03 1.25987802e-02 8.88622654e-03 8.81525556e-04
1.29829000e+03 8.90319000e+02 1.71179000e+03 9.13645786e-03 -4.08599486e-03 -1.19072257e-02
1.29478000e+03 8.82516000e+02 1.74799000e+03 6.79355540e-03 6.03366254e-03 -2.28349481e-03
1.31580000e+03 9.43504000e+02 1.73815000e+03 -3.79254926e-03 -9.95833118e-03 -1.18459452e-03
1.28711000e+03 9.48340000e+02 1.72933000e+03 8.92274551e-03 -8.49250066e-03 4.54427890e-03
1.31965000e+03 9.35417000e+02 1.70688000e+03 -6.83206319e-04 -1.55479466e-02 -1.28278507e-02
1.25027000e+03 8.67440000e+02 1.71725000e+03 2.63552715e-02 9.18182751e-03 7.18627116e-04
1.29440000e+03 8.55030000e+02 1.75475000e+03 7.28257382e-03 1.33956231e-02 -2.91186406e-03
1.35096000e+03 8.49200000e+02 1.73900000e+03 -1.52446892e-02 3.09847608e-03 -2.18644730e-02
1.29425000e+03 9.05150000e+02 1.74366000e+03 6.28621098e-03 5.39974260e-04 -9.36264556e-04
1.26779000e+03 9.47216000e+02 1.70309000e+03 1.92157182e-02 -1.19589433e-02 1.39845742e-03
1.34958000e+03 8.77945000e+02 1.75100000e+03 -1.68329645e-02 2.10196771e-03 -1.42696835e-02
1.34517000e+03 9.45666000e+02 1.74071000e+03 -1.68237650e-02 -1.13910059e-02 -6.49887977e-03
1.34826000e+03 9.39474000e+02 1.72253000e+03 -1.63250200e-02 -1.45288386e-02 -1.41155365e-02
1.27879000e+03 8.68839000e+02 1.71826000e+03 1.66444534e-02 4.91679200e-03 -7.56199535e-03
1.27442000e+03 8.97215000e+02 1.74229000e+03 1.40826281e-02 4.58261207e-03 2.62104218e-03
1.30040000e+03 9.19207000e+02 1.70676000e+03 7.34975082e-03 -1.03376300e-02 -1.08311372e-02
1.35288000e+03 8.54299000e+02 1.75769000e+03 -1.75960931e-02 7.13451340e-03 -1.52726071e-02
1.32270000e+03 8.82246000e+02 1.71529000e+03 -6.52046384e-04 -4.99865955e-03 -1.85114038e-02
1.35020000e+03 9.12177000e+02 1.72892000e+03 -1.66366186e-02 -9.26163418e-03 -1.66412423e-02
1.33569000e+03 9.15178000e+02 1.73140000e+03 -1.00594487e-02 -6.37174732e-03 -1.23360048e-02
1.32569000e+03 9.47112000e+02 1.72256000e+03 -6.05836548e-03 -1.34523395e-02 -7.08283983e-03
1.30940000e+03 8.50049000e+02 1.73375000e+03 3.37674432e-03 6.99415657e-03 -1.25104711e-02
1.28814000e+03 8.76568000e+02 1.73356000e+03 1.15146288e-02 5.01966270e-03 -5.45040037e-03
1.31588000e+03 8.65336000e+02 1.73319000e+03 8.69524024e-04 3.70800607e-03 -1.32360018e-02
1.30140000e+03 9.15646000e+02 1.72301000e+03 4.70688306e-03 -5.88676188e-03 -7.05237807e-03
1.32857000e+03 8.47092000e+02 1.72030000e+03 -3.11326499e-03 4.64497240e-04 -2.14422453e-02
1.31293000e+03 9.03067000e+02 1.72303000e+03 1.03745897e-03 -4.97625395e-03 -1.16468276e-02
1.33500000e+03 9.26228000e+02 1.72439000e+03 -9.33264514e-03 -1.07478133e-02 -1.26807033e-02
1.25575000e+03 8.75577000e+02 1.74310000e+03 2.20031324e-02 1.25291324e-02 5.18428635e-03
1.27077000e+03 8.69152000e+02 1.74790000e+03 1.63741828e-02 1.25783878e-02 2.02026327e-03
1.26717000e+03 9.44671000e+02 1.72218000e+03 1.71133174e-02 -6.69527972e-03 6.49763072e-03
1.32371000e+03 9.07365000e+02 1.71093000e+03 -2.38267897e-03 -1.04531719e-02 -1.68867964e-02
1.28487000e+03 9.47566000e+02 1.70208000e+03 1.32457253e-02 -1.41630433e-02 -3.28000436e-03
1.32522000e+03 8.81568000e+02 1.75100000e+03 -5.59449251e-03 3.00639008e-03 -8.42899874e-03
1.31007000e+03 8.83465000e+02 1.74944000e+03 9.09308203e-04 4.39968196e-03 -5.13111741e-03
1.34321000e+03 9.26379000e+02 1.70799000e+03 -1.09910215e-02 -1.62872189e-02 -1.98872662e-02
1.25184000e+03 9.38529000e+02 1.70267000e+03 2.46258910e-02 -8.46195688e-03 4.45173076e-03
1.35449000e+03 8.80218000e+02 1.71587000e+03 -1.49995309e-02 -8.29285556e-03 -2.66604732e-02
1.27340000e+03 8.93744000e+02 1.71150000e+03 1.84171235e-02 -1.04126388e-03 -5.59471930e-03
1.29355000e+03 9.33322000e+02 1.70330000e+03 1.01084996e-02 -1.27298081e-02 -7.39209874e-03
1.30951000e+03 9.48166000e+02 1.70222000e+03 3.78009383e-03 -1.72383087e-02 -9.03184117e-03
1.27154000e+03 9.21818000e+02 1.73378000e+03 1.51344556e-02 -1.36871142e-03 4.38464497e-03
1.34857000e+03 9.53435000e+02 1.70145000e+03 -1.30266488e-02 -2.33920427e-02 -1.84731827e-02
1.31903000e+03 9.16844000e+02 1.72886000e+03 -2.37620712e-03 -6.50049315e-03 -8.92478579e-03
1.32070000e+03 9.30555000e+02 1.74179000e+03 -5.13473625e-03 -6.88781761e-03 -2.78770920e-03
1.24640000e+03 9.36108000e+02 1.71713000e+03 2.52275233e-02 -4.13007662e-03 9.04736775e-03
1.33876000e+03 8.61850000e+02 1.75689000e+03 -1.10072608e-02 7.03131784e-03 -1.13664345e-02
1.29462000e+03 9.37805000e+02 1.73521000e+03 5.22323603e-03 -6.69370733e-03 1.75346171e-03
1.32982000e+03 9.44023000e+02 1.70365000e+03 -5.20492303e-03 -1.87956589e-02 -1.43779484e-02
1.30056000e+03 9.16248000e+02 1.74231000e+03 3.83934289e-03 -2.18896090e-03 -1.03647123e-03
1.24861000e+03 8.62810000e+02 1.74144000e+03 2.44941019e-02 1.69879645e-02 6.10184113e-03
1.31520000e+03 8.56292000e+02 1.72045000e+03 2.78345884e-03 9.89647117e-04 -1.76334530e-02
1.33569000e+03 8.52838000e+02 1.73217000e+03 -7.16376685e-03 2.65789565e-03 -1.96635687e-02
1.28541000e+03 8.96810000e+02 1.73026000e+03 1.14955233e-02 1.23225986e-03 -3.26497071e-03
1.27878000e+03 8.84474000e+02 1.73145000e+03 1.44247189e-02 5.34215847e-03 -2.79297383e-03
1.27787000e+03 9.13595000e+02 1.70716000e+03 1.60233798e-02 -6.16823186e-03 -5.16969158e-03
1.35170000e+03 8.71091000e+02 1.73652000e+03 -1.58639402e-02 -5.37482372e-04 -2.03204202e-02
1.27848000e+03 9.06663000e+02 1.72019000e+03 1.44428008e-02 -2.18592973e-03 -2.84676767e-03
1.33875000e+03 9.30141000e+02 1.74356000e+03 -1.33699212e-02 -6.93368138e-03 -6.96817432e-03
1.33545000e+03 8.78372000e+02 1.73312000e+03 -8.10961062e-03 -5.00293479e-04 -1.66500564e-02
1.35301000e+03 9.05022000e+02 1.71271000e+03 -1.52851486e-02 -1.28689918e-02 -2.40394862e-02
1.31709000e+03 9.22176000e+02 1.70579000e+03 5.15280978e-04 -1.35224570e-02 -1.48305257e-02
1.26157000e+03 8.71438000e+02 1.71439000e+03 2.27572125e-02 5.80367362e-03 -3.69194427e-03
1.28373000e+03 9.19277000e+02 1.72271000e+03 1.19079921e-02 -4.48414220e-03 -2.22866935e-03
1.26089000e+03 8.69827000e+02 1.73059000e+03 2.19370142e-02 1.02522726e-02 1.90821226e-04
1.24774000e+03 9.12557000e+02 1.70562000e+03 2.62694501e-02 -2.06819079e-03 2.71438753e-03
1.26147000e+03 9.33186000e+02 1.72605000e+03 1.90654594e-02 -3.58414324e-03 6.91229605e-03
1.31342000e+03 8.97562000e+02 1.70947000e+03 2.87750965e-03 -8.50447106e-03 -1.60514147e-02
1.29132000e+03 8.63407000e+02 1.73451000e+03 1.03286888e-02 7.81113841e-03 -7.09548042e-03
1.32566000e+03 8.67766000e+02 1.75501000e+03 -5.72155440e-03 6.74319113e-03 -8.56532111e-03
1.30312000e+03 8.71979000e+02 1.75308000e+03 3.65748681e-03 8.07091825e-03 -3.40452970e-03
1.33790000e+03 9.00811000e+02 1.71130000e+03 -7.99957456e-03 -1.11281274e-02 -2.10073573e-02
1.29431000e+03 8.86881000e+02 1.72747000e+03 9.07587999e-03 8.61717009e-04 -7.27127507e-03
1.27568000e+03 9.51096000e+02 1.72887000e+03 1.28989194e-02 -7.94153702e-03 7.20276177e-03
1.29729000e+03 8.93664000e+02 1.74935000e+03 4.97674185e-03 3.51751134e-03 -1.24226420e-03
1.27009000e+03 8.57969000e+02 1.73610000e+03 1.76432131e-02 1.29644241e-02 -1.73986278e-03
1.34286000e+03 8.57557000e+02 1.71861000e+03 -9.41134580e-03 -3.59439131e-03 -2.49825165e-02
1.24863000e+03 8.87565000e+02 1.73803000e+03 2.42581811e-02 9.48182774e-03 7.34468583e-03
1.28933000e+03 9.41736000e+02 1.71698000e+03 9.66294850e-03 -1.03051643e-02 -1.24802657e-03
1.25467000e+03 9.46680000e+02 1.71870000e+03 2.19262231e-02 -6.44703322e-03 9.41910750e-03
1.25425000e+03 8.81973000e+02 1.71130000e+03 2.50609770e-02 4.03905864e-03 -1.15004266e-03
1.33455000e+03 8.47668000e+02 1.75942000e+03 -9.19605431e-03 1.06406233e-02 -1.11901011e-02
1.31275000e+03 8.98326000e+02 1.74880000e+03 -1.03539899e-03 6.78674000e-04 -3.99220434e-03
1.25533000e+03 8.53408000e+02 1.71710000e+03 2.49494133e-02 1.13436148e-02 -2.00130626e-03
1.34007000e+03 9.11579000e+02 1.70762000e+03 -8.88751687e-03 -1.44109838e-02 -2.11407506e-02
1.25962000e+03 8.54899000e+02 1.73066000e+03 2.20745482e-02 1.41283927e-02 -1.12889562e-04
1.32882000e+03 9.44500000e+02 1.74177000e+03 -9.65343560e-03 -1.02203214e-02 -2.66562975e-03
1.31229000e+03 9.19709000e+02 1.74420000e+03 -1.62896709e-03 -3.47192777e-03 -2.07542549e-03
1.33877000e+03 8.99985000e+02 1.74917000e+03 -1.26108464e-02 -8.34429082e-04 -9.28787096e-03
1.27088000e+03 8.50947000e+02 1.71910000e+03 1.94785057e-02 9.11047488e-03 -6.40024108e-03
1.24723000e+03 8.89606000e+02 1.72214000e+03 2.59242160e-02 6.21599514e-03 4.31857361e-03
1.30768000e+03 9.35984000e+02 1.74020000e+03 -5.02419340e-04 -7.23231409e-03 -3.15861097e-04
1.29737000e+03 8.59337000e+02 1.71787000e+03 1.04319317e-02 2.50148289e-03 -1.30141981e-02
1.26652000e+03 8.55055000e+02 1.75072000e+03 1.80416465e-02 1.72407738e-02 3.02163956e-03
1.25580000e+03 9.25922000e+02 1.70199000e+03 2.36482781e-02 -6.75782802e-03 1.02570653e-03
1.34783000e+03 9.51849000e+02 1.77919000e+03 -2.82477415e-02 -4.33436998e-03 3.56629427e-03
1.34178000e+03 8.71796000e+02 1.79080000e+03 -2.10451934e-02 8.94031911e-03 -1.09028775e-03
1.34631000e+03 9.33644000e+02 1.77854000e+03 -2.56898742e-02 -3.38913031e-03 9.11501962e-04
1.34331000e+03 9.03228000e+02 1.78643000e+03 -2.42420883e-02 2.09934034e-03 5.38670926e-04
1.32546000e+03 8.47980000e+02 1.79368000e+03 -1.35126012e-02 1.50398426e-02 2.33944128e-04
1.32916000e+03 8.84308000e+02 1.78524000e+03 -1.70985868e-02 6.00792847e-03 6.43605825e-04
1.32330000e+03 9.34885000e+02 1.77385000e+03 -1.59705025e-02 -4.73198618e-03 5.06412399e-03
1.31547000e+03 8.64967000e+02 1.78291000e+03 -8.89038370e-03 1.07185980e-02 1.44476636e-03
1.32638000e+03 9.14984000e+02 1.77688000e+03 -1.66246459e-02 -5.41547671e-04 2.56214632e-03
1.34284000e+03 8.87399000e+02 1.79147000e+03 -2.42549164e-02 5.94933550e-03 -8.07738066e-05
1.34703000e+03 8.47079000e+02 1.78133000e+03 -1.80931200e-02 1.29958090e-02 -6.96932613e-03
1.31281000e+03 9.44065000e+02 1.76913000e+03 -1.21712003e-02 -5.70137378e-03 7.61707312e-03
1.31288000e+03 8.98301000e+02 1.77711000e+03 -9.62279710e-03 1.99345884e-03 3.44354580e-03
1.29975000e+03 8.54598000e+02 1.78190000e+03 -9.42479735e-04 1.47925955e-02 3.13310178e-03
1.29979000e+03 8.76661000e+02 1.77844000e+03 -2.88840236e-03 8.08230945e-03 4.55698289e-03
1.31332000e+03 9.25226000e+02 1.77367000e+03 -1.14295632e-02 -1.53429872e-03 5.37861918e-03
1.35121000e+03 8.89224000e+02 1.77656000e+03 -2.31628750e-02 5.04204106e-03 -4.81067788e-03
1.34288000e+03 9.41328000e+02 1.76373000e+03 -2.08956714e-02 -6.06899125e-03 1.69226127e-04
1.33311000e+03 9.46707000e+02 1.78854000e+03 -2.52582070e-02 -5.65474732e-03 7.72200414e-03
1.35364000e+03 9.04689000e+02 1.80369000e+03 -3.35583021e-02 6.04994251e-03 2.65451282e-03
1.29085000e+03 9.49018000e+02 1.76094000e+03 -1.00581611e-03 -6.68961559e-03 1.16539396e-02
1.32890000e+03 8.98485000e+02 1.78007000e+03 -1.66554955e-02 2.88723001e-03 1.72198575e-03
1.30012000e+03 9.33790000e+02 1.76495000e+03 -4.17447974e-03 -4.10970328e-03 7.34839957e-03
1.32523000e+03 8.64912000e+02 1.79749000e+03 -1.77341647e-02 1.05506113e-02 2.58104529e-03
1.30123000e+03 9.08555000e+02 1.77180000e+03 -5.01892048e-03 9.31048908e-04 5.25415369e-03
1.32985000e+03 8.59201000e+02 1.77908000e+03 -1.17483241e-02 1.10509452e-02 -2.65657984e-03
1.34601000e+03 9.40996000e+02 1.79476000e+03 -3.10409000e-02 -2.91942782e-03 4.79284183e-03
1.28771000e+03 8.65351000e+02 1.77880000e+03 2.56827315e-03 1.31601797e-02 6.08392988e-03
1.29991000e+03 8.91584000e+02 1.77576000e+03 -4.52439937e-03 5.32288096e-03 5.11982432e-03
1.34066000e+03 9.17165000e+02 1.77153000e+03 -2.02585111e-02 -1.61658151e-03 -1.04074856e-03
1.33485000e+03 9.21381000e+02 1.78947000e+03 -2.42045864e-02 -1.49089702e-03 3.95163800e-03
1.27594000e+03 9.42762000e+02 1.75721000e+03 7.15595217e-03 -4.93994553e-03 1.35217586e-02
1.34033000e+03 8.79587000e+02 1.77763000e+03 -1.80831323e-02 6.48096167e-03 -4.18073630e-03
1.33172000e+03 8.96680000e+02 1.79491000e+03 -2.28505202e-02 3.21517479e-03 4.02352072e-03
1.31006000e+03 8.53695000e+02 1.79618000e+03 -1.05638362e-02 1.43353493e-02 4.51275228e-03
1.29229000e+03 9.21165000e+02 1.76586000e+03 -4.11727185e-04 -2.68571674e-03 7.61454749e-03
1.25473000e+03 9.50225000e+02 1.74504000e+03 1.83957590e-02 -4.58665989e-03 1.66381168e-02
1.28613000e+03 8.81289000e+02 1.77522000e+03 2.33678137e-03 8.33329534e-03 6.75107508e-03
1.33000000e+03 8.80538000e+02 1.79909000e+03 -2.18315080e-02 6.98883460e-03 3.72060149e-03
1.33619000e+03 9.51881000e+02 1.76310000e+03 -1.89319667e-02 -8.04006904e-03 2.94837569e-03
1.26386000e+03 9.39786000e+02 1.75003000e+03 1.46395105e-02 -3.54926747e-03 1.37616348e-02
1.28677000e+03 8.95781000e+02 1.77062000e+03 1.64697655e-03 4.79606530e-03 7.09585838e-03
1.34677000e+03 8.62288000e+02 1.77900000e+03 -1.86685019e-02 9.89332613e-03 -5.91197808e-03
1.27923000e+03 8.53437000e+02 1.77981000e+03 6.78936674e-03 1.70460041e-02 7.31355728e-03
1.35355000e+03 9.04121000e+02 1.77196000e+03 -2.47445349e-02 1.29993097e-03 -5.85070615e-03
1.30962000e+03 8.83104000e+02 1.78615000e+03 -1.11623465e-02 6.32261230e-03 4.61625797e-03
1.27258000e+03 8.67678000e+02 1.77534000e+03 8.13428189e-03 1.47090762e-02 8.81371339e-03
1.31595000e+03 8.76028000e+02 1.77451000e+03 -7.32325147e-03 7.75632784e-03 1.25068837e-04
1.32620000e+03 9.43012000e+02 1.76352000e+03 -1.42305265e-02 -6.64020342e-03 3.87437799e-03
1.31620000e+03 8.49545000e+02 1.77996000e+03 -5.35354332e-03 1.41397295e-02 -1.34076457e-03
1.35137000e+03 8.60902000e+02 1.79469000e+03 -2.45997989e-02 1.29978524e-02 -2.83090361e-03
1.33089000e+03 9.34496000e+02 1.78747000e+03 -2.36689446e-02 -4.20900401e-03 6.35190817e-03
1.33511000e+03 9.30630000e+02 1.76530000e+03 -1.76595473e-02 -4.33875020e-03 -2.33614950e-04
1.31655000e+03 9.09668000e+02 1.76666000e+03 -8.05861872e-03 -7.06076306e-04 1.03104835e-03
1.27332000e+03 8.92400000e+02 1.76944000e+03 6.56825024e-03 6.95704119e-03 9.36371384e-03
1.28519000e+03 9.34226000e+02 1.76276000e+03 1.98318756e-03 -3.52817221e-03 1.04674447e-02
1.27729000e+03 9.20692000e+02 1.76226000e+03 6.56765650e-03 -1.69676593e-03 1.03286503e-02
1.32511000e+03 9.21284000e+02 1.76622000e+03 -1.21825340e-02 -2.58085486e-03 9.62825163e-04
1.24996000e+03 9.35581000e+02 1.74545000e+03 2.06665710e-02 -9.46399625e-04 1.55558029e-02
1.31807000e+03 8.76564000e+02 1.79395000e+03 -1.60681726e-02 8.12822784e-03 4.32096258e-03
1.31998000e+03 9.45320000e+02 1.78361000e+03 -1.93431125e-02 -6.92503880e-03 9.21396720e-03
1.34497000e+03 9.28790000e+02 1.79724000e+03 -3.08176766e-02 -1.10384347e-03 4.29291592e-03
1.26491000e+03 8.57502000e+02 1.77339000e+03 1.36575371e-02 1.97632170e-02 9.97189980e-03
1.32817000e+03 9.09488000e+02 1.78935000e+03 -2.09698027e-02 -4.63005300e-04 5.01592614e-03
1.33963000e+03 9.51797000e+02 1.79694000e+03 -3.05538500e-02 -5.97774792e-03 7.95870049e-03
1.32178000e+03 9.27543000e+02 1.78390000e+03 -1.91696409e-02 -3.96786367e-03 5.87784689e-03
1.26722000e+03 8.79065000e+02 1.77027000e+03 1.06299500e-02 1.22311663e-02 9.80521596e-03
1.28468000e+03 9.08499000e+02 1.76886000e+03 1.61741782e-03 8.34546506e-04 7.98695140e-03
1.30450000e+03 9.49379000e+02 1.75982000e+03 -5.82127021e-03 -6.90675615e-03 8.39907161e-03
1.27048000e+03 9.29758000e+02 1.75624000e+03 1.16659111e-02 -1.86989415e-03 1.24694143e-02
1.33446000e+03 8.49011000e+02 1.77943000e+03 -1.21505251e-02 1.31154135e-02 -4.62252667e-03
1.27056000e+03 9.07486000e+02 1.76442000e+03 8.88957446e-03 3.37094782e-03 1.03137362e-02
1.33771000e+03 8.57834000e+02 1.79317000e+03 -1.90999376e-02 1.29393617e-02 -1.29859765e-03
1.30286000e+03 8.67565000e+02 1.79064000e+03 -8.49622350e-03 1.06151472e-02 5.58349628e-03
1.29413000e+03 8.47246000e+02 1.79301000e+03 -3.21045031e-03 1.75131786e-02 6.79504405e-03
1.29690000e+03 9.46449000e+02 1.77288000e+03 -8.92034055e-03 -7.35384760e-03 1.22761438e-02
1.34151000e+03 9.13253000e+02 1.79777000e+03 -2.90798838e-02 5.70928528e-04 4.36233812e-03
1.31511000e+03 9.11515000e+02 1.78183000e+03 -1.42528053e-02 -1.16665402e-03 5.49974317e-03
1.25204000e+03 8.85212000e+02 1.76368000e+03 1.78788280e-02 1.29913544e-02 1.38720280e-02
1.25703000e+03 8.67897000e+02 1.76890000e+03 1.63531088e-02 1.79676255e-02 1.14130762e-02
1.34038000e+03 9.02302000e+02 1.77174000e+03 -1.79434914e-02 1.48328104e-03 -3.14770277e-03
1.30509000e+03 8.64377000e+02 1.77481000e+03 -1.06895932e-03 1.09230304e-02 1.58054041e-03
1.31697000e+03 9.34675000e+02 1.76297000e+03 -9.67332725e-03 -4.73812991e-03 4.18972830e-03
1.26328000e+03 9.18422000e+02 1.75854000e+03 1.31957139e-02 1.24354131e-03 1.23133736e-02
1.26078000e+03 8.94379000e+02 1.76556000e+03 1.24541027e-02 8.24684406e-03 1.16513542e-02
1.30987000e+03 8.85936000e+02 1.77050000e+03 -4.97455365e-03 6.36569355e-03 1.71556003e-03
1.25230000e+03 9.23874000e+02 1.75115000e+03 1.87247272e-02 1.47877938e-03 1.43504650e-02
1.31785000e+03 9.51938000e+02 1.75981000e+03 -1.02398711e-02 -8.02112315e-03 6.08763398e-03
1.31882000e+03 8.54371000e+02 1.80488000e+03 -1.78384018e-02 1.32073874e-02 4.57197284e-03
1.35466000e+03 8.95775000e+02 1.78986000e+03 -2.89843240e-02 6.12858553e-03 -1.89261169e-03
1.30138000e+03 9.22968000e+02 1.77583000e+03 -8.61205776e-03 -3.20778200e-03 7.68851285e-03
1.35059000e+03 9.31497000e+02 1.76407000e+03 -2.36987298e-02 -4.97217197e-03 -3.84763141e-03
1.30611000e+03 9.54856000e+02 1.77923000e+03 -1.47722622e-02 -8.06873666e-03 1.33269492e-02
1.33776000e+03 8.91519000e+02 1.77811000e+03 -1.86590230e-02 3.90956931e-03 -1.82504775e-03
1.35059000e+03 8.73804000e+02 1.77550000e+03 -2.06607011e-02 7.95729446e-03 -7.01334321e-03
1.32858000e+03 8.71687000e+02 1.77828000e+03 -1.30800959e-02 8.39727392e-03 -1.86968335e-03
1.24566000e+03 8.72083000e+02 1.76258000e+03 2.15316559e-02 1.90481655e-02 1.41805578e-02
1.34097000e+03 8.45684000e+02 1.79671000e+03 -1.94340486e-02 1.56928817e-02 -1.74573654e-03
1.30840000e+03 9.36860000e+02 1.77692000e+03 -1.27837269e-02 -3.87850988e-03 8.49279536e-03
1.32598000e+03 8.87262000e+02 1.77223000e+03 -1.10900275e-02 4.61255116e-03 -1.47571308e-03
1.24526000e+03 8.98551000e+02 1.75707000e+03 2.22265378e-02 8.97898781e-03 1.51461600e-02
1.34136000e+03 8.96440000e+02 1.80245000e+03 -2.89342765e-02 5.34718836e-03 3.93966147e-03
1.25288000e+03 8.53203000e+02 1.76830000e+03 2.04654266e-02 2.25320597e-02 1.12906910e-02
1.25572000e+03 9.07037000e+02 1.75859000e+03 1.61732601e-02 4.06348798e-03 1.28849271e-02
1.33272000e+03 9.27646000e+02 1.77694000e+03 -1.93938972e-02 -2.38375244e-03 2.77327877e-03
1.30706000e+03 9.18442000e+02 1.76444000e+03 -4.81964846e-03 -1.36350593e-03 3.78622342e-03
1.32657000e+03 9.05667000e+02 1.76823000e+03 -1.20402359e-02 7.00649399e-04 -2.65989312e-04
1.33398000e+03 9.42751000e+02 1.77499000e+03 -2.13726382e-02 -3.99337572e-03 5.00945659e-03
1.32006000e+03 8.92955000e+02 1.79068000e+03 -1.73748665e-02 3.15865552e-03 4.88020849e-03
1.28011000e+03 9.52152000e+02 1.76615000e+03 -6.35745631e-04 -8.72557508e-03 1.55611574e-02
1.31213000e+03 8.64932000e+02 1.79948000e+03 -1.46107159e-02 1.10727291e-02 5.60531053e-03
1.29849000e+03 9.31025000e+02 1.79865000e+03 -2.21676665e-02 -1.14698124e-02 1.34481559e-02
1.30353000e+03 9.44282000e+02 1.80226000e+03 -2.63739924e-02 -1.75008688e-02 1.50594249e-02
1.29214000e+03 9.52154000e+02 1.79685000e+03 -2.20636031e-02 -2.10289029e-02 1.77042946e-02
1.28608000e+03 9.32220000e+02 1.79108000e+03 -1.38821904e-02 -1.12467248e-02 1.49644231e-02
1.28450000e+03 9.44963000e+02 1.79026000e+03 -1.56860322e-02 -1.63025123e-02 1.72400609e-02
1.25261000e+03 8.59205000e+02 1.79246000e+03 8.56991928e-03 2.16646856e-02 1.95846355e-02
1.27496000e+03 9.37281000e+02 1.78517000e+03 -8.37071400e-03 -1.31872644e-02 1.70699617e-02
1.26399000e+03 8.56848000e+02 1.79959000e+03 1.98332248e-03 2.00355604e-02 1.83103092e-02
1.29658000e+03 9.11687000e+02 1.79899000e+03 -1.94177794e-02 -3.58138955e-03 1.29230963e-02
1.26358000e+03 9.43231000e+02 1.77854000e+03 -2.35451942e-03 -1.21033970e-02 1.90351046e-02
1.28566000e+03 9.19316000e+02 1.79167000e+03 -1.28509125e-02 -6.28227275e-03 1.43329277e-02
1.26309000e+03 8.69857000e+02 1.79537000e+03 1.29160816e-03 1.65841740e-02 1.85670279e-02
1.27475000e+03 8.67407000e+02 1.80138000e+03 -4.02989658e-03 1.32923355e-02 1.60658562e-02
1.24869000e+03 8.76242000e+02 1.78835000e+03 9.07569936e-03 1.82487964e-02 2.14945648e-02
1.26961000e+03 9.09400000e+02 1.78810000e+03 -4.54410381e-03 -2.03586799e-04 1.68556730e-02
