x y z dx dy dz
1278.57 937.489 1800.49 -0.407388 0.310434 -0.0249935
1278.45 913.058 1802.38 -0.394459 0.332455 -0.0238898
1277.25 949.092 1801.64 -0.416037 0.298793 -0.0272586
1269.3 943.464 1795.71 -0.400452 0.305105 -0.0271417
1268.05 954.943 1797.45 -0.41473 0.296752 -0.0299588
1270.24 931.284 1795.89 -0.390513 0.317859 -0.024291
1260.02 949.803 1790.96 -0.394509 0.300833 -0.0318232
1252.33 931.123 1786.34 -0.370396 0.317661 -0.0281349
1253.04 919.488 1788.95 -0.365014 0.325837 -0.0270666
1253.77 908.542 1792.24 -0.364524 0.334203 -0.0252889
1254.58 897.715 1795.85 -0.361891 0.341751 -0.0245229
1245.54 890.874 1793.65 -0.350221 0.343336 -0.0298934
1255.27 886.549 1799.5 -0.358549 0.345669 -0.0274187
1246.14 879.489 1797.35 -0.348957 0.34976 -0.030079
1255.74 875.187 1803.04 -0.355887 0.35155 -0.0272898
1246.8 867.949 1801.01 -0.345349 0.355293 -0.0313621
1247.5 856.469 1804.54 -0.345033 0.35777 -0.0305413
1263.56 904.505 1797.85 -0.372741 0.336804 -0.0251434
1265.28 882.142 1804.97 -0.367841 0.347921 -0.0273566
1262.38 914.611 1794.65 -0.375608 0.335705 -0.0202493
1264.8 893.717 1801.44 -0.372095 0.342262 -0.02711
1275.13 902.031 1803.46 -0.387429 0.336728 -0.02612
1279.18 925.389 1800.94 -0.39816 0.32724 -0.0230572
1251.36 943.67 1785.04 -0.374492 0.309934 -0.0291857
1260.92 937.425 1790.57 -0.383346 0.312599 -0.0294114
1261.73 925.535 1792.11 -0.378393 0.321332 -0.0256415
1271.25 919.382 1797.83 -0.38706 0.328439 -0.0255663
1270.88 910.241 1799.57 -0.383014 0.334561 -0.0200296
1279.01 849.672 1795.54 -0.347163 0.359648 -0.0338438
1268.73 846.087 1790.72 -0.334669 0.360169 -0.0363708
1271.67 857.387 1790.19 -0.340862 0.356068 -0.0348343
1261.34 853.871 1785.54 -0.328605 0.357258 -0.037838
1264.24 865.156 1785.12 -0.334553 0.353686 -0.0365284
1253.88 861.726 1780.63 -0.323003 0.354934 -0.0394353
1251.03 850.382 1780.79 -0.317484 0.358269 -0.0407404
1246.4 869.696 1775.9 -0.318306 0.350933 -0.0400411
1282.06 860.904 1794.69 -0.352423 0.354842 -0.0329428
1319.89 894.057 1803.49 -0.398603 0.352842 -0.0231587
1323.05 905.217 1801.64 -0.403649 0.34881 -0.0221616
1312.82 901.504 1797.25 -0.389315 0.346105 -0.0257697
1315.82 912.588 1795.73 -0.394538 0.342459 -0.0243909
1305.56 909.255 1791.38 -0.381452 0.341495 -0.0274573
1248.68 944.227 1758.77 -0.326478 0.318362 -0.0400221
1258.51 947.715 1764.16 -0.340067 0.317894 -0.0399532
1255.88 936.001 1763.74 -0.333167 0.321887 -0.0398007
1265.86 939.42 1768.34 -0.345486 0.322426 -0.0368607
1263.09 927.598 1768.95 -0.340305 0.326391 -0.0381736
1273.37 930.914 1772.93 -0.350925 0.326027 -0.0354871
1269.76 918.952 1774 -0.346489 0.328848 -0.0359737
1302.47 898.022 1793.19 -0.377412 0.345007 -0.0284374
1308.28 920.582 1790.27 -0.386987 0.339089 -0.0267692
1252.13 924.329 1764.83 -0.327585 0.326677 -0.0388417
1275.65 942.844 1773.31 -0.359254 0.323644 -0.0329258
1318.02 923.433 1794.84 -0.400124 0.341013 -0.0233171
1295.12 905.926 1787.56 -0.369915 0.340118 -0.030888
1291.88 894.596 1789.6 -0.366756 0.343825 -0.030353
1299.19 886.833 1795.29 -0.372992 0.348333 -0.0294042
1283.26 934.295 1777.14 -0.36237 0.3284 -0.0328978
1285.04 946.146 1778.57 -0.373167 0.324359 -0.0303896
1310.61 932.209 1790.4 -0.393751 0.337269 -0.0265012
1277.13 954.374 1775.93 -0.370558 0.320073 -0.0312228
1284.42 902.568 1784.27 -0.35981 0.339439 -0.0343385
1281.1 891.183 1786.32 -0.356277 0.342432 -0.0349131
1273.59 899.185 1781.24 -0.350623 0.338112 -0.0351639
1331.54 946.388 1802.59 -0.430428 0.347794 -0.0158076
1302.89 868.135 1803.33 -0.376183 0.357249 -0.0264742
1270.32 887.77 1783.06 -0.347383 0.344021 -0.0355515
1262.83 895.732 1778.16 -0.343236 0.339562 -0.0346906
1287.67 914.088 1782.35 -0.363216 0.334859 -0.0325204
1294.14 949.452 1784.13 -0.38812 0.325271 -0.0276532
1300.71 929.13 1785.62 -0.380282 0.333655 -0.0290078
1277.78 879.848 1788.05 -0.352031 0.346839 -0.0349336
1299.59 856.957 1804.9 -0.370999 0.360338 -0.0280016
1259.6 884.296 1779.53 -0.336679 0.346284 -0.036499
1331.16 934.415 1801.15 -0.42131 0.347238 -0.0192214
1266.13 907.248 1776.07 -0.345139 0.333789 -0.0356757
1255.32 903.554 1772.95 -0.333323 0.33521 -0.0365568
1323.83 942.378 1797.89 -0.417609 0.341957 -0.0189906
1258.53 915.198 1770.54 -0.336164 0.331219 -0.0364328
1246.87 911.661 1766.59 -0.324195 0.331207 -0.0389652
1302.91 941.167 1787.04 -0.38979 0.332159 -0.0274395
1267.95 951.223 1769.88 -0.35486 0.318384 -0.0351047
1276.99 910.706 1779.11 -0.353557 0.334151 -0.0348848
1288.55 883.326 1791.64 -0.362113 0.347578 -0.0322687
1306.28 879.281 1801.37 -0.38087 0.3524 -0.0270286
1309.62 890.399 1799.25 -0.385764 0.349395 -0.0257558
1335.27 921.857 1804.51 -0.42213 0.35405 -0.0187906
1326.22 916.686 1800.44 -0.408773 0.347958 -0.0211425
1295.82 875.656 1797.33 -0.368642 0.352241 -0.0296529
1280.34 922.426 1777.47 -0.356038 0.330199 -0.0351467
1298.11 917.387 1786.03 -0.374281 0.336665 -0.0298284
1322.07 952.371 1799.48 -0.423289 0.340852 -0.0171289
1313.87 944.821 1793.23 -0.40646 0.337314 -0.0222071
1289.29 853.282 1800.27 -0.359307 0.361068 -0.0306253
1249.28 880.939 1775.61 -0.32418 0.345964 -0.0384742
1292.48 864.476 1799.04 -0.364546 0.356454 -0.0299217
1285.24 872.099 1793.39 -0.357542 0.351029 -0.0327267
1245.62 933.034 1759.14 -0.32148 0.322969 -0.0400292
1274.71 868.606 1789.37 -0.347001 0.351219 -0.0347068
1267.2 876.433 1784.35 -0.342111 0.35066 -0.0344554
1290.61 925.811 1781.29 -0.367991 0.332298 -0.0316146
1292.91 937.74 1781.76 -0.375809 0.329332 -0.029491
1256.72 873.044 1780.31 -0.329576 0.350734 -0.0381439
1252.39 892.063 1774.8 -0.331931 0.342308 -0.0360569
1303.37 953.258 1790.24 -0.402657 0.329379 -0.0230787
1326.07 925.806 1798.87 -0.410436 0.344994 -0.0207577
1245.71 898.893 1770.09 -0.324089 0.337355 -0.0378557
1320.01 933.461 1795.23 -0.406009 0.340699 -0.0227978
1342.3 847.115 1769.82 -0.339542 0.366575 -0.0294085
1334.49 854.317 1768.14 -0.337214 0.362918 -0.0306697
1345.38 858.312 1767.72 -0.342722 0.364026 -0.0283398
1336.77 865.823 1765.99 -0.339324 0.359471 -0.030266
1347.85 869.634 1765.62 -0.344905 0.361395 -0.0274287
1338.86 877.239 1763.88 -0.342271 0.356821 -0.029943
1350.07 881.031 1763.54 -0.34779 0.358803 -0.0264001
1341.59 888.747 1761.83 -0.345085 0.354689 -0.028096
1352.59 892.524 1761.51 -0.350837 0.355935 -0.02531
1344.11 900.458 1759.78 -0.347795 0.352333 -0.0262344
1345.83 911.917 1757.81 -0.349348 0.349563 -0.0254037
1333.45 906.839 1758.24 -0.343042 0.348466 -0.0283555
1336.65 919.619 1756.1 -0.346772 0.346712 -0.0266343
1325.55 915.991 1756.19 -0.341225 0.343451 -0.029503
1327.83 927.621 1754.23 -0.343746 0.341641 -0.0283021
1316.43 923.854 1754.02 -0.337431 0.340468 -0.0301481
1318.82 935.405 1752.09 -0.339999 0.33912 -0.0280653
1307.81 931.481 1751.45 -0.333634 0.336205 -0.0315319
1309.87 942.97 1749.54 -0.336175 0.334095 -0.029637
1298.88 938.898 1748.24 -0.328403 0.333633 -0.0341799
1300.87 950.336 1746.5 -0.331257 0.331225 -0.0318508
1289.99 945.964 1744.43 -0.323997 0.329269 -0.0346664
1321.01 947.044 1750.24 -0.342162 0.336272 -0.025917
1314.6 912.487 1756.08 -0.334828 0.342849 -0.0323409
1287.22 933.457 1746.54 -0.321729 0.331797 -0.0373895
1281.35 953.895 1740.24 -0.320205 0.325226 -0.036885
1325.63 861.751 1766.35 -0.333761 0.359462 -0.0320943
1250.03 858.891 1755.13 -0.295641 0.350985 -0.0481958
1245.27 869.083 1751.22 -0.293755 0.347109 -0.0484548
1254.96 848.721 1759 -0.297487 0.355246 -0.04651
1256.39 869.416 1755.71 -0.301261 0.348413 -0.0460959
1251.71 879.665 1752.07 -0.299593 0.343058 -0.0468804
1263.06 880.114 1755.84 -0.306809 0.344175 -0.0450036
1258.58 890.478 1752.15 -0.305157 0.339879 -0.0458471
1267.91 869.566 1759.02 -0.307403 0.349237 -0.0446346
1274.67 880.201 1758.49 -0.31256 0.346434 -0.0437067
1279.65 869.42 1761.3 -0.313375 0.350535 -0.0422191
1286.44 879.832 1760.28 -0.317979 0.347599 -0.0404273
1281.5 890.908 1757.35 -0.317347 0.343566 -0.0411079
1245.11 923.117 1734.28 -0.294818 0.327962 -0.0483299
1329.18 885.439 1761.99 -0.338224 0.353242 -0.0307943
1247.03 941.564 1728.35 -0.295676 0.322343 -0.0472275
1291.45 868.955 1762.82 -0.319632 0.35192 -0.0392125
1284.72 858.799 1763.92 -0.314871 0.354221 -0.0407431
1298.25 879.073 1761.51 -0.323341 0.349906 -0.0379452
1339.11 931.574 1754.14 -0.348776 0.343723 -0.0245347
1296.48 858.33 1765.25 -0.320141 0.355578 -0.0382923
1289.91 848.372 1766.55 -0.315718 0.358992 -0.0398573
1278.08 848.66 1764.88 -0.309809 0.356905 -0.0422388
1352.71 947.339 1751.96 -0.356244 0.342059 -0.0192198
1249.44 906.589 1743.33 -0.298852 0.333696 -0.0475934
1313.19 847.948 1768.46 -0.326962 0.361532 -0.0358381
1253.34 952.136 1729.01 -0.300566 0.320597 -0.0441687
1257.93 941.898 1733.21 -0.302698 0.324428 -0.0443731
1264.3 952.176 1733.82 -0.307784 0.322458 -0.0417085
1268.46 942.024 1737.64 -0.310477 0.326531 -0.0417761
1262.68 932.159 1738.41 -0.306282 0.327222 -0.0445695
1274.04 932.456 1742.63 -0.313447 0.328903 -0.0416449
1267.17 922.539 1743.74 -0.310301 0.331057 -0.0431501
1279.09 922.402 1747.55 -0.316196 0.333135 -0.0404423
1271.76 912.284 1749.05 -0.312444 0.33447 -0.042977
1283.8 912.02 1752.02 -0.318421 0.336792 -0.0395876
1276.69 901.736 1753.72 -0.314577 0.338307 -0.0418123
1288.49 901.212 1755.84 -0.321239 0.341205 -0.0397093
1295.6 911.346 1754.23 -0.325521 0.339179 -0.0369942
1300.36 900.652 1757.3 -0.327464 0.342776 -0.0367669
1265.38 902.246 1750.79 -0.309576 0.337003 -0.044628
1293.35 890.223 1758.9 -0.322769 0.345256 -0.0392264
1305.27 889.402 1760.01 -0.328017 0.347298 -0.0360147
1309.79 877.709 1762.53 -0.328516 0.352298 -0.0350572
1312.81 900.669 1758.29 -0.333331 0.34565 -0.0340381
1291.21 921.441 1750.8 -0.32272 0.335475 -0.0369466
1317.12 887.971 1760.98 -0.333652 0.350139 -0.0333872
1324.94 897.254 1759.61 -0.338356 0.348764 -0.0310758
1256.15 922.891 1739.36 -0.3028 0.328734 -0.0459745
1332.28 951.095 1750.44 -0.347781 0.337012 -0.0223113
1311.94 954.56 1747.84 -0.338895 0.331498 -0.0271522
1330.11 939.368 1752.32 -0.345849 0.339383 -0.025452
1304.11 920.048 1753.36 -0.330476 0.339108 -0.0343639
1258.92 911.699 1745.13 -0.305177 0.332201 -0.0457564
1261.33 859.066 1759.08 -0.301932 0.353147 -0.0449024
1266.4 848.772 1762.43 -0.303536 0.356298 -0.0436592
1272.95 859.051 1761.95 -0.309052 0.353329 -0.0432272
1348.15 923.732 1755.83 -0.352646 0.34731 -0.0232223
1327.64 872.704 1764.33 -0.336852 0.356973 -0.0314188
1350.46 935.572 1753.88 -0.353907 0.344484 -0.0212096
1251.68 932.013 1733.72 -0.299085 0.325821 -0.0468774
1269.88 891.059 1755.16 -0.311586 0.341317 -0.0432061
1341.39 943.375 1752.21 -0.350805 0.340982 -0.0220808
1301.75 847.927 1767.71 -0.321663 0.359447 -0.0374463
1303.25 868.208 1763.91 -0.324482 0.35424 -0.0367259
1315.72 867.43 1764.81 -0.330295 0.356436 -0.0343604
1247.36 889.487 1747.96 -0.297047 0.338857 -0.0475369
1278.99 943.014 1741.43 -0.317393 0.32798 -0.0387429
1324.21 850.188 1768.56 -0.331758 0.362926 -0.0335953
1254.99 899.798 1748.14 -0.303265 0.33609 -0.0467446
1307.84 857.722 1766.21 -0.325645 0.357911 -0.0360704
1334.7 895.804 1760.29 -0.342933 0.351633 -0.0293099
1322.43 906.812 1757.7 -0.338194 0.345063 -0.0310268
1319.43 878.348 1762.91 -0.333241 0.35339 -0.0337584
1317.33 856.993 1766.9 -0.329645 0.359705 -0.0342497
1248.64 914.865 1739.51 -0.297852 0.330778 -0.0474953
1297.9 929.131 1750.22 -0.327273 0.335769 -0.0348026
1305.1 909.991 1755.71 -0.330127 0.342457 -0.0346331
1352.17 850.273 1769.51 -0.344179 0.368375 -0.0272278
1272.75 950.877 1737.47 -0.314086 0.32512 -0.0396198
1245.04 889.476 1699.91 -0.264378 0.32598 -0.0597425
1252.91 898.565 1698.48 -0.267717 0.324237 -0.0590412
1245.24 858.145 1705.81 -0.261808 0.335125 -0.0606048
1248.84 909.634 1696.29 -0.266693 0.321572 -0.0588054
1260.72 907.658 1697.05 -0.271065 0.323164 -0.0571402
1268.49 916.754 1695.62 -0.274663 0.322366 -0.0551937
1272.59 905.691 1697.79 -0.275449 0.324855 -0.055873
1280.34 914.793 1696.36 -0.278821 0.323496 -0.0539756
1284.46 903.729 1698.53 -0.279381 0.326353 -0.0538337
1292.2 912.834 1697.1 -0.283669 0.325192 -0.0515212
1296.32 901.77 1699.25 -0.2841 0.328694 -0.0526699
1304.04 910.876 1697.82 -0.287865 0.327875 -0.049543
1308.17 899.811 1699.96 -0.289013 0.330644 -0.0502147
1315.88 908.919 1698.54 -0.292968 0.328686 -0.0482874
1320.02 897.853 1700.67 -0.29376 0.331616 -0.0479728
1311.75 919.984 1696.41 -0.29259 0.326255 -0.0473094
1323.58 918.027 1697.13 -0.296809 0.3282 -0.0453261
1249.59 847.056 1708.08 -0.262698 0.339051 -0.0603342
1319.45 929.093 1695 -0.296333 0.325257 -0.044514
1331.28 927.138 1695.74 -0.300702 0.327208 -0.0426046
1343.11 925.183 1696.47 -0.306088 0.330165 -0.0390705
1312.31 888.745 1702.09 -0.289621 0.333338 -0.0504165
1324.15 886.786 1702.79 -0.2945 0.334661 -0.0480066
1316.45 877.681 1704.23 -0.290122 0.335732 -0.0505792
1328.29 875.724 1704.93 -0.294391 0.338434 -0.0485872
1320.59 866.624 1706.38 -0.290382 0.339296 -0.0495828
1332.43 864.67 1707.08 -0.295291 0.341498 -0.0479572
1324.73 855.579 1708.56 -0.291916 0.342628 -0.0495586
1336.56 853.627 1709.28 -0.297428 0.344322 -0.0477946
1344.26 862.716 1707.8 -0.301132 0.343687 -0.0456613
1308.74 868.579 1705.68 -0.286091 0.336915 -0.0518008
1317.03 846.497 1710.07 -0.288225 0.343735 -0.050822
1276.7 894.623 1699.96 -0.276086 0.328614 -0.0557319
1257.42 856.202 1706.53 -0.265992 0.336712 -0.0598158
1335.99 884.828 1703.49 -0.299599 0.337014 -0.0457979
1256.98 887.487 1700.66 -0.268702 0.327846 -0.0593357
1293.34 850.387 1708.66 -0.278523 0.341241 -0.0546009
1281.43 852.329 1707.95 -0.274127 0.339765 -0.05679
1289.15 861.429 1706.45 -0.277823 0.338291 -0.055535
1277.22 863.378 1705.74 -0.273514 0.336658 -0.0572832
1284.98 872.486 1704.27 -0.277134 0.334691 -0.0557579
1273.05 874.442 1703.56 -0.273016 0.333086 -0.0574678
1301.03 859.48 1707.15 -0.282061 0.339404 -0.0536654
1280.83 883.553 1702.11 -0.276455 0.331347 -0.0560075
1292.72 881.595 1702.83 -0.281057 0.333182 -0.0537932
1288.58 892.662 1700.68 -0.28026 0.330392 -0.054041
1268.91 885.516 1701.39 -0.272639 0.329709 -0.0571855
1264.8 896.59 1699.22 -0.272177 0.326287 -0.0572805
1261.08 876.405 1702.84 -0.268963 0.3309 -0.0592093
1253.2 867.286 1704.31 -0.265343 0.333367 -0.059954
1335.42 916.071 1697.85 -0.302035 0.32999 -0.0423267
1347.25 914.115 1698.57 -0.306618 0.332574 -0.0402027
1339.55 905.003 1699.96 -0.302566 0.333404 -0.0425699
1351.38 903.047 1700.68 -0.30756 0.334934 -0.0412844
1343.69 893.936 1702.08 -0.303521 0.335814 -0.0433038
1347.82 882.871 1704.2 -0.304045 0.339064 -0.0436093
1331.85 895.894 1701.37 -0.29828 0.334225 -0.0454094
1327.72 906.961 1699.25 -0.297975 0.331277 -0.0458243
1351.96 871.812 1706.35 -0.305032 0.342863 -0.0434581
1269.46 854.269 1707.25 -0.270119 0.338956 -0.0579929
1265.24 865.328 1705.03 -0.269432 0.334942 -0.0587275
1249.08 878.383 1702.1 -0.265126 0.329133 -0.0605309
1350.8 934.298 1695.1 -0.310643 0.328338 -0.0365945
1261.7 845.16 1708.78 -0.267247 0.34116 -0.0594715
1296.87 870.532 1704.98 -0.281637 0.33631 -0.0534614
1354.94 923.229 1697.19 -0.311083 0.331076 -0.0369139
1340.13 873.768 1705.63 -0.299874 0.339993 -0.0457603
1304.59 879.638 1703.53 -0.285587 0.334362 -0.0523778
1312.88 857.53 1707.85 -0.286673 0.341086 -0.0511895
1305.19 848.443 1709.36 -0.283701 0.342738 -0.0529927
1299.91 921.94 1695.67 -0.287427 0.323756 -0.0493831
1348.39 851.676 1710.01 -0.302264 0.346082 -0.0453094
1300.45 890.704 1701.39 -0.284945 0.331539 -0.0522842
1287.3 847.539 1696.42 -0.270402 0.337175 -0.0585205
1301.11 849.415 1697.25 -0.275796 0.337957 -0.0569797
1345.86 865.149 1696.08 -0.295289 0.33897 -0.0484521
1293.58 861.594 1697.42 -0.274712 0.334937 -0.0569779
1319.3 862.281 1696.73 -0.28413 0.337118 -0.0529926
1264.13 853.935 1697.06 -0.262871 0.334554 -0.0614511
1329.79 850.201 1699.73 -0.288347 0.340929 -0.0521152
1336.81 876.297 1696.45 -0.293679 0.336651 -0.048613
1343.03 853.724 1699.08 -0.294062 0.341769 -0.0492314
1298.86 872.698 1695.57 -0.277671 0.3328 -0.0550469
1315.02 846.448 1699.62 -0.282184 0.339978 -0.053985
1281.93 857.644 1698.42 -0.2706 0.335522 -0.0585566
1322.71 853.92 1738.32 -0.311518 0.354347 -0.0427513
1327.72 906.159 1725.93 -0.317122 0.340381 -0.0387928
1340.71 952.242 1718.85 -0.327289 0.332491 -0.0292474
1347.98 925.086 1727.83 -0.331121 0.34041 -0.0311183
1348.14 883.61 1731.38 -0.323824 0.349025 -0.0358507
1294.02 847.393 1736.13 -0.297534 0.351675 -0.048255
1320.08 931.312 1723.91 -0.317751 0.333829 -0.0363848
1303.51 874.844 1736.25 -0.306662 0.346536 -0.0448375
1295.39 904.356 1726.04 -0.303855 0.335937 -0.0453677
1276.4 869.222 1734.9 -0.294298 0.344023 -0.0501143
1294.65 929.581 1719.07 -0.304014 0.329632 -0.0436951
1272.64 895.286 1725.44 -0.29231 0.334775 -0.0510775
1279.56 953.942 1715.51 -0.300488 0.321556 -0.0432992
1318.74 878.538 1733.84 -0.311667 0.346977 -0.0424361
1269.6 918.528 1720.47 -0.293251 0.327974 -0.0495095
1253.29 880.126 1725.81 -0.282429 0.336885 -0.0548498
1345.99 860.793 1732.27 -0.318633 0.353601 -0.0384956
1247.07 859.069 1727.95 -0.277564 0.343107 -0.0552773
1252.33 907.554 1718.88 -0.283066 0.328432 -0.0536729
1264.88 930.848 1708.94 -0.285882 0.322354 -0.0512403
1341.85 899.042 1731.04 -0.324529 0.345367 -0.0356774
1312.37 915.537 1714.43 -0.304761 0.33302 -0.0437316
1320.52 954.368 1735.73 -0.332384 0.331263 -0.0288051
1341.73 852.025 1748.01 -0.325811 0.360164 -0.036051
1308.97 887.958 1720.33 -0.30101 0.339507 -0.046879
1287.34 891.093 1741.69 -0.308562 0.341299 -0.0453003
1308.93 846.512 1748.15 -0.311125 0.356995 -0.0429061
1334.18 937.49 1731.07 -0.330714 0.337439 -0.0303524
1340.75 912.999 1719.06 -0.31869 0.339086 -0.0366513
1304.2 861.189 1729.56 -0.299753 0.346631 -0.0478245
1334 935.527 1713.2 -0.31683 0.332669 -0.0355878
1323.69 893.046 1735.58 -0.318758 0.344951 -0.0394153
1315.98 872.209 1748.03 -0.31983 0.350942 -0.0397708
1283.75 882.741 1716.93 -0.288082 0.336355 -0.0524681
1334.61 867.491 1743.6 -0.323269 0.354227 -0.0371858
1306.64 944.942 1723.68 -0.315005 0.329677 -0.0372885
1328.06 921.742 1740.95 -0.331637 0.341363 -0.0322394
1319.85 950.851 1709.18 -0.310714 0.326788 -0.0363852
1306.46 926.024 1730.69 -0.316449 0.334359 -0.0391907
1289.19 869.788 1748.99 -0.30913 0.349317 -0.0440226
1346.37 942.672 1706 -0.318529 0.330835 -0.0332957
1339.03 884.28 1717.1 -0.309887 0.343467 -0.0415166
1247.97 923.663 1713.84 -0.281307 0.323754 -0.052864
1249.13 952.73 1708.02 -0.283618 0.31617 -0.0499895
1298.85 944.237 1706.49 -0.299203 0.324637 -0.043877
1329.25 920.098 1712.5 -0.31142 0.334104 -0.0398052
1280.8 854.381 1728.65 -0.289214 0.346545 -0.0519481
1352.52 864.884 1749.52 -0.334604 0.358913 -0.031967
1289.91 913.657 1711.07 -0.292762 0.328974 -0.0489281
1310.78 907.576 1737.94 -0.318716 0.340496 -0.03923
1279.38 910.024 1734.89 -0.304445 0.334511 -0.0456065
1259.95 860.517 1742.84 -0.292016 0.347182 -0.0505762
1280.43 858.201 1748.23 -0.302348 0.351103 -0.046217
1265.54 861.421 1720.11 -0.279007 0.340839 -0.0557626
1336.51 887.053 1749.02 -0.332352 0.351833 -0.033603
1295.82 874.331 1717.59 -0.291129 0.339463 -0.0510428
1278.04 934.682 1727.93 -0.304934 0.32773 -0.044156
1256.55 895.15 1731.85 -0.291042 0.334589 -0.0515459
1265.47 884.238 1738.75 -0.296835 0.340039 -0.0495359
1268.21 882.137 1718.17 -0.28313 0.335742 -0.0548432
1306.35 929.724 1709.92 -0.301946 0.328818 -0.0430645
1329.22 866.478 1720.98 -0.305038 0.346572 -0.0452581
1280.12 932.617 1708.85 -0.291259 0.324343 -0.0485454
1307.78 860.328 1747.39 -0.313413 0.353224 -0.0421327
1344.72 869.561 1718.79 -0.310669 0.346542 -0.0421843
1311.59 871.203 1718.41 -0.296838 0.342062 -0.0478014
1343.74 914.953 1744.37 -0.339799 0.345763 -0.0286445
1351.46 892.305 1718.75 -0.318385 0.344272 -0.0379765
1265.37 904.767 1710.28 -0.281267 0.328047 -0.0546223
1286.3 896.558 1712.48 -0.288595 0.332426 -0.0515831
1252.63 848.138 1743.54 -0.287026 0.350466 -0.0513989
1259.77 893.627 1714.52 -0.280336 0.331151 -0.0551056
1303.32 892.946 1736.83 -0.311538 0.342635 -0.0428197
1324.12 854.915 1754.98 -0.323665 0.358737 -0.037063
1353.36 933.71 1741.13 -0.345378 0.343054 -0.0243929
1351.71 892.31 1748.69 -0.340695 0.353058 -0.0292782
1262.72 908.203 1733.56 -0.297067 0.332543 -0.0486092
1343.53 845.576 1724.61 -0.309043 0.353634 -0.0427044
1326.35 895.012 1715.57 -0.306111 0.33922 -0.043425
1326.6 908.194 1744.6 -0.330443 0.343848 -0.0332776
1254.68 922.061 1725.15 -0.291638 0.326726 -0.0499648
1288.77 921.945 1736.55 -0.312315 0.333237 -0.0413107
1261.59 916.287 1707.87 -0.28093 0.32442 -0.0540623
1302.95 905.196 1710.35 -0.295302 0.332387 -0.0482277
1278.76 880.944 1746.94 -0.306627 0.344426 -0.0458673
1298.29 890.319 1711.79 -0.291499 0.334922 -0.0500187
1294.78 882.516 1747.99 -0.31351 0.345753 -0.0428646
1315.8 943.504 1738.15 -0.329534 0.332921 -0.0315794
1287.11 948.34 1729.33 -0.312134 0.326804 -0.0388139
1319.65 935.417 1706.88 -0.305886 0.328401 -0.0404313
1250.27 867.44 1717.25 -0.272866 0.337356 -0.0572685
1294.4 855.03 1754.75 -0.311999 0.355015 -0.0426115
1350.96 849.2 1739 -0.323261 0.35834 -0.0373533
1294.25 905.15 1743.66 -0.315652 0.339012 -0.0410133
1267.79 947.216 1703.09 -0.285709 0.317974 -0.0498701
1349.58 877.945 1751 -0.337975 0.356188 -0.0309852
1345.17 945.666 1740.71 -0.344015 0.339228 -0.0239165
1348.26 939.474 1722.53 -0.330855 0.337124 -0.0294237
1278.79 868.839 1718.26 -0.284084 0.33975 -0.0539133
1274.42 897.215 1742.29 -0.305228 0.33819 -0.0461221
1300.4 919.207 1706.76 -0.295068 0.328787 -0.0474559
1352.88 854.299 1757.69 -0.338298 0.363795 -0.0302046
1322.7 882.246 1715.29 -0.301513 0.340794 -0.0464313
1350.2 912.177 1728.92 -0.329711 0.343379 -0.0317745
1335.69 915.178 1731.4 -0.325855 0.342564 -0.0341664
1325.69 947.112 1722.56 -0.322588 0.33209 -0.0321546
1309.4 850.049 1733.75 -0.302617 0.351398 -0.0459351
1288.14 876.568 1733.56 -0.299355 0.342352 -0.0483312
1315.88 865.336 1733.19 -0.307528 0.349187 -0.044122
1301.4 915.646 1723.01 -0.306657 0.333691 -0.0436088
1328.57 847.092 1720.3 -0.300743 0.349374 -0.0466881
1312.93 903.067 1723.03 -0.307992 0.338064 -0.0436272
1335 926.228 1724.39 -0.32283 0.337623 -0.0344562
1255.75 875.577 1743.1 -0.293416 0.342692 -0.0501292
1270.77 869.152 1747.9 -0.30118 0.346909 -0.0476584
1267.17 944.671 1722.18 -0.298686 0.322979 -0.0453851
1323.71 907.365 1710.93 -0.305177 0.33474 -0.0435172
1284.87 947.566 1702.08 -0.291231 0.320602 -0.0467108
1325.22 881.568 1751 -0.327992 0.350823 -0.0358746
1310.07 883.465 1749.44 -0.320632 0.347869 -0.0389509
1343.21 926.379 1707.99 -0.31472 0.333929 -0.0369045
1251.84 938.529 1702.67 -0.278194 0.31782 -0.053484
1354.49 880.218 1715.87 -0.314731 0.346021 -0.039697
1273.4 893.744 1711.5 -0.28247 0.331476 -0.0542446
1293.55 933.322 1703.3 -0.292635 0.324151 -0.0467259
1309.51 948.166 1702.22 -0.301032 0.323784 -0.0407158
1271.54 921.818 1733.78 -0.30377 0.330229 -0.0455025
1348.57 953.435 1701.45 -0.317716 0.327812 -0.0316739
1319.03 916.844 1728.86 -0.317219 0.338086 -0.0381503
1320.7 930.555 1741.79 -0.330787 0.337663 -0.0313928
1246.4 936.108 1717.13 -0.285584 0.321159 -0.0511018
1338.76 861.85 1756.89 -0.332894 0.359337 -0.0324979
1294.62 937.805 1735.21 -0.317507 0.331004 -0.0383309
1329.82 944.023 1703.65 -0.309931 0.327584 -0.0367856
1300.56 916.248 1742.31 -0.319551 0.337481 -0.0389707
1248.61 862.81 1741.44 -0.287636 0.34598 -0.0518903
1315.2 856.292 1720.45 -0.296548 0.345954 -0.0485445
1335.69 852.838 1732.17 -0.312448 0.353614 -0.0416524
1285.41 896.81 1730.26 -0.300919 0.337288 -0.0470473
1278.78 884.474 1731.45 -0.296532 0.340019 -0.0497356
1277.87 913.595 1707.16 -0.285672 0.32687 -0.0519574
1351.7 871.091 1736.52 -0.326254 0.353898 -0.0355378
1278.48 906.663 1720.19 -0.293786 0.331406 -0.0495395
1338.75 930.141 1743.56 -0.339575 0.342567 -0.0275219
1335.45 878.372 1733.12 -0.318466 0.349328 -0.0393762
1353.01 905.022 1712.71 -0.317702 0.340263 -0.0372002
1317.09 922.176 1705.79 -0.301807 0.329813 -0.0439998
1261.57 871.438 1714.39 -0.275799 0.336453 -0.0568905
1283.73 919.277 1722.71 -0.300083 0.330339 -0.0469629
1260.89 869.827 1730.59 -0.285595 0.341374 -0.0534787
1247.74 912.557 1705.62 -0.273686 0.323618 -0.0566823
1261.47 933.186 1726.05 -0.297043 0.324787 -0.0470769
1313.42 897.562 1709.47 -0.297321 0.334181 -0.047374
1291.32 863.407 1734.51 -0.298658 0.346803 -0.0486334
1325.66 867.766 1755.01 -0.327715 0.355408 -0.0356863
1303.12 871.979 1753.08 -0.317946 0.350532 -0.0396625
1337.9 900.811 1711.3 -0.309227 0.338073 -0.0412067
1294.31 886.881 1727.47 -0.299956 0.339442 -0.0472987
1275.68 951.096 1728.87 -0.3084 0.324337 -0.0414767
1297.29 893.664 1749.35 -0.318444 0.343641 -0.0405405
1270.09 857.969 1736.1 -0.290945 0.34709 -0.0514051
1342.86 857.557 1718.61 -0.3075 0.348294 -0.0435071
1248.63 887.565 1738.03 -0.290303 0.336997 -0.0512389
1289.33 941.736 1716.98 -0.302586 0.325601 -0.0431217
1254.67 946.68 1718.7 -0.291956 0.32021 -0.0475253
1254.25 881.973 1711.3 -0.27356 0.332199 -0.0577766
1334.55 847.668 1759.42 -0.329999 0.362824 -0.0340768
1312.75 898.326 1748.8 -0.325157 0.344429 -0.0366629
1255.33 853.408 1717.1 -0.271846 0.341289 -0.0577488
1340.07 911.579 1707.62 -0.309828 0.334855 -0.0399986
1259.62 854.899 1730.66 -0.28279 0.345489 -0.0539557
1328.82 944.5 1741.77 -0.337773 0.336298 -0.0272191
1312.29 919.709 1744.2 -0.326795 0.339306 -0.0345413
1338.77 899.985 1749.17 -0.337024 0.349657 -0.0304164
1270.88 850.947 1719.1 -0.278536 0.343226 -0.0557843
1247.23 889.606 1722.14 -0.279774 0.333038 -0.0549628
1307.68 935.984 1740.2 -0.326222 0.333856 -0.0347047
1297.37 859.337 1717.87 -0.288359 0.342621 -0.0516134
1266.52 855.055 1750.72 -0.298294 0.351579 -0.0475995
1255.8 925.922 1701.99 -0.276881 0.320528 -0.0549374
1347.83 951.849 1779.19 -0.403221 0.349977 -0.0154205
1341.78 871.796 1790.8 -0.377518 0.364464 -0.0230327
1346.31 933.644 1778.54 -0.391914 0.351073 -0.0195276
1343.31 903.228 1786.43 -0.386861 0.356583 -0.0211173
1325.46 847.98 1793.68 -0.363298 0.366943 -0.0270577
1329.16 884.308 1785.24 -0.370405 0.356676 -0.0263321
1323.3 934.885 1773.85 -0.374917 0.341753 -0.0235908
1315.47 864.967 1782.91 -0.352679 0.358607 -0.0304373
1326.38 914.984 1776.88 -0.371526 0.347419 -0.0255547
1342.84 887.399 1791.47 -0.386518 0.361641 -0.0218684
1347.03 847.079 1781.33 -0.357051 0.370272 -0.0260608
1312.81 944.065 1769.13 -0.367507 0.337375 -0.0255757
1312.88 898.301 1777.11 -0.35809 0.347016 -0.0303238
1299.75 854.598 1781.9 -0.340248 0.35913 -0.0345048
1299.79 876.661 1778.44 -0.345407 0.35089 -0.033781
1313.32 925.226 1773.67 -0.365008 0.342153 -0.0279026
1351.21 889.224 1776.56 -0.370559 0.361277 -0.0222844
1342.88 941.328 1763.73 -0.371038 0.34561 -0.0202309
1333.11 946.707 1788.54 -0.407432 0.346282 -0.017179
1353.64 904.689 1803.69 -0.418935 0.367835 -0.0150821
1290.85 949.018 1760.94 -0.347011 0.329403 -0.0312169
1328.9 898.485 1780.07 -0.369319 0.352166 -0.0253222
1300.12 933.79 1764.95 -0.350554 0.335237 -0.0309247
1325.23 864.912 1797.49 -0.376613 0.361791 -0.0254718
1301.23 908.555 1771.8 -0.350283 0.341468 -0.0329583
1329.85 859.201 1779.08 -0.351043 0.362647 -0.02842
1346.01 940.996 1794.76 -0.420087 0.355533 -0.0158131
1287.71 865.351 1778.8 -0.336333 0.353628 -0.0367789
1299.91 891.584 1775.76 -0.34891 0.346781 -0.0335945
1340.66 917.165 1771.53 -0.371442 0.350683 -0.0238164
1334.85 921.381 1789.47 -0.396029 0.35081 -0.0208573
1275.94 942.762 1757.21 -0.332694 0.327584 -0.0352144
1340.33 879.587 1777.63 -0.362842 0.359468 -0.0259478
1331.72 896.68 1794.91 -0.391306 0.355805 -0.0226612
1310.06 853.695 1796.18 -0.362533 0.36246 -0.0289396
1292.29 921.165 1765.86 -0.343183 0.335332 -0.0342738
1254.73 950.225 1745.04 -0.312664 0.322196 -0.0411781
1286.13 881.289 1775.22 -0.337712 0.347149 -0.0366808
1330 880.538 1799.09 -0.388543 0.359792 -0.023371
1336.19 951.881 1763.1 -0.371506 0.341796 -0.0199262
1263.86 939.786 1750.03 -0.317575 0.325749 -0.040078
1286.77 895.781 1770.62 -0.337934 0.342274 -0.0372154
1346.77 862.288 1779 -0.360134 0.366036 -0.024849
1279.23 853.437 1779.81 -0.328977 0.356368 -0.0379968
1353.55 904.121 1771.96 -0.372388 0.357743 -0.0230758
1309.62 883.104 1786.15 -0.362928 0.351936 -0.0304095
1272.58 867.678 1775.34 -0.327515 0.351426 -0.0396767
1315.95 876.028 1774.51 -0.34662 0.354282 -0.0318752
1326.2 943.012 1763.52 -0.364136 0.339956 -0.023274
1316.2 849.545 1779.96 -0.34222 0.362912 -0.0325078
1351.37 860.902 1794.69 -0.382778 0.372387 -0.0197547
1330.89 934.496 1787.47 -0.398537 0.34625 -0.0199851
1335.11 930.63 1765.3 -0.366354 0.345608 -0.0243534
1316.55 909.668 1766.66 -0.349641 0.343872 -0.0308843
1273.32 892.4 1769.44 -0.330309 0.341578 -0.0396772
1285.19 934.226 1762.76 -0.341254 0.331612 -0.0345539
1277.29 920.692 1762.26 -0.331984 0.331651 -0.0377358
1325.11 921.284 1766.22 -0.357682 0.344493 -0.0274043
1249.96 935.581 1745.45 -0.307165 0.325041 -0.0434911
1318.07 876.564 1793.95 -0.374311 0.356861 -0.027072
1319.98 945.32 1783.61 -0.393182 0.339815 -0.0210047
1344.97 928.79 1797.24 -0.416713 0.357083 -0.0171895
1264.91 857.502 1773.39 -0.318015 0.35529 -0.040612
1328.17 909.488 1789.35 -0.387486 0.349465 -0.0226487
1339.63 951.797 1796.94 -0.426459 0.351377 -0.0146938
1321.78 927.543 1783.9 -0.385985 0.34336 -0.0237386
1267.22 879.065 1770.27 -0.323837 0.346815 -0.0405183
1284.68 908.499 1768.86 -0.339876 0.336938 -0.0370037
1304.5 949.379 1759.82 -0.351784 0.333052 -0.0282869
1270.48 929.758 1756.24 -0.323446 0.329559 -0.0382983
1334.46 849.011 1779.43 -0.349295 0.366215 -0.0287931
1270.56 907.486 1764.42 -0.327882 0.335771 -0.0396278
1337.71 857.834 1793.17 -0.372503 0.367617 -0.0242284
1302.86 867.565 1790.64 -0.358762 0.356112 -0.0313581
1294.13 847.246 1793.01 -0.348898 0.361768 -0.0328587
1296.9 946.449 1772.88 -0.367977 0.331763 -0.0277817
1341.51 913.253 1797.77 -0.408443 0.357187 -0.0176202
1315.11 911.515 1781.83 -0.371612 0.344019 -0.0271844
1252.04 885.212 1763.68 -0.311146 0.343767 -0.0422273
1257.03 867.897 1768.9 -0.313937 0.351297 -0.0428517
1340.38 902.302 1771.74 -0.363734 0.354379 -0.0253682
1305.09 864.377 1774.81 -0.337327 0.355531 -0.0338192
1316.97 934.675 1762.97 -0.355713 0.339497 -0.0273412
1263.28 918.422 1758.54 -0.320278 0.330656 -0.0412565
1260.78 894.379 1765.56 -0.32084 0.33994 -0.0417841
1309.87 885.936 1770.5 -0.342716 0.350642 -0.032623
1252.3 923.874 1751.15 -0.310517 0.328586 -0.0430945
1317.85 951.938 1759.81 -0.358404 0.335787 -0.0240078
1318.82 854.371 1804.88 -0.378878 0.364409 -0.0254642
1354.66 895.775 1789.86 -0.394152 0.365298 -0.0182936
1301.38 922.968 1775.83 -0.36265 0.337245 -0.030514
1350.59 931.497 1764.07 -0.371284 0.348881 -0.0213912
1306.11 954.856 1779.23 -0.386018 0.333589 -0.0232838
1337.76 891.519 1778.11 -0.367725 0.355921 -0.0258887
1350.59 873.804 1775.5 -0.361978 0.364426 -0.0235155
1328.58 871.687 1778.28 -0.355602 0.359044 -0.0283884
1245.66 872.083 1762.58 -0.304403 0.349137 -0.0438292
1340.97 845.684 1796.71 -0.372822 0.372457 -0.0230145
1308.4 936.86 1776.92 -0.374118 0.338347 -0.0267894
1325.98 887.262 1772.23 -0.352046 0.353493 -0.0296612
1245.26 898.551 1757.07 -0.305242 0.335731 -0.0440381
1341.36 896.44 1802.45 -0.407539 0.3622 -0.0191858
1252.88 853.203 1768.3 -0.306039 0.355656 -0.044354
1255.72 907.037 1758.59 -0.314493 0.332897 -0.0420454
1332.72 927.646 1776.94 -0.379297 0.347336 -0.0221572
1307.06 918.442 1764.44 -0.346232 0.34052 -0.0321541
1326.57 905.667 1768.23 -0.354616 0.348866 -0.0279529
1333.98 942.751 1774.99 -0.386005 0.345745 -0.0193671
1320.06 892.955 1790.68 -0.378184 0.351396 -0.0262955
1280.11 952.152 1766.15 -0.35321 0.324043 -0.0322942
1312.13 864.932 1799.48 -0.373351 0.359864 -0.0272567
1298.49 931.025 1798.65 -0.403233 0.328455 -0.0254205
1303.53 944.282 1802.26 -0.418108 0.323605 -0.0226076
1292.14 952.154 1796.85 -0.4107 0.315381 -0.0261344
1286.08 932.22 1791.08 -0.38645 0.32362 -0.0296637
1284.5 944.963 1790.26 -0.393302 0.317775 -0.0294753
1252.61 859.205 1792.46 -0.335194 0.354958 -0.0353775
1274.96 937.281 1785.17 -0.376352 0.317693 -0.0319734
1263.99 856.848 1799.59 -0.347592 0.357113 -0.0307259
1296.58 911.687 1798.99 -0.393441 0.336804 -0.025859
1263.58 943.231 1778.54 -0.365595 0.315333 -0.0358547
1285.66 919.316 1791.67 -0.380148 0.330084 -0.0290606
1263.09 869.857 1795.37 -0.3495 0.352137 -0.0312863
1274.75 867.407 1801.38 -0.360406 0.353742 -0.0291719
1248.69 876.242 1788.35 -0.336536 0.349887 -0.0344204
1269.61 909.4 1788.1 -0.363863 0.334047 -0.0307224
