x y z dx dy dz
1278.57 937.489 1800.49 -0.316093 0.273816 -0.0202689
1278.45 913.058 1802.38 -0.309763 0.291965 -0.0225849
1277.25 949.092 1801.64 -0.319451 0.264916 -0.0203463
1269.3 943.464 1795.71 -0.310074 0.270495 -0.0221309
1268.05 954.943 1797.45 -0.317852 0.263673 -0.0227214
1270.24 931.284 1795.89 -0.304374 0.28015 -0.0222469
1260.02 949.803 1790.96 -0.3054 0.268134 -0.0258853
1252.33 931.123 1786.34 -0.290123 0.280461 -0.0274936
1253.04 919.488 1788.95 -0.287977 0.286493 -0.0270588
1253.77 908.542 1792.24 -0.289863 0.293784 -0.0244015
1254.58 897.715 1795.85 -0.288819 0.300522 -0.0236908
1245.54 890.874 1793.65 -0.280614 0.302542 -0.0284068
1255.27 886.549 1799.5 -0.28725 0.30416 -0.0258319
1246.14 879.489 1797.35 -0.281345 0.308816 -0.0275783
1255.74 875.187 1803.04 -0.286201 0.309831 -0.0252639
1246.8 867.949 1801.01 -0.278981 0.31386 -0.0290209
1247.5 856.469 1804.54 -0.279632 0.31597 -0.0278874
1263.56 904.505 1797.85 -0.296263 0.295984 -0.0235341
1265.28 882.142 1804.97 -0.294766 0.305993 -0.0243469
1262.38 914.611 1794.65 -0.297606 0.295614 -0.0195241
1264.8 893.717 1801.44 -0.296584 0.300688 -0.0245559
1275.13 902.031 1803.46 -0.306155 0.295689 -0.0241617
1279.18 925.389 1800.94 -0.313023 0.288434 -0.0192518
1251.36 943.67 1785.04 -0.291416 0.27503 -0.0264474
1260.92 937.425 1790.57 -0.298379 0.27679 -0.0264372
1261.73 925.535 1792.11 -0.296546 0.28258 -0.0248821
1271.25 919.382 1797.83 -0.305042 0.289033 -0.0236574
1270.88 910.241 1799.57 -0.302277 0.294377 -0.0189954
1279.01 849.672 1795.54 -0.281308 0.316541 -0.0291831
1268.73 846.087 1790.72 -0.271968 0.317311 -0.0320629
1271.67 857.387 1790.19 -0.276083 0.313632 -0.0304688
1261.34 853.871 1785.54 -0.267146 0.314726 -0.0336042
1264.24 865.156 1785.12 -0.271127 0.31097 -0.0324243
1253.88 861.726 1780.63 -0.262137 0.312638 -0.0351512
1251.03 850.382 1780.79 -0.2585 0.315983 -0.0366017
1246.4 869.696 1775.9 -0.258056 0.308867 -0.036107
1282.06 860.904 1794.69 -0.28466 0.31206 -0.0276754
1319.89 894.057 1803.49 -0.314666 0.308228 -0.016313
1323.05 905.217 1801.64 -0.317223 0.304701 -0.0158215
1312.82 901.504 1797.25 -0.308532 0.303802 -0.0188796
1315.82 912.588 1795.73 -0.311085 0.300285 -0.0182455
1305.56 909.255 1791.38 -0.303018 0.300067 -0.0209261
1248.68 944.227 1758.77 -0.260768 0.28109 -0.034188
1258.51 947.715 1764.16 -0.270528 0.280722 -0.0327444
1255.88 936.001 1763.74 -0.266724 0.284255 -0.033614
1265.86 939.42 1768.34 -0.275401 0.284389 -0.0303509
1263.09 927.598 1768.95 -0.272346 0.288227 -0.0323605
1273.37 930.914 1772.93 -0.279789 0.287563 -0.0290688
1269.76 918.952 1774 -0.276941 0.289871 -0.0305628
1302.47 898.022 1793.19 -0.300883 0.303514 -0.0222117
1308.28 920.582 1790.27 -0.30562 0.297425 -0.0209468
1252.13 924.329 1764.83 -0.262834 0.287518 -0.034513
1275.65 942.844 1773.31 -0.28436 0.285425 -0.0270265
1318.02 923.433 1794.84 -0.314081 0.298384 -0.0176829
1295.12 905.926 1787.56 -0.295307 0.298849 -0.0245031
1291.88 894.596 1789.6 -0.293791 0.302141 -0.0246037
1299.19 886.833 1795.29 -0.298484 0.305146 -0.0236647
1283.26 934.295 1777.14 -0.287561 0.289443 -0.0264779
1285.04 946.146 1778.57 -0.293793 0.286132 -0.0233925
1310.61 932.209 1790.4 -0.308812 0.295718 -0.0203264
1277.13 954.374 1775.93 -0.290659 0.282226 -0.0240897
1284.42 902.568 1784.27 -0.288353 0.29849 -0.0279142
1281.1 891.183 1786.32 -0.285974 0.300694 -0.0287998
1273.59 899.185 1781.24 -0.280833 0.296948 -0.0303321
1331.54 946.388 1802.59 -0.329411 0.300632 -0.0112588
1302.89 868.135 1803.33 -0.301123 0.313111 -0.0209338
1270.32 887.77 1783.06 -0.278924 0.301941 -0.0305994
1262.83 895.732 1778.16 -0.27422 0.298178 -0.0315129
1287.67 914.088 1782.35 -0.289681 0.294497 -0.0264026
1294.14 949.452 1784.13 -0.303201 0.285966 -0.0207732
1300.71 929.13 1785.62 -0.300216 0.293809 -0.0229234
1277.78 879.848 1788.05 -0.283434 0.304765 -0.0291174
1299.59 856.957 1804.9 -0.298274 0.316464 -0.0229599
1259.6 884.296 1779.53 -0.270819 0.303741 -0.0328822
1331.16 934.415 1801.15 -0.325354 0.301357 -0.0139812
1266.13 907.248 1776.07 -0.276057 0.293565 -0.0318723
1255.32 903.554 1772.95 -0.266974 0.294952 -0.0332928
1323.83 942.378 1797.89 -0.322433 0.297571 -0.0141183
1258.53 915.198 1770.54 -0.26903 0.291498 -0.0327803
1246.87 911.661 1766.59 -0.260315 0.291421 -0.0352528
1302.91 941.167 1787.04 -0.305254 0.292438 -0.021274
1267.95 951.223 1769.88 -0.280335 0.281025 -0.0282413
1276.99 910.706 1779.11 -0.28267 0.294023 -0.0297707
1288.55 883.326 1791.64 -0.29082 0.304982 -0.026849
1306.28 879.281 1801.37 -0.304232 0.30837 -0.0207316
1309.62 890.399 1799.25 -0.306651 0.306191 -0.019546
1335.27 921.857 1804.51 -0.32723 0.306936 -0.0125381
1326.22 916.686 1800.44 -0.319929 0.303334 -0.0152957
1295.82 875.656 1797.33 -0.295833 0.309061 -0.0240774
1280.34 922.426 1777.47 -0.283823 0.29086 -0.0288492
1298.11 917.387 1786.03 -0.297659 0.295938 -0.0235716
1322.07 952.371 1799.48 -0.324183 0.295945 -0.0127618
1313.87 944.821 1793.23 -0.314961 0.29491 -0.0169183
1289.29 853.282 1800.27 -0.289671 0.316968 -0.0259641
1249.28 880.939 1775.61 -0.26179 0.303979 -0.034412
1292.48 864.476 1799.04 -0.293268 0.312721 -0.0248757
1285.24 872.099 1793.39 -0.287721 0.307838 -0.0274031
1245.62 933.034 1759.14 -0.257758 0.284686 -0.0349382
1274.71 868.606 1789.37 -0.2801 0.308475 -0.029906
1267.2 876.433 1784.35 -0.275669 0.307653 -0.0314327
1290.61 925.811 1781.29 -0.292131 0.292195 -0.0258532
1292.91 937.74 1781.76 -0.296313 0.289813 -0.0233378
1256.72 873.044 1780.31 -0.266895 0.308149 -0.0342758
1252.39 892.063 1774.8 -0.265939 0.300915 -0.0332021
1303.37 953.258 1790.24 -0.311796 0.289214 -0.0170771
1326.07 925.806 1798.87 -0.319757 0.300801 -0.0151317
1245.71 898.893 1770.09 -0.259806 0.296923 -0.0349088
1320.01 933.461 1795.23 -0.316627 0.297455 -0.0172812
1342.3 847.115 1769.82 -0.281179 0.321055 -0.0240283
1334.49 854.317 1768.14 -0.278315 0.317857 -0.0253143
1345.38 858.312 1767.72 -0.283438 0.318783 -0.0231195
1336.77 865.823 1765.99 -0.279749 0.314941 -0.0250063
1347.85 869.634 1765.62 -0.285143 0.316424 -0.0224433
1338.86 877.239 1763.88 -0.282055 0.312474 -0.024636
1350.07 881.031 1763.54 -0.287256 0.313658 -0.021745
1341.59 888.747 1761.83 -0.284206 0.310238 -0.0228941
1352.59 892.524 1761.51 -0.289917 0.310929 -0.020541
1344.11 900.458 1759.78 -0.28628 0.307949 -0.021418
1345.83 911.917 1757.81 -0.287096 0.305248 -0.020864
1333.45 906.839 1758.24 -0.28141 0.304834 -0.0235275
1336.65 919.619 1756.1 -0.284579 0.30283 -0.0223696
1325.55 915.991 1756.19 -0.279131 0.30056 -0.0247264
1327.83 927.621 1754.23 -0.281253 0.298889 -0.0238191
1316.43 923.854 1754.02 -0.275005 0.298038 -0.025432
1318.82 935.405 1752.09 -0.277103 0.29645 -0.0237961
1307.81 931.481 1751.45 -0.271373 0.294078 -0.0266756
1309.87 942.97 1749.54 -0.273242 0.291984 -0.0252357
1298.88 938.898 1748.24 -0.266255 0.291865 -0.0292949
1300.87 950.336 1746.5 -0.268358 0.289611 -0.0276347
1289.99 945.964 1744.43 -0.262014 0.288147 -0.0296844
1321.01 947.044 1750.24 -0.278944 0.294021 -0.0222854
1314.6 912.487 1756.08 -0.273307 0.300089 -0.0271859
1287.22 933.457 1746.54 -0.260635 0.29072 -0.032026
1281.35 953.895 1740.24 -0.258278 0.284627 -0.0317767
1325.63 861.751 1766.35 -0.274524 0.315198 -0.0268105
1250.03 858.891 1755.13 -0.240659 0.309638 -0.0429864
1245.27 869.083 1751.22 -0.238877 0.306118 -0.0439865
1254.96 848.721 1759 -0.242618 0.313304 -0.0420753
1256.39 869.416 1755.71 -0.245212 0.307012 -0.0412606
1251.71 879.665 1752.07 -0.243644 0.302178 -0.0419918
1263.06 880.114 1755.84 -0.249825 0.30298 -0.0397666
1258.58 890.478 1752.15 -0.247759 0.299235 -0.0406792
1267.91 869.566 1759.02 -0.250509 0.307513 -0.039453
1274.67 880.201 1758.49 -0.254711 0.304943 -0.0379589
1279.65 869.42 1761.3 -0.255672 0.308564 -0.0367456
1286.44 879.832 1760.28 -0.259402 0.305597 -0.0348382
1281.5 890.908 1757.35 -0.258361 0.302136 -0.03536
1245.11 923.117 1734.28 -0.23731 0.288655 -0.04315
1329.18 885.439 1761.99 -0.277671 0.30931 -0.0256159
1247.03 941.564 1728.35 -0.237468 0.283216 -0.0418718
1291.45 868.955 1762.82 -0.261305 0.309463 -0.0335798
1284.72 858.799 1763.92 -0.257402 0.311825 -0.0353886
1298.25 879.073 1761.51 -0.264253 0.307429 -0.0321643
1339.11 931.574 1754.14 -0.285923 0.300321 -0.0209129
1296.48 858.33 1765.25 -0.262161 0.312604 -0.0326852
1289.91 848.372 1766.55 -0.258558 0.316074 -0.0345468
1278.08 848.66 1764.88 -0.253303 0.314423 -0.0370389
1352.71 947.339 1751.96 -0.293047 0.298695 -0.0169477
1249.44 906.589 1743.33 -0.241417 0.293862 -0.0425202
1313.19 847.948 1768.46 -0.268999 0.317706 -0.0303966
1253.34 952.136 1729.01 -0.241263 0.281353 -0.0387907
1257.93 941.898 1733.21 -0.243447 0.284858 -0.0388148
1264.3 952.176 1733.82 -0.247554 0.282689 -0.0362706
1268.46 942.024 1737.64 -0.250274 0.286583 -0.0362939
1262.68 932.159 1738.41 -0.246904 0.287483 -0.0389175
1274.04 932.456 1742.63 -0.253308 0.288666 -0.0360807
1267.17 922.539 1743.74 -0.250713 0.29108 -0.0375233
1279.09 922.402 1747.55 -0.256086 0.292517 -0.0347802
1271.76 912.284 1749.05 -0.253211 0.294124 -0.0372335
1283.8 912.02 1752.02 -0.25838 0.295707 -0.0340104
1276.69 901.736 1753.72 -0.255371 0.297374 -0.0361573
1288.49 901.212 1755.84 -0.261429 0.299524 -0.034211
1295.6 911.346 1754.23 -0.264712 0.297343 -0.0315194
1300.36 900.652 1757.3 -0.266971 0.300651 -0.0312108
1265.38 902.246 1750.79 -0.251109 0.29658 -0.0391621
1293.35 890.223 1758.9 -0.263225 0.303248 -0.0333681
1305.27 889.402 1760.01 -0.268139 0.304857 -0.0303927
1309.79 877.709 1762.53 -0.269129 0.309249 -0.0294764
1312.81 900.669 1758.29 -0.272192 0.302895 -0.0285006
1291.21 921.441 1750.8 -0.261862 0.294078 -0.0317151
1317.12 887.971 1760.98 -0.27338 0.306944 -0.0278344
1324.94 897.254 1759.61 -0.277214 0.305415 -0.025795
1256.15 922.891 1739.36 -0.244109 0.289153 -0.0405846
1332.28 951.095 1750.44 -0.284265 0.294739 -0.0193415
1311.94 954.56 1747.84 -0.275267 0.289519 -0.0235115
1330.11 939.368 1752.32 -0.282819 0.29649 -0.0216335
1304.11 920.048 1753.36 -0.268809 0.296964 -0.0292593
1258.92 911.699 1745.13 -0.246619 0.292366 -0.040349
1261.33 859.066 1759.08 -0.246089 0.311202 -0.0402398
1266.4 848.772 1762.43 -0.247923 0.314046 -0.038995
1272.95 859.051 1761.95 -0.252349 0.311208 -0.0379635
1348.15 923.732 1755.83 -0.29022 0.303114 -0.0193896
1327.64 872.704 1764.33 -0.276929 0.312921 -0.0261073
1350.46 935.572 1753.88 -0.291323 0.300852 -0.0180877
1251.68 932.013 1733.72 -0.240668 0.286419 -0.0414575
1269.88 891.059 1755.16 -0.253258 0.300372 -0.0379011
1341.39 943.375 1752.21 -0.287827 0.297903 -0.0190131
1301.75 847.927 1767.71 -0.264085 0.316129 -0.0320469
1303.25 868.208 1763.91 -0.265607 0.311383 -0.0312395
1315.72 867.43 1764.81 -0.270884 0.313029 -0.0286623
1247.36 889.487 1747.96 -0.240788 0.298434 -0.0428914
1278.99 943.014 1741.43 -0.256452 0.287481 -0.033293
1324.21 850.188 1768.56 -0.273334 0.318346 -0.0279208
1254.99 899.798 1748.14 -0.245499 0.295855 -0.0416588
1307.84 857.722 1766.21 -0.267015 0.314521 -0.0306146
1334.7 895.804 1760.29 -0.281609 0.307912 -0.0241425
1322.43 906.812 1757.7 -0.276798 0.302253 -0.0259691
1319.43 878.348 1762.91 -0.273494 0.310206 -0.0282235
1317.33 856.993 1766.9 -0.270962 0.315839 -0.0287114
1248.64 914.865 1739.51 -0.240153 0.291234 -0.0424077
1297.9 929.131 1750.22 -0.265738 0.293998 -0.0296484
1305.1 909.991 1755.71 -0.268928 0.300168 -0.0292447
1352.17 850.273 1769.51 -0.285484 0.32225 -0.0222668
1272.75 950.877 1737.47 -0.25307 0.285025 -0.0342099
1245.04 889.476 1699.91 -0.214194 0.286222 -0.0543554
1252.91 898.565 1698.48 -0.216843 0.284264 -0.053702
1245.24 858.145 1705.81 -0.212741 0.294995 -0.0551416
1248.84 909.634 1696.29 -0.215359 0.281823 -0.0535732
1260.72 907.658 1697.05 -0.219678 0.282946 -0.0519829
1268.49 916.754 1695.62 -0.22282 0.281874 -0.0502842
1272.59 905.691 1697.79 -0.22393 0.284101 -0.050892
1280.34 914.793 1696.36 -0.226814 0.28248 -0.0493615
1284.46 903.729 1698.53 -0.227841 0.285058 -0.0491202
1292.2 912.834 1697.1 -0.231801 0.283566 -0.0471828
1296.32 901.77 1699.25 -0.232586 0.286843 -0.0482204
1304.04 910.876 1697.82 -0.236006 0.285665 -0.0455509
1308.17 899.811 1699.96 -0.237627 0.288221 -0.0461166
1315.88 908.919 1698.54 -0.241298 0.285952 -0.0447626
1320.02 897.853 1700.67 -0.24241 0.288609 -0.0443491
1311.75 919.984 1696.41 -0.240371 0.283717 -0.0439777
1323.58 918.027 1697.13 -0.244706 0.285052 -0.0424392
1249.59 847.056 1708.08 -0.213957 0.298627 -0.0549634
1319.45 929.093 1695 -0.243776 0.282405 -0.0417595
1331.28 927.138 1695.74 -0.248378 0.283836 -0.0404027
1343.11 925.183 1696.47 -0.253842 0.285976 -0.0374225
1312.31 888.745 1702.09 -0.238605 0.290578 -0.0462703
1324.15 886.786 1702.79 -0.243549 0.291346 -0.0442582
1316.45 877.681 1704.23 -0.239498 0.292752 -0.0463821
1328.29 875.724 1704.93 -0.243924 0.294822 -0.0446959
1320.59 866.624 1706.38 -0.240124 0.296011 -0.04527
1332.43 864.67 1707.08 -0.245342 0.297475 -0.0441979
1324.73 855.579 1708.56 -0.242303 0.298941 -0.0454174
1336.56 853.627 1709.28 -0.247734 0.29995 -0.0439032
1344.26 862.716 1707.8 -0.251229 0.298903 -0.0422557
1308.74 868.579 1705.68 -0.23572 0.294152 -0.0472905
1317.03 846.497 1710.07 -0.238791 0.300345 -0.0462952
1276.7 894.623 1699.96 -0.224816 0.287511 -0.0507109
1257.42 856.202 1706.53 -0.216592 0.296099 -0.0544502
1335.99 884.828 1703.49 -0.24885 0.29316 -0.0425497
1256.98 887.487 1700.66 -0.218089 0.287502 -0.0540029
1293.34 850.387 1708.66 -0.228917 0.299054 -0.0495242
1281.43 852.329 1707.95 -0.224522 0.297997 -0.0515605
1289.15 861.429 1706.45 -0.227753 0.29634 -0.0503771
1277.22 863.378 1705.74 -0.223495 0.295302 -0.0520206
1284.98 872.486 1704.27 -0.226671 0.293083 -0.0506891
1273.05 874.442 1703.56 -0.222656 0.291928 -0.0521958
1301.03 859.48 1707.15 -0.232014 0.296859 -0.0488433
1280.83 883.553 1702.11 -0.225639 0.289984 -0.0509352
1292.72 881.595 1702.83 -0.230258 0.291295 -0.0489286
1288.58 892.662 1700.68 -0.22904 0.288814 -0.0492306
1268.91 885.516 1701.39 -0.221796 0.28895 -0.0519674
1264.8 896.59 1699.22 -0.22106 0.28578 -0.0520737
1261.08 876.405 1702.84 -0.218719 0.290298 -0.053887
1253.2 867.286 1704.31 -0.215684 0.293049 -0.0545702
1335.42 916.071 1697.85 -0.250175 0.286306 -0.0398938
1347.25 914.115 1698.57 -0.255141 0.288003 -0.0383843
1339.55 905.003 1699.96 -0.25114 0.28936 -0.0400693
1351.38 903.047 1700.68 -0.256287 0.290058 -0.0392984
1343.69 893.936 1702.08 -0.252526 0.29138 -0.0405724
1347.82 882.871 1704.2 -0.253761 0.294238 -0.0409601
1331.85 895.894 1701.37 -0.247082 0.290585 -0.0421867
1327.72 906.961 1699.25 -0.246393 0.287835 -0.042684
1351.96 871.812 1706.35 -0.25485 0.297742 -0.0407242
1269.46 854.269 1707.25 -0.22061 0.297701 -0.0526139
1265.24 865.328 1705.03 -0.219609 0.294072 -0.0534021
1249.08 878.383 1702.1 -0.215024 0.289071 -0.0552009
1350.8 934.298 1695.1 -0.25812 0.283749 -0.0357529
1261.7 845.16 1708.78 -0.218299 0.300202 -0.0542069
1296.87 870.532 1704.98 -0.231233 0.294104 -0.0486212
1354.94 923.229 1697.19 -0.259127 0.286264 -0.0359191
1340.13 873.768 1705.63 -0.249676 0.295742 -0.0423782
1304.59 879.638 1703.53 -0.234854 0.291945 -0.0478479
1312.88 857.53 1707.85 -0.236778 0.298082 -0.0466023
1305.19 848.443 1709.36 -0.234253 0.29994 -0.0481543
1299.91 921.94 1695.67 -0.235206 0.28182 -0.0455023
1348.39 851.676 1710.01 -0.252829 0.301069 -0.0418251
1300.45 890.704 1701.39 -0.233791 0.289374 -0.0477555
1287.3 847.539 1696.42 -0.222008 0.295336 -0.0534572
1301.11 849.415 1697.25 -0.227139 0.29545 -0.0521978
1345.86 865.149 1696.08 -0.246123 0.294224 -0.0453705
1293.58 861.594 1697.42 -0.225446 0.292878 -0.0520969
1319.3 862.281 1696.73 -0.234862 0.293978 -0.0489489
1264.13 853.935 1697.06 -0.214386 0.293766 -0.0561017
1329.79 850.201 1699.73 -0.239726 0.297027 -0.0481135
1336.81 876.297 1696.45 -0.244099 0.292619 -0.0454312
1343.03 853.724 1699.08 -0.24534 0.297153 -0.0458615
1298.86 872.698 1695.57 -0.22801 0.290668 -0.0504212
1315.02 846.448 1699.62 -0.233517 0.296827 -0.0495085
1281.93 857.644 1698.42 -0.221555 0.293946 -0.0534808
1322.71 853.92 1738.32 -0.257752 0.310436 -0.0375938
1327.72 906.159 1725.93 -0.261816 0.296695 -0.0348575
1340.71 952.242 1718.85 -0.270264 0.288395 -0.0276523
1347.98 925.086 1727.83 -0.274945 0.295782 -0.0285385
1348.14 883.61 1731.38 -0.269797 0.303986 -0.0321642
1294.02 847.393 1736.13 -0.244532 0.309109 -0.0428277
1320.08 931.312 1723.91 -0.260846 0.290713 -0.0328026
1303.51 874.844 1736.25 -0.251736 0.303867 -0.0393164
1295.39 904.356 1726.04 -0.248394 0.293961 -0.0402418
1276.4 869.222 1734.9 -0.240304 0.302506 -0.0445048
1294.65 929.581 1719.07 -0.247921 0.287828 -0.0391149
1272.64 895.286 1725.44 -0.237686 0.293841 -0.0455389
1279.56 953.942 1715.51 -0.243227 0.280705 -0.0388027
1318.74 878.538 1733.84 -0.257002 0.303506 -0.0373866
1269.6 918.528 1720.47 -0.237689 0.287553 -0.0441741
1253.29 880.126 1725.81 -0.229369 0.296448 -0.0493805
1345.99 860.793 1732.27 -0.265736 0.308452 -0.0345746
1247.07 859.069 1727.95 -0.225946 0.302421 -0.0500933
1252.33 907.554 1718.88 -0.228867 0.288565 -0.0483545
1264.88 930.848 1708.94 -0.231173 0.282199 -0.0461971
1341.85 899.042 1731.04 -0.269226 0.300785 -0.0317234
1312.37 915.537 1714.43 -0.250374 0.290255 -0.0396313
1320.52 954.368 1735.73 -0.271579 0.288605 -0.0256813
1341.73 852.025 1748.01 -0.270933 0.315237 -0.0313537
1308.97 887.958 1720.33 -0.247589 0.296758 -0.0421092
1287.34 891.093 1741.69 -0.251754 0.299531 -0.0395172
1308.93 846.512 1748.15 -0.256428 0.313604 -0.0374962
1334.18 937.49 1731.07 -0.272383 0.293947 -0.0272727
1340.75 912.999 1719.06 -0.264501 0.294748 -0.0336492
1304.2 861.189 1729.56 -0.246726 0.303829 -0.0425079
1334 935.527 1713.2 -0.261699 0.288835 -0.0332167
1323.69 893.046 1735.58 -0.26274 0.301385 -0.0345452
1315.98 872.209 1748.03 -0.263261 0.307638 -0.0342433
1283.75 882.741 1716.93 -0.235334 0.294828 -0.0471513
1334.61 867.491 1743.6 -0.26807 0.310066 -0.0324886
1306.64 944.942 1723.68 -0.257127 0.287289 -0.0336036
1328.06 921.742 1740.95 -0.272532 0.297986 -0.0280542
1319.85 950.851 1709.18 -0.254865 0.283812 -0.0339817
1306.46 926.024 1730.69 -0.258637 0.291967 -0.0345613
1289.19 869.788 1748.99 -0.252873 0.30716 -0.0384951
1346.37 942.672 1706 -0.264097 0.28642 -0.0321197
1339.03 884.28 1717.1 -0.257496 0.299132 -0.0379052
1247.97 923.663 1713.84 -0.226585 0.284167 -0.0475706
1249.13 952.73 1708.02 -0.227883 0.276811 -0.0449527
1298.85 944.237 1706.49 -0.243982 0.28267 -0.0402626
1329.25 920.098 1712.5 -0.257355 0.290542 -0.0366626
1280.8 854.381 1728.65 -0.236951 0.304668 -0.0465024
1352.52 864.884 1749.52 -0.278756 0.31343 -0.0276719
1289.91 913.657 1711.07 -0.238919 0.287363 -0.0441255
1310.78 907.576 1737.94 -0.261202 0.297695 -0.0340794
1279.38 910.024 1734.89 -0.247335 0.293423 -0.0399919
1259.95 860.517 1742.84 -0.238066 0.305885 -0.0454514
1280.43 858.201 1748.23 -0.247167 0.309086 -0.0407866
1265.54 861.421 1720.11 -0.227565 0.299741 -0.0503399
1336.51 887.053 1749.02 -0.27445 0.307805 -0.0287294
1295.82 874.331 1717.59 -0.238861 0.297299 -0.0459184
1278.04 934.682 1727.93 -0.246934 0.286979 -0.0389254
1256.55 895.15 1731.85 -0.235866 0.294238 -0.0461339
1265.47 884.238 1738.75 -0.241331 0.29911 -0.0440027
1268.21 882.137 1718.17 -0.230439 0.294843 -0.0494033
1306.35 929.724 1709.92 -0.247262 0.286323 -0.0392435
1329.22 866.478 1720.98 -0.253084 0.302544 -0.0408856
1280.12 932.617 1708.85 -0.236491 0.283373 -0.0438469
1307.78 860.328 1747.39 -0.257748 0.31009 -0.0366375
1344.72 869.561 1718.79 -0.259175 0.301751 -0.0384749
1311.59 871.203 1718.41 -0.244796 0.299072 -0.0430119
1343.74 914.953 1744.37 -0.280614 0.30137 -0.0248405
1351.46 892.305 1718.75 -0.265719 0.299158 -0.0350698
1265.37 904.767 1710.28 -0.228112 0.287558 -0.0493379
1286.3 896.558 1712.48 -0.235595 0.290926 -0.0465233
1252.63 848.138 1743.54 -0.234226 0.309205 -0.0465067
1259.77 893.627 1714.52 -0.227498 0.290759 -0.0496545
1303.32 892.946 1736.83 -0.255212 0.300241 -0.0373974
1324.12 854.915 1754.98 -0.267148 0.314551 -0.0317454
1353.36 933.71 1741.13 -0.28602 0.298412 -0.0217676
1351.71 892.31 1748.69 -0.282721 0.308077 -0.0250164
1262.72 908.203 1733.56 -0.240582 0.292259 -0.0431121
1343.53 845.576 1724.61 -0.258223 0.30856 -0.038816
1326.35 895.012 1715.57 -0.253114 0.295622 -0.0393954
1326.6 908.194 1744.6 -0.271661 0.300407 -0.0285962
1254.68 922.061 1725.15 -0.235249 0.28697 -0.0446366
1288.77 921.945 1736.55 -0.253913 0.291793 -0.0359759
1261.59 916.287 1707.87 -0.227333 0.284242 -0.0488104
1302.95 905.196 1710.35 -0.242099 0.290095 -0.0437524
1278.76 880.944 1746.94 -0.249991 0.302899 -0.0401232
1298.29 890.319 1711.79 -0.238982 0.292791 -0.0451868
1294.78 882.516 1747.99 -0.256349 0.303558 -0.0372085
1315.8 943.504 1738.15 -0.269073 0.290286 -0.0277876
1287.11 948.34 1729.33 -0.252908 0.285539 -0.034139
1319.65 935.417 1706.88 -0.251341 0.285374 -0.0375387
1250.27 867.44 1717.25 -0.221801 0.296967 -0.0518754
1294.4 855.03 1754.75 -0.255919 0.312249 -0.0369281
1350.96 849.2 1739 -0.27028 0.31285 -0.0330223
1294.25 905.15 1743.66 -0.257389 0.297156 -0.0353763
1267.79 947.216 1703.09 -0.230801 0.27765 -0.0452152
1349.58 877.945 1751 -0.280555 0.311162 -0.0266183
1345.17 945.666 1740.71 -0.283482 0.29535 -0.0213452
1348.26 939.474 1722.53 -0.274385 0.292532 -0.0275629
1278.79 868.839 1718.26 -0.232126 0.298263 -0.0484743
1274.42 897.215 1742.29 -0.248122 0.297234 -0.040361
1300.4 919.207 1706.76 -0.241526 0.286592 -0.0432341
1352.88 854.299 1757.69 -0.281699 0.318003 -0.0255718
1322.7 882.246 1715.29 -0.249325 0.297355 -0.0420669
1350.2 912.177 1728.92 -0.274286 0.298409 -0.0288749
1335.69 915.178 1731.4 -0.269328 0.298508 -0.0303052
1325.69 947.112 1722.56 -0.264925 0.28885 -0.0295406
1309.4 850.049 1733.75 -0.249834 0.308134 -0.0407717
1288.14 876.568 1733.56 -0.244761 0.300501 -0.042644
1315.88 865.336 1733.19 -0.253797 0.305681 -0.0390398
1301.4 915.646 1723.01 -0.250895 0.291456 -0.0388506
1328.57 847.092 1720.3 -0.249986 0.305201 -0.0421365
1312.93 903.067 1723.03 -0.253191 0.29518 -0.0390825
1335 926.228 1724.39 -0.266753 0.293746 -0.0312287
1255.75 875.577 1743.1 -0.238498 0.301783 -0.0449324
1270.77 869.152 1747.9 -0.245453 0.305425 -0.0421953
1267.17 944.671 1722.18 -0.241089 0.282863 -0.0402135
1323.71 907.365 1710.93 -0.251891 0.291439 -0.0399313
1284.87 947.566 1702.08 -0.236472 0.279434 -0.0427248
1325.22 881.568 1751 -0.26997 0.307261 -0.0307621
1310.07 883.465 1749.44 -0.262985 0.305086 -0.0334083
1343.21 926.379 1707.99 -0.261184 0.28952 -0.0348616
1251.84 938.529 1702.67 -0.224132 0.278209 -0.0484129
1354.49 880.218 1715.87 -0.263274 0.300542 -0.0368885
1273.4 893.744 1711.5 -0.229777 0.290534 -0.0489956
1293.55 933.322 1703.3 -0.238633 0.282428 -0.042644
1309.51 948.166 1702.22 -0.246273 0.281344 -0.0379401
1271.54 921.818 1733.78 -0.245843 0.289774 -0.0399489
1348.57 953.435 1701.45 -0.263209 0.283305 -0.0313626
1319.03 916.844 1728.86 -0.260695 0.294887 -0.0338157
1320.7 930.555 1741.79 -0.270631 0.294732 -0.0272078
1246.4 936.108 1717.13 -0.229586 0.281854 -0.0458286
1338.76 861.85 1756.89 -0.275663 0.314473 -0.0275253
1294.62 937.805 1735.21 -0.258074 0.28941 -0.0335269
1329.82 944.023 1703.65 -0.255362 0.284137 -0.0348706
1300.56 916.248 1742.31 -0.260464 0.295447 -0.0337494
1248.61 862.81 1741.44 -0.234142 0.305027 -0.0468681
1315.2 856.292 1720.45 -0.245247 0.302632 -0.0438392
1335.69 852.838 1732.17 -0.259874 0.309031 -0.0371964
1285.41 896.81 1730.26 -0.245425 0.295712 -0.0415143
1278.78 884.474 1731.45 -0.241731 0.298659 -0.0440492
1277.87 913.595 1707.16 -0.232293 0.285928 -0.0469906
1351.7 871.091 1736.52 -0.27236 0.308557 -0.0316073
1278.48 906.663 1720.19 -0.23902 0.290342 -0.044262
1338.75 930.141 1743.56 -0.279573 0.298599 -0.0240318
1335.45 878.372 1733.12 -0.264004 0.304975 -0.0348757
1353.01 905.022 1712.71 -0.265021 0.295145 -0.0349488
1317.09 922.176 1705.79 -0.24825 0.286914 -0.0405618
1261.57 871.438 1714.39 -0.224522 0.295681 -0.0515129
1283.73 919.277 1722.71 -0.244039 0.289058 -0.0418032
1260.89 869.827 1730.59 -0.232432 0.30042 -0.0479484
1247.74 912.557 1705.62 -0.221112 0.283926 -0.0513089
1261.47 933.186 1726.05 -0.239654 0.28488 -0.0416926
1313.42 897.562 1709.47 -0.244805 0.291352 -0.0432001
1291.32 863.407 1734.51 -0.244826 0.304602 -0.0430635
1325.66 867.766 1755.01 -0.27024 0.311645 -0.0302972
1303.12 871.979 1753.08 -0.260645 0.307749 -0.0341356
1337.9 900.811 1711.3 -0.256783 0.293934 -0.0380779
1294.31 886.881 1727.47 -0.245497 0.297381 -0.0419435
1275.68 951.096 1728.87 -0.248977 0.283808 -0.0363532
1297.29 893.664 1749.35 -0.260036 0.301456 -0.0349279
1270.09 857.969 1736.1 -0.237685 0.305601 -0.045907
1342.86 857.557 1718.61 -0.256554 0.303506 -0.0397001
1248.63 887.565 1738.03 -0.235251 0.296696 -0.0462305
1289.33 941.736 1716.98 -0.245951 0.284089 -0.0386991
1254.67 946.68 1718.7 -0.234806 0.280684 -0.0423166
1254.25 881.973 1711.3 -0.222065 0.291852 -0.0524655
1334.55 847.668 1759.42 -0.273296 0.317892 -0.0289076
1312.75 898.326 1748.8 -0.266132 0.301527 -0.0312361
1255.33 853.408 1717.1 -0.221624 0.300524 -0.0523823
1340.07 911.579 1707.62 -0.257207 0.290756 -0.0373539
1259.62 854.899 1730.66 -0.230666 0.304401 -0.0487652
1328.82 944.5 1741.77 -0.276791 0.293231 -0.0239537
1312.29 919.709 1744.2 -0.267016 0.296745 -0.0296362
1338.77 899.985 1749.17 -0.278108 0.305655 -0.0259228
1270.88 850.947 1719.1 -0.227768 0.301803 -0.0504325
1247.23 889.606 1722.14 -0.226701 0.293055 -0.0496942
1307.68 935.984 1740.2 -0.265911 0.291516 -0.030282
1297.37 859.337 1717.87 -0.236983 0.300195 -0.0463768
1266.52 855.055 1750.72 -0.243603 0.309754 -0.0425194
1255.8 925.922 1701.99 -0.223595 0.280641 -0.0497694
1347.83 951.849 1779.19 -0.31542 0.305167 -0.0108522
1341.78 871.796 1790.8 -0.30301 0.318967 -0.0162948
1346.31 933.644 1778.54 -0.309703 0.306179 -0.0137336
1343.31 903.228 1786.43 -0.308145 0.311554 -0.0144869
1325.46 847.98 1793.68 -0.293612 0.322615 -0.0208683
1329.16 884.308 1785.24 -0.297884 0.312918 -0.0199367
1323.3 934.885 1773.85 -0.297713 0.299184 -0.0184463
1315.47 864.967 1782.91 -0.285928 0.314964 -0.0240921
1326.38 914.984 1776.88 -0.297222 0.304466 -0.0196429
1342.84 887.399 1791.47 -0.308472 0.316188 -0.015198
1347.03 847.079 1781.33 -0.292299 0.324309 -0.0200945
1312.81 944.065 1769.13 -0.292447 0.295609 -0.0204778
1312.88 898.301 1777.11 -0.288218 0.304348 -0.0237649
1299.75 854.598 1781.9 -0.276382 0.315708 -0.0285116
1299.79 876.661 1778.44 -0.2792 0.308287 -0.0275324
1313.32 925.226 1773.67 -0.291617 0.300325 -0.0222026
1351.21 889.224 1776.56 -0.300281 0.315443 -0.0166801
1342.88 941.328 1763.73 -0.298433 0.301701 -0.0158932
1333.11 946.707 1788.54 -0.316187 0.301594 -0.0124996
1353.64 904.689 1803.69 -0.326411 0.319516 -0.00833499
1290.85 949.018 1760.94 -0.277886 0.289044 -0.0255657
1328.9 898.485 1780.07 -0.296641 0.308657 -0.0191131
1300.12 933.79 1764.95 -0.281037 0.294008 -0.0252204
1325.23 864.912 1797.49 -0.301785 0.317657 -0.0189517
1301.23 908.555 1771.8 -0.282203 0.300074 -0.0267273
1329.85 859.201 1779.08 -0.286365 0.318079 -0.0221768
1346.01 940.996 1794.76 -0.324313 0.3078 -0.0102544
1287.71 865.351 1778.8 -0.272648 0.310875 -0.0308354
1299.91 891.584 1775.76 -0.281541 0.304924 -0.0272374
1340.66 917.165 1771.53 -0.298695 0.306398 -0.0181175
1334.85 921.381 1789.47 -0.311704 0.306365 -0.0151422
1275.94 942.762 1757.21 -0.267026 0.28792 -0.0294109
1340.33 879.587 1777.63 -0.294504 0.314903 -0.0198767
1331.72 896.68 1794.91 -0.309905 0.310859 -0.0156418
1310.06 853.695 1796.18 -0.292506 0.318591 -0.0230697
1292.29 921.165 1765.86 -0.276273 0.294414 -0.0285875
1254.73 950.225 1745.04 -0.250702 0.283361 -0.0353883
1286.13 881.289 1775.22 -0.273175 0.305256 -0.0307254
1330 880.538 1799.09 -0.30856 0.314854 -0.0163618
1336.19 951.881 1763.1 -0.297481 0.298179 -0.0159275
1263.86 939.786 1750.03 -0.255436 0.286418 -0.0341796
1286.77 895.781 1770.62 -0.273311 0.300841 -0.0309407
1346.77 862.288 1779 -0.293766 0.320129 -0.0185841
1279.23 853.437 1779.81 -0.267563 0.313649 -0.0328327
1353.55 904.121 1771.96 -0.301768 0.31227 -0.0174088
1309.62 883.104 1786.15 -0.291921 0.309008 -0.0235917
1272.58 867.678 1775.34 -0.265952 0.309361 -0.0342203
1315.95 876.028 1774.51 -0.281808 0.311064 -0.0256094
1326.2 943.012 1763.52 -0.291875 0.297099 -0.0186505
1316.2 849.545 1779.96 -0.279127 0.318758 -0.0264075
1351.37 860.902 1794.69 -0.307172 0.325563 -0.0136997
1330.89 934.496 1787.47 -0.312001 0.302611 -0.0147237
1335.11 930.63 1765.3 -0.294878 0.301711 -0.0192248
1316.55 909.668 1766.66 -0.282876 0.301823 -0.0249597
1273.32 892.4 1769.44 -0.267515 0.30053 -0.0338362
1285.19 934.226 1762.76 -0.274009 0.291623 -0.028537
1277.29 920.692 1762.26 -0.267442 0.291761 -0.0318538
1325.11 921.284 1766.22 -0.288261 0.30158 -0.0218133
1249.96 935.581 1745.45 -0.246826 0.286145 -0.0380364
1318.07 876.564 1793.95 -0.29977 0.312971 -0.0203289
1319.98 945.32 1783.61 -0.307453 0.29724 -0.0160756
1344.97 928.79 1797.24 -0.323531 0.309512 -0.0111358
1264.91 857.502 1773.39 -0.258566 0.312896 -0.0359228
1328.17 909.488 1789.35 -0.3069 0.305702 -0.0163074
1339.63 951.797 1796.94 -0.326482 0.303566 -0.0100437
1321.78 927.543 1783.9 -0.304662 0.30059 -0.0182133
1267.22 879.065 1770.27 -0.262687 0.305245 -0.035595
1284.68 908.499 1768.86 -0.274064 0.29614 -0.0308782
1304.5 949.379 1759.82 -0.282129 0.29198 -0.0231165
1270.48 929.758 1756.24 -0.260446 0.28985 -0.0325068
1334.46 849.011 1779.43 -0.285721 0.321348 -0.0225957
1270.56 907.486 1764.42 -0.264675 0.295773 -0.0341155
1337.71 857.834 1793.17 -0.300267 0.322545 -0.0176019
1302.86 867.565 1790.64 -0.289438 0.312322 -0.0250554
1294.13 847.246 1793.01 -0.282964 0.318114 -0.0271927
1296.9 946.449 1772.88 -0.291366 0.291245 -0.0219656
1341.51 913.253 1797.77 -0.319762 0.310763 -0.011585
1315.11 911.515 1781.83 -0.296575 0.301926 -0.0210739
1252.04 885.212 1763.68 -0.252695 0.302423 -0.0373938
1257.03 867.897 1768.9 -0.255083 0.309296 -0.038073
1340.38 902.302 1771.74 -0.294339 0.309727 -0.0193826
1305.09 864.377 1774.81 -0.27428 0.312205 -0.0279303
1316.97 934.675 1762.97 -0.285712 0.297167 -0.0221347
1263.28 918.422 1758.54 -0.25859 0.291536 -0.0356285
1260.78 894.379 1765.56 -0.260178 0.29919 -0.036728
1309.87 885.936 1770.5 -0.278645 0.30796 -0.0264479
1252.3 923.874 1751.15 -0.250142 0.289593 -0.0379857
1317.85 951.938 1759.81 -0.287167 0.293779 -0.0194969
1318.82 854.371 1804.88 -0.303914 0.319694 -0.0196011
1354.66 895.775 1789.86 -0.313631 0.318319 -0.0122985
1301.38 922.968 1775.83 -0.289549 0.296107 -0.0245388
1350.59 931.497 1764.07 -0.300266 0.304153 -0.016755
1306.11 954.856 1779.23 -0.301928 0.292934 -0.017938
1337.76 891.519 1778.11 -0.29686 0.311729 -0.0195398
1350.59 873.804 1775.5 -0.295486 0.318674 -0.0179132
1328.58 871.687 1778.28 -0.288756 0.314875 -0.0222616
1245.66 872.083 1762.58 -0.247401 0.307728 -0.0396538
1340.97 845.684 1796.71 -0.300781 0.326655 -0.0168606
1308.4 936.86 1776.92 -0.296081 0.29699 -0.02104
1325.98 887.262 1772.23 -0.285993 0.309572 -0.0234724
1245.26 898.551 1757.07 -0.246431 0.295738 -0.0396067
1341.36 896.44 1802.45 -0.319725 0.315868 -0.0117744
1252.88 853.203 1768.3 -0.249043 0.313218 -0.0398813
1255.72 907.037 1758.59 -0.25425 0.293246 -0.0374404
1332.72 927.646 1776.94 -0.301676 0.303854 -0.0166332
1307.06 918.442 1764.44 -0.279674 0.298577 -0.0264563
1326.57 905.667 1768.23 -0.287158 0.305478 -0.0222275
1333.98 942.751 1774.99 -0.304692 0.302277 -0.0146076
1320.06 892.955 1790.68 -0.301809 0.308 -0.0194314
1280.11 952.152 1766.15 -0.280614 0.285106 -0.0258408
1312.13 864.932 1799.48 -0.299376 0.315534 -0.0210615
1298.49 931.025 1798.65 -0.314694 0.289229 -0.0205935
1303.53 944.282 1802.26 -0.322645 0.284186 -0.0170665
1292.14 952.154 1796.85 -0.316718 0.277853 -0.0187519
1286.08 932.22 1791.08 -0.302931 0.286081 -0.023568
1284.5 944.963 1790.26 -0.306029 0.280261 -0.0223113
1252.61 859.205 1792.46 -0.271774 0.313194 -0.0314553
1274.96 937.281 1785.17 -0.295291 0.281049 -0.0260387
1263.99 856.848 1799.59 -0.281398 0.314787 -0.0276085
1296.58 911.687 1798.99 -0.309834 0.296776 -0.0211095
1263.58 943.231 1778.54 -0.287176 0.279494 -0.0290822
1285.66 919.316 1791.67 -0.300678 0.291195 -0.0243982
1263.09 869.857 1795.37 -0.281877 0.309979 -0.0285913
1274.75 867.407 1801.38 -0.289857 0.310835 -0.0259319
1248.69 876.242 1788.35 -0.271576 0.308351 -0.0315447
1269.61 909.4 1788.1 -0.289277 0.293634 -0.0279728
