x y z dx dy dz
1278.57 937.489 1800.49 -0.541635 0.529478 -0.176817
1278.45 913.058 1802.38 -0.53474 0.535855 -0.172113
1277.25 949.092 1801.64 -0.545059 0.52738 -0.180975
1269.3 943.464 1795.71 -0.544539 0.524271 -0.172607
1268.05 954.943 1797.45 -0.54858 0.523049 -0.177238
1270.24 931.284 1795.89 -0.540579 0.527523 -0.169419
1260.02 949.803 1790.96 -0.547176 0.519141 -0.169419
1252.33 931.123 1786.34 -0.53927 0.520961 -0.158469
1253.04 919.488 1788.95 -0.535208 0.52475 -0.156852
1253.77 908.542 1792.24 -0.532486 0.529501 -0.156498
1254.58 897.715 1795.85 -0.529152 0.533426 -0.156521
1245.54 890.874 1793.65 -0.526254 0.533573 -0.152347
1255.27 886.549 1799.5 -0.526255 0.537083 -0.157462
1246.14 879.489 1797.35 -0.52291 0.536055 -0.153689
1255.74 875.187 1803.04 -0.523025 0.539539 -0.158243
1246.8 867.949 1801.01 -0.520909 0.539073 -0.154712
1247.5 856.469 1804.54 -0.518765 0.541519 -0.15647
1263.56 904.505 1797.85 -0.530915 0.533937 -0.162188
1265.28 882.142 1804.97 -0.525947 0.541362 -0.162891
1262.38 914.611 1794.65 -0.53409 0.529819 -0.161788
1264.8 893.717 1801.44 -0.528622 0.537723 -0.162631
1275.13 902.031 1803.46 -0.531202 0.53752 -0.169123
1279.18 925.389 1800.94 -0.53784 0.5328 -0.17424
1251.36 943.67 1785.04 -0.544238 0.517665 -0.161176
1260.92 937.425 1790.57 -0.542861 0.522435 -0.16533
1261.73 925.535 1792.11 -0.538107 0.526036 -0.163193
1271.25 919.382 1797.83 -0.537225 0.532198 -0.168624
1270.88 910.241 1799.57 -0.532861 0.53429 -0.16679
1279.01 849.672 1795.54 -0.516627 0.542862 -0.172078
1268.73 846.087 1790.72 -0.513516 0.539921 -0.167125
1271.67 857.387 1790.19 -0.517367 0.539189 -0.168018
1261.34 853.871 1785.54 -0.513889 0.536641 -0.163339
1264.24 865.156 1785.12 -0.517714 0.535675 -0.164389
1253.88 861.726 1780.63 -0.513825 0.533331 -0.159792
1251.03 850.382 1780.79 -0.509734 0.534027 -0.158769
1246.4 869.696 1775.9 -0.514026 0.529937 -0.156282
1282.06 860.904 1794.69 -0.519874 0.542027 -0.173719
1319.89 894.057 1803.49 -0.530202 0.549175 -0.199339
1323.05 905.217 1801.64 -0.533374 0.548262 -0.203672
1312.82 901.504 1797.25 -0.533103 0.544583 -0.195043
1315.82 912.588 1795.73 -0.53578 0.543423 -0.199448
1305.56 909.255 1791.38 -0.534965 0.539714 -0.191134
1248.68 944.227 1758.77 -0.535179 0.512209 -0.164011
1258.51 947.715 1764.16 -0.540321 0.514828 -0.170041
1255.88 936.001 1763.74 -0.534515 0.516073 -0.166143
1265.86 939.42 1768.34 -0.538716 0.518782 -0.171917
1263.09 927.598 1768.95 -0.534121 0.520102 -0.168197
1273.37 930.914 1772.93 -0.537441 0.523012 -0.174623
1269.76 918.952 1774 -0.533253 0.524397 -0.170401
1302.47 898.022 1793.19 -0.531682 0.541088 -0.187467
1308.28 920.582 1790.27 -0.537896 0.538384 -0.195463
1252.13 924.329 1764.83 -0.529707 0.517676 -0.16187
1275.65 942.844 1773.31 -0.542461 0.521722 -0.178546
1318.02 923.433 1794.84 -0.538621 0.542409 -0.203645
1295.12 905.926 1787.56 -0.533152 0.536649 -0.18387
1291.88 894.596 1789.6 -0.529847 0.537918 -0.180596
1299.19 886.833 1795.29 -0.528222 0.542245 -0.184417
1283.26 934.295 1777.14 -0.540185 0.52598 -0.181603
1285.04 946.146 1778.57 -0.545145 0.525076 -0.186276
1310.61 932.209 1790.4 -0.541344 0.537529 -0.200313
1277.13 954.374 1775.93 -0.547692 0.521123 -0.183413
1284.42 902.568 1784.27 -0.531264 0.533559 -0.177128
1281.1 891.183 1786.32 -0.52794 0.534991 -0.174063
1273.59 899.185 1781.24 -0.529177 0.530675 -0.170404
1331.54 946.388 1802.59 -0.542515 0.546695 -0.222833
1302.89 868.135 1803.33 -0.523214 0.547555 -0.185454
1270.32 887.77 1783.06 -0.525676 0.532747 -0.168035
1262.83 895.732 1778.16 -0.526715 0.528808 -0.164456
1287.67 914.088 1782.35 -0.534555 0.53197 -0.180443
1294.14 949.452 1784.13 -0.547035 0.528738 -0.193587
1300.71 929.13 1785.62 -0.540009 0.533819 -0.192123
1277.78 879.848 1788.05 -0.524702 0.536651 -0.171702
1299.59 856.957 1804.9 -0.520647 0.548777 -0.183392
1259.6 884.296 1779.53 -0.522327 0.530691 -0.162221
1331.16 934.415 1801.15 -0.540266 0.547046 -0.217756
1266.13 907.248 1776.07 -0.529651 0.526405 -0.167115
1255.32 903.554 1772.95 -0.526077 0.524589 -0.160442
1323.83 942.378 1797.89 -0.543106 0.542921 -0.214467
1258.53 915.198 1770.54 -0.52968 0.521701 -0.16352
1246.87 911.661 1766.59 -0.525269 0.519189 -0.157535
1302.91 941.167 1787.04 -0.544223 0.533138 -0.19721
1267.95 951.223 1769.88 -0.544676 0.517802 -0.176297
1276.99 910.706 1779.11 -0.532433 0.528902 -0.173476
1288.55 883.326 1791.64 -0.526457 0.539423 -0.177836
1306.28 879.281 1801.37 -0.526182 0.546576 -0.188306
1309.62 890.399 1799.25 -0.529251 0.545465 -0.191403
1335.27 921.857 1804.51 -0.536368 0.55078 -0.21758
1326.22 916.686 1800.44 -0.536666 0.547403 -0.208629
1295.82 875.656 1797.33 -0.525072 0.543577 -0.181593
1280.34 922.426 1777.47 -0.535899 0.527236 -0.177345
1298.11 917.387 1786.03 -0.536675 0.535091 -0.187584
1322.07 952.371 1799.48 -0.545545 0.541908 -0.217298
1313.87 944.821 1793.23 -0.544835 0.53802 -0.207244
1289.29 853.282 1800.27 -0.519071 0.545861 -0.177631
1249.28 880.939 1775.61 -0.518346 0.528714 -0.157316
1292.48 864.476 1799.04 -0.522005 0.54466 -0.179311
1285.24 872.099 1793.39 -0.523469 0.540748 -0.175357
1245.62 933.034 1759.14 -0.52988 0.513741 -0.160169
1274.71 868.606 1789.37 -0.520984 0.538055 -0.169829
1267.2 876.433 1784.35 -0.521681 0.534644 -0.166001
1290.61 925.811 1781.29 -0.538302 0.530457 -0.184568
1292.91 937.74 1781.76 -0.542421 0.529315 -0.188956
1256.72 873.044 1780.31 -0.518074 0.532154 -0.16077
1252.39 892.063 1774.8 -0.52248 0.526934 -0.158498
1303.37 953.258 1790.24 -0.548 0.53299 -0.202186
1326.07 925.806 1798.87 -0.538696 0.545737 -0.210744
1245.71 898.893 1770.09 -0.521786 0.523352 -0.155663
1320.01 933.461 1795.23 -0.54106 0.54186 -0.20823
1342.3 847.115 1769.82 -0.503975 0.541782 -0.205942
1334.49 854.317 1768.14 -0.506174 0.539791 -0.201523
1345.38 858.312 1767.72 -0.505914 0.540964 -0.208328
1336.77 865.823 1765.99 -0.508512 0.538723 -0.203648
1347.85 869.634 1765.62 -0.507967 0.54007 -0.210743
1338.86 877.239 1763.88 -0.51093 0.5377 -0.205811
1350.07 881.031 1763.54 -0.509949 0.539151 -0.213242
1341.59 888.747 1761.83 -0.512918 0.536633 -0.208742
1352.59 892.524 1761.51 -0.511682 0.538165 -0.21608
1344.11 900.458 1759.78 -0.514733 0.535577 -0.211584
1345.83 911.917 1757.81 -0.516542 0.53453 -0.214296
1333.45 906.839 1758.24 -0.517531 0.53274 -0.205876
1336.65 919.619 1756.1 -0.51976 0.531595 -0.20964
1325.55 915.991 1756.19 -0.520429 0.529717 -0.202313
1327.83 927.621 1754.23 -0.522643 0.528475 -0.205665
1316.43 923.854 1754.02 -0.523195 0.526463 -0.198145
1318.82 935.405 1752.09 -0.525421 0.525227 -0.201575
1307.81 931.481 1751.45 -0.525366 0.523195 -0.194365
1309.87 942.97 1749.54 -0.527997 0.52185 -0.197913
1298.88 938.898 1748.24 -0.527013 0.5197 -0.190732
1300.87 950.336 1746.5 -0.52987 0.51852 -0.194107
1289.99 945.964 1744.43 -0.528366 0.51602 -0.186768
1321.01 947.044 1750.24 -0.527623 0.524108 -0.205168
1314.6 912.487 1756.08 -0.520552 0.528018 -0.195199
1287.22 933.457 1746.54 -0.525097 0.517424 -0.182841
1281.35 953.895 1740.24 -0.52992 0.512268 -0.183628
1325.63 861.751 1766.35 -0.508543 0.537543 -0.197045
1250.03 858.891 1755.13 -0.501868 0.525168 -0.161005
1245.27 869.083 1751.22 -0.502895 0.522013 -0.159246
1254.96 848.721 1759 -0.500871 0.527504 -0.16252
1256.39 869.416 1755.71 -0.506255 0.52459 -0.163427
1251.71 879.665 1752.07 -0.507661 0.521461 -0.161556
1263.06 880.114 1755.84 -0.510541 0.523874 -0.16646
1258.58 890.478 1752.15 -0.512212 0.520697 -0.165034
1267.91 869.566 1759.02 -0.508531 0.526597 -0.16799
1274.67 880.201 1758.49 -0.512131 0.52603 -0.17135
1279.65 869.42 1761.3 -0.510115 0.528851 -0.173351
1286.44 879.832 1760.28 -0.513052 0.528413 -0.176908
1281.5 890.908 1757.35 -0.515487 0.525425 -0.175241
1245.11 923.117 1734.28 -0.515075 0.509174 -0.162941
1329.18 885.439 1761.99 -0.513531 0.534947 -0.200598
1247.03 941.564 1728.35 -0.519512 0.505061 -0.166126
1291.45 868.955 1762.82 -0.51073 0.531058 -0.178966
1284.72 858.799 1763.92 -0.508004 0.531444 -0.175255
1298.25 879.073 1761.51 -0.513336 0.530603 -0.182884
1339.11 931.574 1754.14 -0.521473 0.530554 -0.213173
1296.48 858.33 1765.25 -0.508327 0.533452 -0.181067
1289.91 848.372 1766.55 -0.505891 0.533815 -0.177717
1278.08 848.66 1764.88 -0.504944 0.531747 -0.172214
1352.71 947.339 1751.96 -0.521596 0.532152 -0.224879
1249.44 906.589 1743.33 -0.513118 0.514801 -0.162696
1313.19 847.948 1768.46 -0.506085 0.537499 -0.189405
1253.34 952.136 1729.01 -0.524297 0.504872 -0.170088
1257.93 941.898 1733.21 -0.52247 0.507856 -0.170675
1264.3 952.176 1733.82 -0.526788 0.507722 -0.174743
1268.46 942.024 1737.64 -0.524872 0.510521 -0.174874
1262.68 932.159 1738.41 -0.521357 0.51114 -0.171209
1274.04 932.456 1742.63 -0.523433 0.513866 -0.175609
1267.17 922.539 1743.74 -0.520353 0.514566 -0.171523
1279.09 922.402 1747.55 -0.521897 0.517668 -0.176937
1271.76 912.284 1749.05 -0.518978 0.518512 -0.172482
1283.8 912.02 1752.02 -0.520204 0.521223 -0.178161
1276.69 901.736 1753.72 -0.517228 0.521993 -0.173863
1288.49 901.212 1755.84 -0.518233 0.524761 -0.179421
1295.6 911.346 1754.23 -0.520735 0.524143 -0.184321
1300.36 900.652 1757.3 -0.518332 0.52731 -0.185878
1265.38 902.246 1750.79 -0.516116 0.519753 -0.16868
1293.35 890.223 1758.9 -0.515898 0.527872 -0.180967
1305.27 889.402 1760.01 -0.515764 0.530163 -0.187322
1309.79 877.709 1762.53 -0.512837 0.53283 -0.189031
1312.81 900.669 1758.29 -0.518058 0.529687 -0.192819
1291.21 921.441 1750.8 -0.522602 0.520953 -0.183281
1317.12 887.971 1760.98 -0.515069 0.532439 -0.193931
1324.94 897.254 1759.61 -0.516748 0.532525 -0.199662
1256.15 922.891 1739.36 -0.518144 0.511797 -0.167052
1332.28 951.095 1750.44 -0.526628 0.526432 -0.212912
1311.94 954.56 1747.84 -0.530256 0.520829 -0.201382
1330.11 939.368 1752.32 -0.524641 0.527382 -0.209136
1304.11 920.048 1753.36 -0.522772 0.524479 -0.190261
1258.92 911.699 1745.13 -0.51671 0.515358 -0.166794
1261.33 859.066 1759.08 -0.504645 0.52732 -0.16503
1266.4 848.772 1762.43 -0.503078 0.529403 -0.167278
1272.95 859.051 1761.95 -0.506774 0.529186 -0.16998
1348.15 923.732 1755.83 -0.518544 0.533579 -0.217722
1327.64 872.704 1764.33 -0.510785 0.536452 -0.198717
1350.46 935.572 1753.88 -0.519983 0.532804 -0.220931
1251.68 932.013 1733.72 -0.518658 0.508476 -0.166603
1269.88 891.059 1755.16 -0.514215 0.523106 -0.169784
1341.39 943.375 1752.21 -0.523327 0.529561 -0.216797
1301.75 847.927 1767.71 -0.506049 0.535777 -0.183336
1303.25 868.208 1763.91 -0.510766 0.533224 -0.184901
1315.72 867.43 1764.81 -0.510461 0.535201 -0.191476
1247.36 889.487 1747.96 -0.508675 0.518479 -0.160355
1278.99 943.014 1741.43 -0.5266 0.513237 -0.180129
1324.21 850.188 1768.56 -0.506122 0.538836 -0.195642
1254.99 899.798 1748.14 -0.51329 0.517824 -0.164158
1307.84 857.722 1766.21 -0.508477 0.535397 -0.186891
1334.7 895.804 1760.29 -0.515387 0.534426 -0.205222
1322.43 906.812 1757.7 -0.518771 0.53051 -0.198941
1319.43 878.348 1762.91 -0.512666 0.534302 -0.194322
1317.33 856.993 1766.9 -0.508034 0.536915 -0.191909
1248.64 914.865 1739.51 -0.514919 0.512242 -0.163202
1297.9 929.131 1750.22 -0.524807 0.521129 -0.188366
1305.1 909.991 1755.71 -0.520463 0.526572 -0.189505
1352.17 850.273 1769.51 -0.503366 0.542794 -0.212097
1272.75 950.877 1737.47 -0.527823 0.510195 -0.178599
1245.04 889.476 1699.91 -0.483717 0.498203 -0.165503
1252.91 898.565 1698.48 -0.486228 0.497107 -0.167952
1245.24 858.145 1705.81 -0.476922 0.5028 -0.164174
1248.84 909.634 1696.29 -0.488669 0.495092 -0.167307
1260.72 907.658 1697.05 -0.488759 0.496115 -0.170672
1268.49 916.754 1695.62 -0.490941 0.495453 -0.172765
1272.59 905.691 1697.79 -0.488824 0.497736 -0.173173
1280.34 914.793 1696.36 -0.491174 0.49721 -0.175861
1284.46 903.729 1698.53 -0.48893 0.499499 -0.17657
1292.2 912.834 1697.1 -0.491135 0.498905 -0.179579
1296.32 901.77 1699.25 -0.488801 0.50095 -0.180218
1304.04 910.876 1697.82 -0.490581 0.500594 -0.183211
1308.17 899.811 1699.96 -0.488302 0.502627 -0.183944
1315.88 908.919 1698.54 -0.489784 0.502379 -0.187296
1320.02 897.853 1700.67 -0.487612 0.504327 -0.187747
1311.75 919.984 1696.41 -0.492162 0.500287 -0.186717
1323.58 918.027 1697.13 -0.490906 0.502314 -0.19058
1249.59 847.056 1708.08 -0.475195 0.504315 -0.165016
1319.45 929.093 1695 -0.493052 0.500165 -0.18997
1331.28 927.138 1695.74 -0.491583 0.502407 -0.194195
1343.11 925.183 1696.47 -0.489542 0.504736 -0.198508
1312.31 888.745 1702.09 -0.486365 0.504592 -0.184681
1324.15 886.786 1702.79 -0.485368 0.506304 -0.188658
1316.45 877.681 1704.23 -0.484311 0.506601 -0.185493
1328.29 875.724 1704.93 -0.483333 0.508209 -0.189428
1320.59 866.624 1706.38 -0.482231 0.508449 -0.186379
1332.43 864.67 1707.08 -0.481235 0.510057 -0.190453
1324.73 855.579 1708.56 -0.48016 0.510292 -0.187389
1336.56 853.627 1709.28 -0.479079 0.511869 -0.191635
1344.26 862.716 1707.8 -0.479587 0.511675 -0.194979
1308.74 868.579 1705.68 -0.48282 0.506986 -0.182345
1317.03 846.497 1710.07 -0.478745 0.51066 -0.184372
1276.7 894.623 1699.96 -0.486606 0.499991 -0.173741
1257.42 856.202 1706.53 -0.477376 0.503579 -0.167094
1335.99 884.828 1703.49 -0.484084 0.508126 -0.193041
1256.98 887.487 1700.66 -0.483882 0.498969 -0.16868
1293.34 850.387 1708.66 -0.479107 0.508124 -0.176507
1281.43 852.329 1707.95 -0.478792 0.506746 -0.172892
1289.15 861.429 1706.45 -0.48102 0.506143 -0.17581
1277.22 863.378 1705.74 -0.480465 0.504673 -0.172408
1284.98 872.486 1704.27 -0.482768 0.504112 -0.175053
1273.05 874.442 1703.56 -0.482335 0.502765 -0.171701
1301.03 859.48 1707.15 -0.481043 0.507492 -0.179341
1280.83 883.553 1702.11 -0.484578 0.502077 -0.174333
1292.72 881.595 1702.83 -0.484961 0.503609 -0.177986
1288.58 892.662 1700.68 -0.487077 0.501535 -0.177234
1268.91 885.516 1701.39 -0.484183 0.500554 -0.171111
1264.8 896.59 1699.22 -0.486399 0.498415 -0.170814
1261.08 876.405 1702.84 -0.481865 0.501121 -0.168731
1253.2 867.286 1704.31 -0.479354 0.501484 -0.166813
1335.42 916.071 1697.85 -0.489231 0.504438 -0.194896
1347.25 914.115 1698.57 -0.487272 0.506637 -0.199352
1339.55 905.003 1699.96 -0.486936 0.506357 -0.195612
1351.38 903.047 1700.68 -0.484891 0.508468 -0.200311
1343.69 893.936 1702.08 -0.484766 0.508194 -0.196466
1347.82 882.871 1704.2 -0.482404 0.51001 -0.197472
1331.85 895.894 1701.37 -0.486328 0.506276 -0.192044
1327.72 906.961 1699.25 -0.488696 0.504288 -0.191228
1351.96 871.812 1706.35 -0.480194 0.511717 -0.198527
1269.46 854.269 1707.25 -0.477869 0.505076 -0.170161
1265.24 865.328 1705.03 -0.479806 0.503204 -0.169158
1249.08 878.383 1702.1 -0.481421 0.499877 -0.165895
1350.8 934.298 1695.1 -0.489677 0.505127 -0.202335
1261.7 845.16 1708.78 -0.475708 0.505539 -0.167858
1296.87 870.532 1704.98 -0.482926 0.505541 -0.178615
1354.94 923.229 1697.19 -0.48731 0.506977 -0.203107
1340.13 873.768 1705.63 -0.481978 0.509966 -0.193974
1304.59 879.638 1703.53 -0.484915 0.505019 -0.18161
1312.88 857.53 1707.85 -0.480777 0.508853 -0.183225
1305.19 848.443 1709.36 -0.479201 0.509392 -0.180352
1299.91 921.94 1695.67 -0.492848 0.498311 -0.182771
1348.39 851.676 1710.01 -0.477563 0.513515 -0.196221
1300.45 890.704 1701.39 -0.486806 0.50299 -0.180848
1287.3 847.539 1696.42 -0.471365 0.501541 -0.173874
1301.11 849.415 1697.25 -0.47262 0.502616 -0.178085
1345.86 865.149 1696.08 -0.473375 0.505425 -0.192867
1293.58 861.594 1697.42 -0.475994 0.501874 -0.176665
1319.3 862.281 1696.73 -0.475237 0.503252 -0.184173
1264.13 853.935 1697.06 -0.472521 0.499639 -0.168718
1329.79 850.201 1699.73 -0.473218 0.505976 -0.187162
1336.81 876.297 1696.45 -0.477589 0.504449 -0.190869
1343.03 853.724 1699.08 -0.472582 0.506849 -0.191647
1298.86 872.698 1695.57 -0.478111 0.500719 -0.178679
1315.02 846.448 1699.62 -0.473027 0.504853 -0.182278
1281.93 857.644 1698.42 -0.475229 0.501812 -0.173219
1322.71 853.92 1738.32 -0.49663 0.525817 -0.191125
1327.72 906.159 1725.93 -0.504878 0.518016 -0.196859
1340.71 952.242 1718.85 -0.511369 0.515324 -0.208374
1347.98 925.086 1727.83 -0.507691 0.521615 -0.210006
1348.14 883.61 1731.38 -0.498554 0.524579 -0.204873
1294.02 847.393 1736.13 -0.494553 0.522111 -0.17851
1320.08 931.312 1723.91 -0.512186 0.514588 -0.196467
1303.51 874.844 1736.25 -0.502636 0.521503 -0.183945
1295.39 904.356 1726.04 -0.506956 0.51381 -0.18232
1276.4 869.222 1734.9 -0.499961 0.518387 -0.172708
1294.65 929.581 1719.07 -0.511434 0.508528 -0.184338
1272.64 895.286 1725.44 -0.503428 0.511592 -0.172935
1279.56 953.942 1715.51 -0.518148 0.502829 -0.18099
1318.74 878.538 1733.84 -0.501727 0.522131 -0.19066
1269.6 918.528 1720.47 -0.508545 0.506822 -0.173395
1253.29 880.126 1725.81 -0.497261 0.51155 -0.165799
1345.99 860.793 1732.27 -0.493146 0.525159 -0.201426
1247.07 859.069 1727.95 -0.490629 0.5137 -0.163137
1252.33 907.554 1718.88 -0.502917 0.506025 -0.166916
1264.88 930.848 1708.94 -0.506217 0.500377 -0.172856
1341.85 899.042 1731.04 -0.503578 0.522875 -0.203541
1312.37 915.537 1714.43 -0.502791 0.50984 -0.189224
1320.52 954.368 1735.73 -0.524051 0.518137 -0.203514
1341.73 852.025 1748.01 -0.498404 0.532326 -0.201863
1308.97 887.958 1720.33 -0.498133 0.513863 -0.185734
1287.34 891.093 1741.69 -0.510042 0.520507 -0.1783
1308.93 846.512 1748.15 -0.499387 0.529002 -0.185481
1334.18 937.49 1731.07 -0.515071 0.519794 -0.206085
1340.75 912.999 1719.06 -0.500995 0.516286 -0.202081
1304.2 861.189 1729.56 -0.495104 0.519243 -0.182726
1334 935.527 1713.2 -0.505102 0.511699 -0.200861
1323.69 893.046 1735.58 -0.506513 0.522688 -0.194885
1315.98 872.209 1748.03 -0.506238 0.528344 -0.190575
1283.75 882.741 1716.93 -0.494791 0.509927 -0.175765
1334.61 867.491 1743.6 -0.501643 0.528943 -0.198702
1306.64 944.942 1723.68 -0.517788 0.511265 -0.192441
1328.06 921.742 1740.95 -0.516208 0.523873 -0.202238
1319.85 950.851 1709.18 -0.509304 0.506693 -0.19619
1306.46 926.024 1730.69 -0.515462 0.515563 -0.190473
1289.19 869.788 1748.99 -0.50649 0.52553 -0.177868
1346.37 942.672 1706 -0.50008 0.510179 -0.205209
1339.03 884.28 1717.1 -0.492368 0.516033 -0.197328
1247.97 923.663 1713.84 -0.505389 0.501847 -0.166642
1249.13 952.73 1708.02 -0.513395 0.496761 -0.16929
1298.85 944.237 1706.49 -0.508003 0.502509 -0.186259
1329.25 920.098 1712.5 -0.501051 0.511155 -0.196501
1280.8 854.381 1728.65 -0.492531 0.517035 -0.17368
1352.52 864.884 1749.52 -0.500906 0.534029 -0.209328
1289.91 913.657 1711.07 -0.501269 0.505572 -0.180077
1310.78 907.576 1737.94 -0.512739 0.520845 -0.190716
1279.38 910.024 1734.89 -0.513208 0.514848 -0.176314
1259.95 860.517 1742.84 -0.499355 0.520876 -0.166241
1280.43 858.201 1748.23 -0.502486 0.525184 -0.173836
1265.54 861.421 1720.11 -0.489203 0.511136 -0.169326
1336.51 887.053 1749.02 -0.508837 0.530624 -0.203087
1295.82 874.331 1717.59 -0.492581 0.511959 -0.179454
1278.04 934.682 1727.93 -0.518384 0.509321 -0.178121
1256.55 895.15 1731.85 -0.505554 0.512873 -0.166839
1265.47 884.238 1738.75 -0.505752 0.517607 -0.169225
1268.21 882.137 1718.17 -0.494965 0.509195 -0.170936
1306.35 929.724 1709.92 -0.505067 0.50593 -0.187869
1329.22 866.478 1720.98 -0.490753 0.517431 -0.192142
1280.12 932.617 1708.85 -0.506732 0.501955 -0.178139
1307.78 860.328 1747.39 -0.503153 0.527802 -0.185606
1344.72 869.561 1718.79 -0.488521 0.517948 -0.198589
1311.59 871.203 1718.41 -0.491695 0.514022 -0.185043
1343.74 914.953 1744.37 -0.513229 0.528509 -0.210374
1351.46 892.305 1718.75 -0.493563 0.518475 -0.204161
1265.37 904.767 1710.28 -0.497739 0.503501 -0.171397
1286.3 896.558 1712.48 -0.496531 0.507099 -0.177433
1252.63 848.138 1743.54 -0.49523 0.521625 -0.163314
1259.77 893.627 1714.52 -0.496163 0.505825 -0.169081
1303.32 892.946 1736.83 -0.508346 0.520397 -0.185459
1324.12 854.915 1754.98 -0.503453 0.533221 -0.1942
1353.36 933.71 1741.13 -0.514452 0.528234 -0.218395
1351.71 892.31 1748.69 -0.507673 0.532779 -0.21227
1262.72 908.203 1733.56 -0.511395 0.512624 -0.169633
1343.53 845.576 1724.61 -0.485336 0.521163 -0.197202
1326.35 895.012 1715.57 -0.496011 0.513208 -0.192673
1326.6 908.194 1744.6 -0.514124 0.526005 -0.199813
1254.68 922.061 1725.15 -0.511661 0.506993 -0.167917
1288.77 921.945 1736.55 -0.517748 0.515456 -0.181835
1261.59 916.287 1707.87 -0.50005 0.501009 -0.171071
1302.95 905.196 1710.35 -0.497585 0.507197 -0.183912
1278.76 880.944 1746.94 -0.508813 0.522477 -0.173855
1298.29 890.319 1711.79 -0.493943 0.508314 -0.181174
1294.78 882.516 1747.99 -0.510055 0.524769 -0.18108
1315.8 943.504 1738.15 -0.522728 0.518819 -0.199369
1287.11 948.34 1729.33 -0.523156 0.50988 -0.184548
1319.65 935.417 1706.88 -0.503342 0.506198 -0.193397
1250.27 867.44 1717.25 -0.488084 0.508489 -0.165296
1294.4 855.03 1754.75 -0.504367 0.529556 -0.179653
1350.96 849.2 1739 -0.492473 0.529241 -0.204264
1294.25 905.15 1743.66 -0.515133 0.520746 -0.182706
1267.79 947.216 1703.09 -0.508372 0.496791 -0.175134
1349.58 877.945 1751 -0.505294 0.533909 -0.209534
1345.17 945.666 1740.71 -0.51899 0.525953 -0.216425
1348.26 939.474 1722.53 -0.508394 0.518756 -0.211086
1278.79 868.839 1718.26 -0.491001 0.511025 -0.173435
1274.42 897.215 1742.29 -0.511914 0.518406 -0.173079
1300.4 919.207 1706.76 -0.499784 0.504232 -0.183965
1352.88 854.299 1757.69 -0.501011 0.537977 -0.210326
1322.7 882.246 1715.29 -0.492514 0.513113 -0.189926
1350.2 912.177 1728.92 -0.504324 0.522906 -0.209242
1335.69 915.178 1731.4 -0.509012 0.521285 -0.203016
1325.69 947.112 1722.56 -0.514999 0.51423 -0.201535
1309.4 850.049 1733.75 -0.493804 0.522363 -0.184518
1288.14 876.568 1733.56 -0.501919 0.518474 -0.177537
1315.88 865.336 1733.19 -0.497769 0.522112 -0.188131
1301.4 915.646 1723.01 -0.508723 0.512355 -0.185805
1328.57 847.092 1720.3 -0.484736 0.517368 -0.190241
1312.93 903.067 1723.03 -0.503969 0.514782 -0.189284
1335 926.228 1724.39 -0.50863 0.517484 -0.202868
1255.75 875.577 1743.1 -0.50371 0.519101 -0.164905
1270.77 869.152 1747.9 -0.505051 0.523071 -0.170096
1267.17 944.671 1722.18 -0.518824 0.50483 -0.175128
1323.71 907.365 1710.93 -0.497096 0.510107 -0.192207
1284.87 947.566 1702.08 -0.507169 0.498298 -0.180857
1325.22 881.568 1751 -0.50937 0.530214 -0.196453
1310.07 883.465 1749.44 -0.510493 0.527287 -0.188815
1343.21 926.379 1707.99 -0.497706 0.510874 -0.202027
1251.84 938.529 1702.67 -0.504294 0.495873 -0.169204
1354.49 880.218 1715.87 -0.488062 0.517388 -0.203151
1273.4 893.744 1711.5 -0.494665 0.505627 -0.173044
1293.55 933.322 1703.3 -0.502567 0.500845 -0.182568
1309.51 948.166 1702.22 -0.505321 0.501779 -0.190202
1271.54 921.818 1733.78 -0.51647 0.512024 -0.174035
1348.57 953.435 1701.45 -0.49947 0.508172 -0.206221
1319.03 916.844 1728.86 -0.510561 0.517449 -0.194712
1320.7 930.555 1741.79 -0.520134 0.522038 -0.199853
1246.4 936.108 1717.13 -0.511886 0.501692 -0.166357
1338.76 861.85 1756.89 -0.5045 0.535489 -0.202828
1294.62 937.805 1735.21 -0.521953 0.514229 -0.186985
1329.82 944.023 1703.65 -0.50212 0.505935 -0.197789
1300.56 916.248 1742.31 -0.517943 0.520031 -0.187138
1248.61 862.81 1741.44 -0.498215 0.519209 -0.162278
1315.2 856.292 1720.45 -0.488278 0.51598 -0.185589
1335.69 852.838 1732.17 -0.492085 0.524144 -0.195974
1285.41 896.81 1730.26 -0.506776 0.515028 -0.177767
1278.78 884.474 1731.45 -0.503106 0.515818 -0.17441
1277.87 913.595 1707.16 -0.498781 0.502461 -0.175566
1351.7 871.091 1736.52 -0.497094 0.527776 -0.206382
1278.48 906.663 1720.19 -0.504513 0.508916 -0.175728
1338.75 930.141 1743.56 -0.517665 0.526497 -0.210173
1335.45 878.372 1733.12 -0.499812 0.523789 -0.198278
1353.01 905.022 1712.71 -0.493077 0.515335 -0.204773
1317.09 922.176 1705.79 -0.498939 0.505794 -0.190471
1261.57 871.438 1714.39 -0.488507 0.507455 -0.168643
1283.73 919.277 1722.71 -0.510175 0.509561 -0.178842
1260.89 869.827 1730.59 -0.497052 0.515021 -0.167752
1247.74 912.557 1705.62 -0.496252 0.499322 -0.166763
1261.47 933.186 1726.05 -0.516341 0.506748 -0.171486
1313.42 897.562 1709.47 -0.493951 0.508301 -0.186835
1291.32 863.407 1734.51 -0.498498 0.520162 -0.178079
1325.66 867.766 1755.01 -0.506907 0.532743 -0.195859
1303.12 871.979 1753.08 -0.508442 0.528725 -0.184524
1337.9 900.811 1711.3 -0.49359 0.512461 -0.19737
1294.31 886.881 1727.47 -0.50214 0.515653 -0.180453
1275.68 951.096 1728.87 -0.52426 0.507728 -0.179743
1297.29 893.664 1749.35 -0.513659 0.524571 -0.183214
1270.09 857.969 1736.1 -0.496726 0.519155 -0.17017
1342.86 857.557 1718.61 -0.48527 0.517763 -0.196525
1248.63 887.565 1738.03 -0.504628 0.515344 -0.162672
1289.33 941.736 1716.98 -0.514465 0.505913 -0.183397
1254.67 946.68 1718.7 -0.51738 0.502116 -0.170516
1254.25 881.973 1711.3 -0.489482 0.504752 -0.16726
1334.55 847.668 1759.42 -0.502024 0.536585 -0.199682
1312.75 898.326 1748.8 -0.514261 0.52621 -0.191707
1255.33 853.408 1717.1 -0.483683 0.50923 -0.166349
1340.07 911.579 1707.62 -0.493805 0.510557 -0.198652
1259.62 854.899 1730.66 -0.492174 0.515943 -0.166905
1328.82 944.5 1741.77 -0.52241 0.522828 -0.207247
1312.29 919.709 1744.2 -0.51879 0.522391 -0.193938
1338.77 899.985 1749.17 -0.51199 0.53036 -0.205984
1270.88 850.947 1719.1 -0.485351 0.511623 -0.170348
1247.23 889.606 1722.14 -0.497804 0.50881 -0.164212
1307.68 935.984 1740.2 -0.522431 0.518589 -0.193938
1297.37 859.337 1717.87 -0.488072 0.512983 -0.179019
1266.52 855.055 1750.72 -0.501466 0.524907 -0.168008
1255.8 925.922 1701.99 -0.499151 0.496812 -0.17
1347.83 951.849 1779.19 -0.538954 0.542568 -0.231876
1341.78 871.796 1790.8 -0.521421 0.550852 -0.211802
1346.31 933.644 1778.54 -0.534531 0.54269 -0.225058
1343.31 903.228 1786.43 -0.529301 0.547335 -0.217031
1325.46 847.98 1793.68 -0.516006 0.55033 -0.199096
1329.16 884.308 1785.24 -0.524417 0.545137 -0.203503
1323.3 934.885 1773.85 -0.536514 0.534515 -0.208395
1315.47 864.967 1782.91 -0.518681 0.543606 -0.193024
1326.38 914.984 1776.88 -0.531222 0.538552 -0.20587
1342.84 887.399 1791.47 -0.526044 0.550418 -0.214517
1347.03 847.079 1781.33 -0.509899 0.548135 -0.21125
1312.81 944.065 1769.13 -0.538949 0.529303 -0.203055
1312.88 898.301 1777.11 -0.527911 0.537596 -0.194359
1299.75 854.598 1781.9 -0.515387 0.541437 -0.183539
1299.79 876.661 1778.44 -0.521534 0.538265 -0.184399
1313.32 925.226 1773.67 -0.534984 0.533326 -0.199419
1351.21 889.224 1776.56 -0.520233 0.545523 -0.218322
1342.88 941.328 1763.73 -0.530319 0.535111 -0.220748
1333.11 946.707 1788.54 -0.542571 0.542013 -0.221872
1353.64 904.689 1803.69 -0.530604 0.557031 -0.228326
1290.85 949.018 1760.94 -0.539255 0.520928 -0.189575
1328.9 898.485 1780.07 -0.527624 0.54189 -0.205019
1300.12 933.79 1764.95 -0.534854 0.5262 -0.192233
1325.23 864.912 1797.49 -0.521893 0.55066 -0.200253
1301.23 908.555 1771.8 -0.529301 0.532189 -0.188317
1329.85 859.201 1779.08 -0.514567 0.544257 -0.201101
1346.01 940.996 1794.76 -0.539767 0.548744 -0.23109
1287.71 865.351 1778.8 -0.51744 0.537441 -0.177293
1299.91 891.584 1775.76 -0.525496 0.535479 -0.185668
1340.66 917.165 1771.53 -0.528125 0.539487 -0.215455
1334.85 921.381 1789.47 -0.536161 0.545093 -0.215233
1275.94 942.762 1757.21 -0.535167 0.517438 -0.17902
1340.33 879.587 1777.63 -0.519399 0.54438 -0.209612
1331.72 896.68 1794.91 -0.530584 0.5488 -0.208434
1310.06 853.695 1796.18 -0.518605 0.548272 -0.189862
1292.29 921.165 1765.86 -0.531147 0.526443 -0.184678
1254.73 950.225 1745.04 -0.530605 0.509576 -0.169351
1286.13 881.289 1775.22 -0.521764 0.534017 -0.177049
1330 880.538 1799.09 -0.526223 0.551113 -0.204994
1336.19 951.881 1763.1 -0.534484 0.532615 -0.219289
1263.86 939.786 1750.03 -0.52942 0.513823 -0.171944
1286.77 895.781 1770.62 -0.524737 0.530688 -0.178431
1346.77 862.288 1779 -0.513549 0.546731 -0.211995
1279.23 853.437 1779.81 -0.513627 0.537543 -0.172837
1353.55 904.121 1771.96 -0.52205 0.543144 -0.22152
1309.62 883.104 1786.15 -0.52529 0.542011 -0.190979
1272.58 867.678 1775.34 -0.516285 0.533629 -0.16972
1315.95 876.028 1774.51 -0.518881 0.539115 -0.193404
1326.2 943.012 1763.52 -0.534214 0.530782 -0.210674
1316.2 849.545 1779.96 -0.512557 0.54332 -0.192314
1351.37 860.902 1794.69 -0.518181 0.554582 -0.218084
1330.89 934.496 1787.47 -0.539601 0.542051 -0.215811
1335.11 930.63 1765.3 -0.529581 0.534557 -0.21349
1316.55 909.668 1766.66 -0.525848 0.532861 -0.197292
1273.32 892.4 1769.44 -0.522546 0.528459 -0.171053
1285.19 934.226 1762.76 -0.534804 0.522033 -0.182716
1277.29 920.692 1762.26 -0.529392 0.522364 -0.175843
1325.11 921.284 1766.22 -0.528766 0.533302 -0.20496
1249.96 935.581 1745.45 -0.524441 0.511072 -0.164695
1318.07 876.564 1793.95 -0.52484 0.547103 -0.195977
1319.98 945.32 1783.61 -0.543476 0.536388 -0.210784
1344.97 928.79 1797.24 -0.537291 0.550304 -0.22662
1264.91 857.502 1773.39 -0.51133 0.533023 -0.166094
1328.17 909.488 1789.35 -0.533843 0.544565 -0.207786
1339.63 951.797 1796.94 -0.543114 0.546945 -0.230631
1321.78 927.543 1783.9 -0.53793 0.538954 -0.206745
1267.22 879.065 1770.27 -0.517988 0.529689 -0.167553
1284.68 908.499 1768.86 -0.528278 0.527887 -0.178457
1304.5 949.379 1759.82 -0.537276 0.523555 -0.198083
1270.48 929.758 1756.24 -0.52921 0.517967 -0.173171
1334.46 849.011 1779.43 -0.511008 0.545468 -0.203069
1270.56 907.486 1764.42 -0.525477 0.523856 -0.171036
1337.71 857.834 1793.17 -0.51822 0.551721 -0.207916
1302.86 867.565 1790.64 -0.521687 0.543872 -0.185726
1294.13 847.246 1793.01 -0.516107 0.544913 -0.180552
1296.9 946.449 1772.88 -0.542661 0.526274 -0.193794
1341.51 913.253 1797.77 -0.534016 0.550731 -0.21976
1315.11 911.515 1781.83 -0.533394 0.538385 -0.198298
1252.04 885.212 1763.68 -0.515121 0.524749 -0.160307
1257.03 867.897 1768.9 -0.512223 0.529519 -0.162615
1340.38 902.302 1771.74 -0.523643 0.540533 -0.212353
1305.09 864.377 1774.81 -0.515303 0.538584 -0.186543
1316.97 934.675 1762.97 -0.532177 0.52909 -0.202514
1263.28 918.422 1758.54 -0.525664 0.518832 -0.16794
1260.78 894.379 1765.56 -0.520454 0.524831 -0.164961
1309.87 885.936 1770.5 -0.520353 0.535484 -0.190378
1252.3 923.874 1751.15 -0.523056 0.514588 -0.163965
1317.85 951.938 1759.81 -0.536274 0.526728 -0.207055
1318.82 854.371 1804.88 -0.519268 0.552796 -0.195838
1354.66 895.775 1789.86 -0.526456 0.551984 -0.224873
1301.38 922.968 1775.83 -0.535326 0.531545 -0.190801
1350.59 931.497 1764.07 -0.525787 0.537575 -0.223433
1306.11 954.856 1779.23 -0.547142 0.530131 -0.203462
1337.76 891.519 1778.11 -0.523616 0.543356 -0.209716
1350.59 873.804 1775.5 -0.515025 0.545449 -0.215311
1328.58 871.687 1778.28 -0.518485 0.543125 -0.201365
1245.66 872.083 1762.58 -0.50912 0.525619 -0.157615
1340.97 845.684 1796.71 -0.51504 0.554057 -0.209509
1308.4 936.86 1776.92 -0.540072 0.531782 -0.199097
1325.98 887.262 1772.23 -0.520629 0.539042 -0.200609
1245.26 898.551 1757.07 -0.515293 0.519361 -0.158058
1341.36 896.44 1802.45 -0.529978 0.553907 -0.216543
1252.88 853.203 1768.3 -0.506055 0.530121 -0.161045
1255.72 907.037 1758.59 -0.520757 0.519512 -0.163226
1332.72 927.646 1776.94 -0.534174 0.538913 -0.213322
1307.06 918.442 1764.44 -0.528575 0.529262 -0.192953
1326.57 905.667 1768.23 -0.524314 0.53579 -0.203136
1333.98 942.751 1774.99 -0.53772 0.537359 -0.218255
1320.06 892.955 1790.68 -0.529507 0.544848 -0.199002
1280.11 952.152 1766.15 -0.542975 0.51956 -0.183964
1312.13 864.932 1799.48 -0.522177 0.54881 -0.191343
1298.49 931.025 1798.65 -0.540514 0.53691 -0.190136
1303.53 944.282 1802.26 -0.543827 0.537481 -0.199083
1292.14 952.154 1796.85 -0.547362 0.531023 -0.193294
1286.08 932.22 1791.08 -0.541251 0.530693 -0.181827
1284.5 944.963 1790.26 -0.545762 0.527941 -0.184999
1252.61 859.205 1792.46 -0.518412 0.539113 -0.159534
1274.96 937.281 1785.17 -0.542135 0.524719 -0.17558
1263.99 856.848 1799.59 -0.520036 0.542999 -0.164738
1296.58 911.687 1798.99 -0.535258 0.539803 -0.184237
1263.58 943.231 1778.54 -0.543132 0.519383 -0.170107
1285.66 919.316 1791.67 -0.537172 0.533366 -0.178681
1263.09 869.857 1795.37 -0.522303 0.539618 -0.16353
1274.75 867.407 1801.38 -0.522919 0.543551 -0.169392
1248.69 876.242 1788.35 -0.521643 0.534676 -0.156087
1269.61 909.4 1788.1 -0.532894 0.530422 -0.167491
