x y z dx dy dz
1278.57 937.489 1800.49 -0.74942 0.856992 -0.299498
1278.45 913.058 1802.38 -0.740047 0.858082 -0.303533
1277.25 949.092 1801.64 -0.752367 0.856035 -0.299123
1269.3 943.464 1795.71 -0.757546 0.855111 -0.283494
1268.05 954.943 1797.45 -0.760576 0.854612 -0.284008
1270.24 931.284 1795.89 -0.752997 0.856563 -0.285263
1260.02 949.803 1790.96 -0.765232 0.853316 -0.268605
1252.33 931.123 1786.34 -0.761604 0.85515 -0.255324
1253.04 919.488 1788.95 -0.754749 0.85609 -0.259264
1253.77 908.542 1792.24 -0.748578 0.856734 -0.264735
1254.58 897.715 1795.85 -0.742013 0.85684 -0.270533
1245.54 890.874 1793.65 -0.741657 0.856716 -0.260818
1255.27 886.549 1799.5 -0.735662 0.856178 -0.277921
1246.14 879.489 1797.35 -0.735021 0.854739 -0.268582
1255.74 875.187 1803.04 -0.729356 0.854252 -0.285018
1246.8 867.949 1801.01 -0.730197 0.853529 -0.276177
1247.5 856.469 1804.54 -0.725273 0.851954 -0.284838
1263.56 904.505 1797.85 -0.741132 0.856931 -0.282172
1265.28 882.142 1804.97 -0.729845 0.85655 -0.295569
1262.38 914.611 1794.65 -0.747343 0.856454 -0.276101
1264.8 893.717 1801.44 -0.735575 0.857018 -0.288882
1275.13 902.031 1803.46 -0.73561 0.857558 -0.301943
1279.18 925.389 1800.94 -0.744598 0.857794 -0.301864
1251.36 943.67 1785.04 -0.76832 0.853834 -0.252748
1260.92 937.425 1790.57 -0.760923 0.854985 -0.269133
1261.73 925.535 1792.11 -0.754194 0.856464 -0.272168
1271.25 919.382 1797.83 -0.747275 0.857744 -0.289917
1270.88 910.241 1799.57 -0.741147 0.857466 -0.29155
1279.01 849.672 1795.54 -0.731196 0.858038 -0.333309
1268.73 846.087 1790.72 -0.73335 0.857238 -0.319922
1271.67 857.387 1790.19 -0.736976 0.858658 -0.317602
1261.34 853.871 1785.54 -0.738723 0.858209 -0.304333
1264.24 865.156 1785.12 -0.742198 0.85925 -0.302326
1253.88 861.726 1780.63 -0.743437 0.859018 -0.289141
1251.03 850.382 1780.79 -0.739993 0.857852 -0.291265
1246.4 869.696 1775.9 -0.748044 0.859669 -0.274038
1282.06 860.904 1794.69 -0.734562 0.859686 -0.332179
1319.89 894.057 1803.49 -0.734485 0.866237 -0.381291
1323.05 905.217 1801.64 -0.739175 0.867372 -0.384115
1312.82 901.504 1797.25 -0.743506 0.865776 -0.366098
1315.82 912.588 1795.73 -0.747339 0.866456 -0.369031
1305.56 909.255 1791.38 -0.750985 0.86489 -0.351099
1248.68 944.227 1758.77 -0.78473 0.859552 -0.251156
1258.51 947.715 1764.16 -0.784451 0.859368 -0.266448
1255.88 936.001 1763.74 -0.778856 0.85999 -0.263611
1265.86 939.42 1768.34 -0.778304 0.860273 -0.278705
1263.09 927.598 1768.95 -0.773087 0.860378 -0.276294
1273.37 930.914 1772.93 -0.772272 0.861126 -0.292326
1269.76 918.952 1774 -0.767115 0.861017 -0.288708
1302.47 898.022 1793.19 -0.746271 0.864233 -0.349025
1308.28 920.582 1790.27 -0.75489 0.865219 -0.353783
1252.13 924.329 1764.83 -0.773042 0.860319 -0.259814
1275.65 942.844 1773.31 -0.776964 0.860531 -0.294698
1318.02 923.433 1794.84 -0.750846 0.866894 -0.371358
1295.12 905.926 1787.56 -0.753183 0.86383 -0.334216
1291.88 894.596 1789.6 -0.748126 0.862819 -0.332552
1299.19 886.833 1795.29 -0.74104 0.86307 -0.347576
1283.26 934.295 1777.14 -0.770578 0.861769 -0.308533
1285.04 946.146 1778.57 -0.774326 0.861222 -0.311603
1310.61 932.209 1790.4 -0.758134 0.865313 -0.356969
1277.13 954.374 1775.93 -0.780012 0.859772 -0.29804
1284.42 902.568 1784.27 -0.754792 0.86246 -0.317716
1281.1 891.183 1786.32 -0.749791 0.86166 -0.316351
1273.59 899.185 1781.24 -0.756063 0.861355 -0.301238
1331.54 946.388 1802.59 -0.746928 0.869117 -0.397515
1302.89 868.135 1803.33 -0.728747 0.861483 -0.361753
1270.32 887.77 1783.06 -0.75102 0.86103 -0.300899
1262.83 895.732 1778.16 -0.756814 0.860875 -0.285921
1287.67 914.088 1782.35 -0.759803 0.863021 -0.319528
1294.14 949.452 1784.13 -0.770669 0.862108 -0.327756
1300.71 929.13 1785.62 -0.761705 0.864106 -0.339298
1277.78 879.848 1788.05 -0.74526 0.860862 -0.316049
1299.59 856.957 1804.9 -0.725276 0.859883 -0.361932
1259.6 884.296 1779.53 -0.751725 0.860437 -0.285793
1331.16 934.415 1801.15 -0.746007 0.86903 -0.395681
1266.13 907.248 1776.07 -0.761543 0.860975 -0.286624
1255.32 903.554 1772.95 -0.761583 0.860849 -0.27064
1323.83 942.378 1797.89 -0.752251 0.867547 -0.382165
1258.53 915.198 1770.54 -0.767261 0.860456 -0.271825
1246.87 911.661 1766.59 -0.767186 0.860134 -0.255535
1302.91 941.167 1787.04 -0.764594 0.863773 -0.342944
1267.95 951.223 1769.88 -0.783045 0.859409 -0.281751
1276.99 910.706 1779.11 -0.761052 0.861679 -0.302767
1288.55 883.326 1791.64 -0.743211 0.861966 -0.331567
1306.28 879.281 1801.37 -0.733134 0.863093 -0.362542
1309.62 890.399 1799.25 -0.737937 0.864436 -0.363975
1335.27 921.857 1804.51 -0.738831 0.869777 -0.404411
1326.22 916.686 1800.44 -0.743458 0.868196 -0.387802
1295.82 875.656 1797.33 -0.736301 0.861915 -0.346623
1280.34 922.426 1777.47 -0.76613 0.861951 -0.305417
1298.11 917.387 1786.03 -0.758017 0.864086 -0.336272
1322.07 952.371 1799.48 -0.753501 0.866856 -0.380425
1313.87 944.821 1793.23 -0.758883 0.865562 -0.36362
1289.29 853.282 1800.27 -0.728546 0.858957 -0.347545
1249.28 880.939 1775.61 -0.752045 0.86028 -0.272275
1292.48 864.476 1799.04 -0.732047 0.860379 -0.346601
1285.24 872.099 1793.39 -0.738936 0.860848 -0.331239
1245.62 933.034 1759.14 -0.77897 0.860171 -0.248092
1274.71 868.606 1789.37 -0.740689 0.859803 -0.316733
1267.2 876.433 1784.35 -0.746368 0.860411 -0.301231
1290.61 925.811 1781.29 -0.764492 0.863038 -0.322197
1292.91 937.74 1781.76 -0.768111 0.862677 -0.325029
1256.72 873.044 1780.31 -0.747201 0.85974 -0.287093
1252.39 892.063 1774.8 -0.756457 0.860573 -0.271142
1303.37 953.258 1790.24 -0.765498 0.863383 -0.345274
1326.07 925.806 1798.87 -0.74686 0.86823 -0.386219
1245.71 898.893 1770.09 -0.760501 0.860725 -0.258384
1320.01 933.461 1795.23 -0.752822 0.867084 -0.374603
1342.3 847.115 1769.82 -0.735282 0.867954 -0.425474
1334.49 854.317 1768.14 -0.739616 0.86801 -0.409989
1345.38 858.312 1767.72 -0.738101 0.869409 -0.425291
1336.77 865.823 1765.99 -0.743103 0.869302 -0.408817
1347.85 869.634 1765.62 -0.741231 0.870761 -0.424742
1338.86 877.239 1763.88 -0.746724 0.870513 -0.407767
1350.07 881.031 1763.54 -0.744209 0.872 -0.424232
1341.59 888.747 1761.83 -0.749689 0.871496 -0.408238
1352.59 892.524 1761.51 -0.746832 0.872987 -0.424433
1344.11 900.458 1759.78 -0.752458 0.872412 -0.408458
1345.83 911.917 1757.81 -0.755255 0.873263 -0.408108
1333.45 906.839 1758.24 -0.757934 0.871499 -0.389872
1336.65 919.619 1756.1 -0.761149 0.872292 -0.391562
1325.55 915.991 1756.19 -0.763423 0.870716 -0.37489
1327.83 927.621 1754.23 -0.766704 0.871204 -0.375996
1316.43 923.854 1754.02 -0.769132 0.869615 -0.358733
1318.82 935.405 1752.09 -0.772418 0.870084 -0.360221
1307.81 931.481 1751.45 -0.774414 0.868697 -0.343568
1309.87 942.97 1749.54 -0.778279 0.868993 -0.345091
1298.88 938.898 1748.24 -0.779793 0.867834 -0.328316
1300.87 950.336 1746.5 -0.783836 0.868155 -0.329721
1289.99 945.964 1744.43 -0.785181 0.866945 -0.312731
1321.01 947.044 1750.24 -0.775646 0.870535 -0.361809
1314.6 912.487 1756.08 -0.765085 0.869332 -0.358375
1287.22 933.457 1746.54 -0.780438 0.866615 -0.31038
1281.35 953.895 1740.24 -0.791017 0.866087 -0.298087
1325.63 861.751 1766.35 -0.744369 0.867937 -0.393523
1250.03 858.891 1755.13 -0.754112 0.86416 -0.285094
1245.27 869.083 1751.22 -0.758325 0.864909 -0.273272
1254.96 848.721 1759 -0.749798 0.862951 -0.296888
1256.39 869.416 1755.71 -0.75714 0.864577 -0.288278
1251.71 879.665 1752.07 -0.761651 0.865009 -0.276663
1263.06 880.114 1755.84 -0.760551 0.865012 -0.292701
1258.58 890.478 1752.15 -0.765429 0.865179 -0.281825
1267.91 869.566 1759.02 -0.75579 0.864491 -0.304193
1274.67 880.201 1758.49 -0.75915 0.865148 -0.309121
1279.65 869.42 1761.3 -0.754578 0.864957 -0.3213
1286.44 879.832 1760.28 -0.757591 0.865978 -0.326521
1281.5 890.908 1757.35 -0.762747 0.866015 -0.314884
1245.11 923.117 1734.28 -0.783877 0.866055 -0.251816
1329.18 885.439 1761.99 -0.751944 0.870045 -0.389479
1247.03 941.564 1728.35 -0.792931 0.865715 -0.249592
1291.45 868.955 1762.82 -0.752925 0.865766 -0.338769
1284.72 858.799 1763.92 -0.750137 0.864577 -0.333457
1298.25 879.073 1761.51 -0.755752 0.866815 -0.344509
1339.11 931.574 1754.14 -0.763749 0.873024 -0.392876
1296.48 858.33 1765.25 -0.748285 0.865302 -0.350971
1289.91 848.372 1766.55 -0.745686 0.863906 -0.3464
1278.08 848.66 1764.88 -0.747189 0.863318 -0.329238
1352.71 947.339 1751.96 -0.763051 0.876112 -0.411748
1249.44 906.589 1743.33 -0.774327 0.865805 -0.262938
1313.19 847.948 1768.46 -0.742016 0.865612 -0.380759
1253.34 952.136 1729.01 -0.796868 0.865464 -0.256217
1257.93 941.898 1733.21 -0.791189 0.865635 -0.265102
1264.3 952.176 1733.82 -0.794594 0.865358 -0.272079
1268.46 942.024 1737.64 -0.789131 0.865491 -0.28
1262.68 932.159 1738.41 -0.785514 0.865582 -0.274238
1274.04 932.456 1742.63 -0.783157 0.865545 -0.290086
1267.17 922.539 1743.74 -0.779749 0.865535 -0.283034
1279.09 922.402 1747.55 -0.777183 0.866061 -0.300472
1271.76 912.284 1749.05 -0.773776 0.86591 -0.292836
1283.8 912.02 1752.02 -0.771534 0.866388 -0.310803
1276.69 901.736 1753.72 -0.767836 0.865868 -0.303868
1288.49 901.212 1755.84 -0.765996 0.866756 -0.321359
1295.6 911.346 1754.23 -0.769037 0.867444 -0.329094
1300.36 900.652 1757.3 -0.763658 0.867801 -0.339962
1265.38 902.246 1750.79 -0.769933 0.865792 -0.286916
1293.35 890.223 1758.9 -0.760806 0.866926 -0.33261
1305.27 889.402 1760.01 -0.758557 0.86789 -0.351132
1309.79 877.709 1762.53 -0.753255 0.867773 -0.362586
1312.81 900.669 1758.29 -0.761228 0.868997 -0.359197
1291.21 921.441 1750.8 -0.77411 0.867029 -0.319533
1317.12 887.971 1760.98 -0.755787 0.868857 -0.370012
1324.94 897.254 1759.61 -0.757516 0.870143 -0.379416
1256.15 922.891 1739.36 -0.782065 0.865612 -0.267113
1332.28 951.095 1750.44 -0.772705 0.872397 -0.379057
1311.94 954.56 1747.84 -0.781502 0.869454 -0.346581
1330.11 939.368 1752.32 -0.769672 0.87175 -0.377332
1304.11 920.048 1753.36 -0.770739 0.868408 -0.340082
1258.92 911.699 1745.13 -0.775653 0.865537 -0.274515
1261.33 859.066 1759.08 -0.752811 0.863774 -0.300137
1266.4 848.772 1762.43 -0.748403 0.862637 -0.312855
1272.95 859.051 1761.95 -0.751525 0.8639 -0.316547
1348.15 923.732 1755.83 -0.75828 0.874147 -0.409137
1327.64 872.704 1764.33 -0.747714 0.869073 -0.39189
1350.46 935.572 1753.88 -0.760502 0.875095 -0.409937
1251.68 932.013 1733.72 -0.787435 0.865799 -0.258428
1269.88 891.059 1755.16 -0.764228 0.865472 -0.29764
1341.39 943.375 1752.21 -0.766557 0.873649 -0.394354
1301.75 847.927 1767.71 -0.74372 0.864767 -0.36361
1303.25 868.208 1763.91 -0.750953 0.866687 -0.356541
1315.72 867.43 1764.81 -0.748597 0.86751 -0.375589
1247.36 889.487 1747.96 -0.766216 0.86552 -0.266341
1278.99 943.014 1741.43 -0.786827 0.865871 -0.295847
1324.21 850.188 1768.56 -0.740662 0.866741 -0.396429
1254.99 899.798 1748.14 -0.770116 0.865515 -0.273002
1307.84 857.722 1766.21 -0.746591 0.866198 -0.368145
1334.7 895.804 1760.29 -0.754275 0.871067 -0.394983
1322.43 906.812 1757.7 -0.761089 0.870093 -0.372117
1319.43 878.348 1762.91 -0.751669 0.868632 -0.376944
1317.33 856.993 1766.9 -0.744548 0.866833 -0.382621
1248.64 914.865 1739.51 -0.779379 0.865876 -0.259117
1297.9 929.131 1750.22 -0.776153 0.867655 -0.328502
1305.1 909.991 1755.71 -0.766519 0.86846 -0.344336
1352.17 850.273 1769.51 -0.733389 0.86904 -0.439388
1272.75 950.877 1737.47 -0.791881 0.865525 -0.285194
1245.04 889.476 1699.91 -0.775246 0.869325 -0.263963
1252.91 898.565 1698.48 -0.778263 0.868798 -0.269594
1245.24 858.145 1705.81 -0.76426 0.868622 -0.278062
1248.84 909.634 1696.29 -0.782656 0.868712 -0.260502
1260.72 907.658 1697.05 -0.78074 0.868212 -0.275636
1268.49 916.754 1695.62 -0.783183 0.867779 -0.281374
1272.59 905.691 1697.79 -0.778805 0.868078 -0.290105
1280.34 914.793 1696.36 -0.780807 0.867972 -0.296228
1284.46 903.729 1698.53 -0.77646 0.868221 -0.305377
1292.2 912.834 1697.1 -0.778175 0.868209 -0.311796
1296.32 901.77 1699.25 -0.773606 0.868347 -0.320819
1304.04 910.876 1697.82 -0.774887 0.868526 -0.327072
1308.17 899.811 1699.96 -0.770347 0.868634 -0.336173
1315.88 908.919 1698.54 -0.771347 0.868973 -0.342851
1320.02 897.853 1700.67 -0.76686 0.868959 -0.351583
1311.75 919.984 1696.41 -0.775997 0.868793 -0.334005
1323.58 918.027 1697.13 -0.771767 0.869474 -0.349392
1249.59 847.056 1708.08 -0.760399 0.867681 -0.28852
1319.45 929.093 1695 -0.776096 0.869152 -0.340656
1331.28 927.138 1695.74 -0.771633 0.870109 -0.356399
1343.11 925.183 1696.47 -0.766387 0.871191 -0.372002
1312.31 888.745 1702.09 -0.766197 0.86858 -0.345422
1324.15 886.786 1702.79 -0.762386 0.868897 -0.361002
1316.45 877.681 1704.23 -0.761966 0.868484 -0.354872
1328.29 875.724 1704.93 -0.758133 0.868706 -0.370351
1320.59 866.624 1706.38 -0.757658 0.868146 -0.364546
1332.43 864.67 1707.08 -0.753833 0.868379 -0.380175
1324.73 855.579 1708.56 -0.753341 0.86772 -0.374494
1336.56 853.627 1709.28 -0.749474 0.867956 -0.390266
1344.26 862.716 1707.8 -0.74918 0.868694 -0.396154
1308.74 868.579 1705.68 -0.760934 0.86803 -0.348907
1317.03 846.497 1710.07 -0.752414 0.867091 -0.368931
1276.7 894.623 1699.96 -0.774408 0.868232 -0.299178
1257.42 856.202 1706.53 -0.762968 0.867757 -0.292888
1335.99 884.828 1703.49 -0.758199 0.869431 -0.37697
1256.98 887.487 1700.66 -0.773707 0.868583 -0.278915
1293.34 850.387 1708.66 -0.75799 0.867303 -0.337877
1281.43 852.329 1707.95 -0.760034 0.86742 -0.322507
1289.15 861.429 1706.45 -0.761975 0.867745 -0.327999
1277.22 863.378 1705.74 -0.763879 0.867847 -0.31269
1284.98 872.486 1704.27 -0.766005 0.86802 -0.318172
1273.05 874.442 1703.56 -0.767884 0.868248 -0.303007
1301.03 859.48 1707.15 -0.759501 0.867642 -0.343164
1280.83 883.553 1702.11 -0.770083 0.868227 -0.308579
1292.72 881.595 1702.83 -0.767928 0.868255 -0.324006
1288.58 892.662 1700.68 -0.772235 0.868293 -0.314559
1268.91 885.516 1701.39 -0.772053 0.868346 -0.293426
1264.8 896.59 1699.22 -0.77647 0.868412 -0.284335
1261.08 876.405 1702.84 -0.769583 0.868353 -0.287927
1253.2 867.286 1704.31 -0.766996 0.8682 -0.283275
1335.42 916.071 1697.85 -0.76705 0.870319 -0.365203
1347.25 914.115 1698.57 -0.761932 0.871253 -0.380989
1339.55 905.003 1699.96 -0.762524 0.870339 -0.374092
1351.38 903.047 1700.68 -0.757332 0.871197 -0.390191
1343.69 893.936 1702.08 -0.758112 0.870212 -0.38329
1347.82 882.871 1704.2 -0.753482 0.869992 -0.392776
1331.85 895.894 1701.37 -0.76272 0.869602 -0.367447
1327.72 906.961 1699.25 -0.767347 0.869564 -0.358287
1351.96 871.812 1706.35 -0.749037 0.86961 -0.40243
1269.46 854.269 1707.25 -0.761462 0.867517 -0.30792
1265.24 865.328 1705.03 -0.765448 0.868033 -0.297578
1249.08 878.383 1702.1 -0.771061 0.868855 -0.273248
1350.8 934.298 1695.1 -0.765576 0.87213 -0.37907
1261.7 845.16 1708.78 -0.759193 0.867087 -0.303199
1296.87 870.532 1704.98 -0.763531 0.868018 -0.333444
1354.94 923.229 1697.19 -0.760945 0.872187 -0.38783
1340.13 873.768 1705.63 -0.753901 0.869167 -0.386491
1304.59 879.638 1703.53 -0.765225 0.868292 -0.339325
1312.88 857.53 1707.85 -0.756673 0.867647 -0.358724
1305.19 848.443 1709.36 -0.75553 0.8672 -0.353336
1299.91 921.94 1695.67 -0.779411 0.868134 -0.318433
1348.39 851.676 1710.01 -0.744993 0.868309 -0.406321
1300.45 890.704 1701.39 -0.769305 0.868358 -0.329893
1287.3 847.539 1696.42 -0.758062 0.866718 -0.328892
1301.11 849.415 1697.25 -0.75655 0.86651 -0.344587
1345.86 865.149 1696.08 -0.749021 0.867628 -0.391685
1293.58 861.594 1697.42 -0.761334 0.867332 -0.331057
1319.3 862.281 1696.73 -0.756232 0.867034 -0.361
1264.13 853.935 1697.06 -0.762427 0.867593 -0.300228
1329.79 850.201 1699.73 -0.750229 0.86653 -0.379147
1336.81 876.297 1696.45 -0.755274 0.868011 -0.377292
1343.03 853.724 1699.08 -0.74715 0.866989 -0.393532
1298.86 872.698 1695.57 -0.763793 0.867482 -0.332656
1315.02 846.448 1699.62 -0.753022 0.866296 -0.362826
1281.93 857.644 1698.42 -0.761897 0.867443 -0.319151
1322.71 853.92 1738.32 -0.752266 0.869083 -0.38315
1327.72 906.159 1725.93 -0.767778 0.871426 -0.369605
1340.71 952.242 1718.85 -0.776305 0.87405 -0.375435
1347.98 925.086 1727.83 -0.765612 0.874333 -0.394894
1348.14 883.61 1731.38 -0.754073 0.872426 -0.406272
1294.02 847.393 1736.13 -0.755904 0.867444 -0.346704
1320.08 931.312 1723.91 -0.778016 0.871183 -0.352643
1303.51 874.844 1736.25 -0.762598 0.869064 -0.34851
1295.39 904.356 1726.04 -0.775168 0.869234 -0.325436
1276.4 869.222 1734.9 -0.764301 0.867847 -0.313919
1294.65 929.581 1719.07 -0.784724 0.868872 -0.316445
1272.64 895.286 1725.44 -0.774987 0.868309 -0.297942
1279.56 953.942 1715.51 -0.796536 0.867273 -0.290064
1318.74 878.538 1733.84 -0.760933 0.870232 -0.367462
1269.6 918.528 1720.47 -0.784205 0.867807 -0.285729
1253.29 880.126 1725.81 -0.770577 0.868315 -0.279099
1345.99 860.793 1732.27 -0.748389 0.870604 -0.410476
1247.07 859.069 1727.95 -0.762873 0.867794 -0.280959
1252.33 907.554 1718.88 -0.781582 0.868402 -0.26683
1264.88 930.848 1708.94 -0.790518 0.867716 -0.274732
1341.85 899.042 1731.04 -0.760597 0.872549 -0.393012
1312.37 915.537 1714.43 -0.775698 0.870057 -0.342077
1320.52 954.368 1735.73 -0.782266 0.871188 -0.354724
1341.73 852.025 1748.01 -0.744569 0.869659 -0.414217
1308.97 887.958 1720.33 -0.76768 0.869671 -0.347125
1287.34 891.093 1741.69 -0.768403 0.868141 -0.321374
1308.93 846.512 1748.15 -0.750525 0.867335 -0.369987
1334.18 937.49 1731.07 -0.773724 0.872806 -0.374676
1340.75 912.999 1719.06 -0.765501 0.872354 -0.382812
1304.2 861.189 1729.56 -0.759278 0.868624 -0.352797
1334 935.527 1713.2 -0.774741 0.872208 -0.366257
1323.69 893.046 1735.58 -0.763919 0.870953 -0.370779
1315.98 872.209 1748.03 -0.756394 0.869272 -0.370041
1283.75 882.741 1716.93 -0.770369 0.868751 -0.315327
1334.61 867.491 1743.6 -0.751878 0.870374 -0.396781
1306.64 944.942 1723.68 -0.78634 0.869696 -0.331408
1328.06 921.742 1740.95 -0.769446 0.871871 -0.372463
1319.85 950.851 1709.18 -0.784391 0.870741 -0.342755
1306.46 926.024 1730.69 -0.779159 0.869759 -0.336859
1289.19 869.788 1748.99 -0.759356 0.867273 -0.333087
1346.37 942.672 1706 -0.771128 0.873387 -0.377677
1339.03 884.28 1717.1 -0.758211 0.870958 -0.387116
1247.97 923.663 1713.84 -0.788314 0.867959 -0.255761
1249.13 952.73 1708.02 -0.801079 0.866846 -0.248697
1298.85 944.237 1706.49 -0.788677 0.868902 -0.315181
1329.25 920.098 1712.5 -0.771921 0.87135 -0.362851
1280.8 854.381 1728.65 -0.760629 0.86779 -0.325075
1352.52 864.884 1749.52 -0.744215 0.87145 -0.426354
1289.91 913.657 1711.07 -0.78013 0.868846 -0.312164
1310.78 907.576 1737.94 -0.770669 0.870135 -0.349163
1279.38 910.024 1734.89 -0.777586 0.867874 -0.303191
1259.95 860.517 1742.84 -0.75984 0.866449 -0.297203
1280.43 858.201 1748.23 -0.756977 0.866462 -0.325998
1265.54 861.421 1720.11 -0.764914 0.868106 -0.302024
1336.51 887.053 1749.02 -0.755206 0.871414 -0.395946
1295.82 874.331 1717.59 -0.765796 0.868862 -0.333941
1278.04 934.682 1727.93 -0.788226 0.867323 -0.293811
1256.55 895.15 1731.85 -0.774496 0.86776 -0.277376
1265.47 884.238 1738.75 -0.768697 0.867486 -0.293841
1268.21 882.137 1718.17 -0.771837 0.868676 -0.296401
1306.35 929.724 1709.92 -0.782073 0.869438 -0.329233
1329.22 866.478 1720.98 -0.756074 0.869732 -0.381138
1280.12 932.617 1708.85 -0.788937 0.868156 -0.293853
1307.78 860.328 1747.39 -0.754925 0.868184 -0.362501
1344.72 869.561 1718.79 -0.752052 0.870507 -0.399844
1311.59 871.203 1718.41 -0.761744 0.869121 -0.355458
1343.74 914.953 1744.37 -0.761437 0.873543 -0.398415
1351.46 892.305 1718.75 -0.755891 0.87251 -0.402342
1265.37 904.767 1710.28 -0.78058 0.868675 -0.283638
1286.3 896.558 1712.48 -0.774798 0.868872 -0.313028
1252.63 848.138 1743.54 -0.755977 0.86568 -0.293821
1259.77 893.627 1714.52 -0.776673 0.868716 -0.28112
1303.32 892.946 1736.83 -0.768061 0.869407 -0.342357
1324.12 854.915 1754.98 -0.747719 0.868406 -0.390273
1353.36 933.71 1741.13 -0.762907 0.875579 -0.408024
1351.71 892.31 1748.69 -0.751611 0.873399 -0.417212
1262.72 908.203 1733.56 -0.778674 0.86738 -0.28097
1343.53 845.576 1724.61 -0.745508 0.868867 -0.408996
1326.35 895.012 1715.57 -0.765353 0.87051 -0.366355
1326.6 908.194 1744.6 -0.765054 0.871352 -0.374239
1254.68 922.061 1725.15 -0.78602 0.867325 -0.265275
1288.77 921.945 1736.55 -0.779933 0.868004 -0.313568
1261.59 916.287 1707.87 -0.785182 0.868334 -0.274968
1302.95 905.196 1710.35 -0.774552 0.869281 -0.331189
1278.76 880.944 1746.94 -0.764315 0.867145 -0.313757
1298.29 890.319 1711.79 -0.77061 0.869033 -0.330296
1294.78 882.516 1747.99 -0.763037 0.868046 -0.335844
1315.8 943.504 1738.15 -0.779992 0.87041 -0.350043
1287.11 948.34 1729.33 -0.791037 0.867503 -0.304736
1319.65 935.417 1706.88 -0.779669 0.870396 -0.344516
1250.27 867.44 1717.25 -0.76747 0.86871 -0.280683
1294.4 855.03 1754.75 -0.75252 0.866398 -0.347514
1350.96 849.2 1739 -0.742588 0.870071 -0.424314
1294.25 905.15 1743.66 -0.771307 0.868333 -0.327027
1267.79 947.216 1703.09 -0.796538 0.867282 -0.273407
1349.58 877.945 1751 -0.748132 0.872175 -0.418718
1345.17 945.666 1740.71 -0.769327 0.874829 -0.394472
1348.26 939.474 1722.53 -0.769434 0.874664 -0.390075
1278.79 868.839 1718.26 -0.766258 0.868432 -0.314689
1274.42 897.215 1742.29 -0.771339 0.867266 -0.301233
1300.4 919.207 1706.76 -0.779614 0.868965 -0.32307
1352.88 854.299 1757.69 -0.738989 0.870391 -0.434024
1322.7 882.246 1715.29 -0.762567 0.869835 -0.365294
1350.2 912.177 1728.92 -0.761007 0.874079 -0.401004
1335.69 915.178 1731.4 -0.767039 0.872431 -0.380875
1325.69 947.112 1722.56 -0.780744 0.872059 -0.357361
1309.4 850.049 1733.75 -0.754447 0.868225 -0.365186
1288.14 876.568 1733.56 -0.765764 0.868501 -0.326426
1315.88 865.336 1733.19 -0.757785 0.869424 -0.367794
1301.4 915.646 1723.01 -0.778165 0.869571 -0.329874
1328.57 847.092 1720.3 -0.750345 0.868196 -0.387012
1312.93 903.067 1723.03 -0.771295 0.870282 -0.348892
1335 926.228 1724.39 -0.771265 0.872531 -0.374745
1255.75 875.577 1743.1 -0.764381 0.866492 -0.284681
1270.77 869.152 1747.9 -0.760693 0.866383 -0.307803
1267.17 944.671 1722.18 -0.794298 0.866868 -0.276233
1323.71 907.365 1710.93 -0.769878 0.870562 -0.357862
1284.87 947.566 1702.08 -0.793174 0.867823 -0.294931
1325.22 881.568 1751 -0.756158 0.870188 -0.381197
1310.07 883.465 1749.44 -0.76053 0.869085 -0.358141
1343.21 926.379 1707.99 -0.768248 0.87246 -0.377758
1251.84 938.529 1702.67 -0.794677 0.867554 -0.255263
1354.49 880.218 1715.87 -0.751242 0.871517 -0.408104
1273.4 893.744 1711.5 -0.775399 0.868733 -0.297422
1293.55 933.322 1703.3 -0.786002 0.868465 -0.309728
1309.51 948.166 1702.22 -0.78661 0.869403 -0.326861
1271.54 921.818 1733.78 -0.782756 0.867047 -0.288796
1348.57 953.435 1701.45 -0.77265 0.87373 -0.375951
1319.03 916.844 1728.86 -0.773294 0.870939 -0.355937
1320.7 930.555 1741.79 -0.77408 0.870763 -0.360117
1246.4 936.108 1717.13 -0.793106 0.867106 -0.249867
1338.76 861.85 1756.89 -0.745208 0.869831 -0.40985
1294.62 937.805 1735.21 -0.784485 0.868091 -0.318723
1329.82 944.023 1703.65 -0.77822 0.87127 -0.354508
1300.56 916.248 1742.31 -0.774428 0.868735 -0.333175
1248.61 862.81 1741.44 -0.76082 0.866385 -0.281326
1315.2 856.292 1720.45 -0.756327 0.868509 -0.366177
1335.69 852.838 1732.17 -0.749246 0.869456 -0.399123
1285.41 896.81 1730.26 -0.773436 0.868657 -0.315004
1278.78 884.474 1731.45 -0.769649 0.86824 -0.310663
1277.87 913.595 1707.16 -0.782043 0.868531 -0.295779
1351.7 871.091 1736.52 -0.748694 0.871924 -0.417206
1278.48 906.663 1720.19 -0.779001 0.868469 -0.301082
1338.75 930.141 1743.56 -0.76731 0.873384 -0.388
1335.45 878.372 1733.12 -0.756602 0.871111 -0.390463
1353.01 905.022 1712.71 -0.7586 0.872864 -0.398101
1317.09 922.176 1705.79 -0.776234 0.869886 -0.343646
1261.57 871.438 1714.39 -0.768579 0.868516 -0.292213
1283.73 919.277 1722.71 -0.78243 0.86845 -0.304737
1260.89 869.827 1730.59 -0.766183 0.867853 -0.293538
1247.74 912.557 1705.62 -0.784459 0.868704 -0.258914
1261.47 933.186 1726.05 -0.789528 0.866868 -0.271462
1313.42 897.562 1709.47 -0.769386 0.869458 -0.346475
1291.32 863.407 1734.51 -0.761303 0.868213 -0.33599
1325.66 867.766 1755.01 -0.750819 0.869297 -0.387621
1303.12 871.979 1753.08 -0.756617 0.867929 -0.352667
1337.9 900.811 1711.3 -0.763161 0.871329 -0.378441
1294.31 886.881 1727.47 -0.769354 0.869107 -0.329835
1275.68 951.096 1728.87 -0.794102 0.866576 -0.287949
1297.29 893.664 1749.35 -0.765269 0.868231 -0.335938
1270.09 857.969 1736.1 -0.76098 0.867275 -0.310977
1342.86 857.557 1718.61 -0.749146 0.869469 -0.401123
1248.63 887.565 1738.03 -0.769749 0.867028 -0.269627
1289.33 941.736 1716.98 -0.790128 0.868316 -0.305979
1254.67 946.68 1718.7 -0.796896 0.866809 -0.258492
1254.25 881.973 1711.3 -0.772577 0.868865 -0.278832
1334.55 847.668 1759.42 -0.741718 0.86824 -0.409586
1312.75 898.326 1748.8 -0.764311 0.869613 -0.357456
1255.33 853.408 1717.1 -0.762469 0.867868 -0.293072
1340.07 911.579 1707.62 -0.765086 0.871602 -0.376869
1259.62 854.899 1730.66 -0.761281 0.867238 -0.298714
1328.82 944.5 1741.77 -0.775001 0.872156 -0.370566
1312.29 919.709 1744.2 -0.772269 0.869756 -0.350375
1338.77 899.985 1749.17 -0.757802 0.872178 -0.39587
1270.88 850.947 1719.1 -0.760984 0.867588 -0.312792
1247.23 889.606 1722.14 -0.774412 0.868658 -0.267238
1307.68 935.984 1740.2 -0.779546 0.869313 -0.339662
1297.37 859.337 1717.87 -0.760768 0.868268 -0.341592
1266.52 855.055 1750.72 -0.755584 0.865238 -0.308885
1255.8 925.922 1701.99 -0.789098 0.867926 -0.264131
1347.83 951.849 1779.19 -0.761174 0.874595 -0.417567
1341.78 871.796 1790.8 -0.735978 0.869846 -0.423361
1346.31 933.644 1778.54 -0.757664 0.873662 -0.415164
1343.31 903.228 1786.43 -0.746769 0.872013 -0.416537
1325.46 847.98 1793.68 -0.729951 0.865249 -0.405959
1329.16 884.308 1785.24 -0.744365 0.868919 -0.396416
1323.3 934.885 1773.85 -0.766092 0.869021 -0.3749
1315.47 864.967 1782.91 -0.742207 0.866727 -0.380699
1326.38 914.984 1776.88 -0.757984 0.869776 -0.382781
1342.84 887.399 1791.47 -0.739612 0.870969 -0.420564
1347.03 847.079 1781.33 -0.731927 0.868318 -0.437388
1312.81 944.065 1769.13 -0.77354 0.867331 -0.355603
1312.88 898.301 1777.11 -0.756207 0.867671 -0.364441
1299.75 854.598 1781.9 -0.741338 0.864157 -0.360709
1299.79 876.661 1778.44 -0.750001 0.865837 -0.35086
1313.32 925.226 1773.67 -0.765922 0.867717 -0.35931
1351.21 889.224 1776.56 -0.744695 0.872968 -0.429441
1342.88 941.328 1763.73 -0.765071 0.873659 -0.402476
1333.11 946.707 1788.54 -0.759072 0.870399 -0.39631
1353.64 904.689 1803.69 -0.732638 0.873436 -0.440073
1290.85 949.018 1760.94 -0.783157 0.86455 -0.317721
1328.9 898.485 1780.07 -0.751829 0.86978 -0.391253
1300.12 933.79 1764.95 -0.774286 0.866154 -0.335034
1325.23 864.912 1797.49 -0.732181 0.866121 -0.399445
1301.23 908.555 1771.8 -0.762915 0.866607 -0.342043
1329.85 859.201 1779.08 -0.740099 0.86782 -0.404843
1346.01 940.996 1794.76 -0.749797 0.873108 -0.42093
1287.71 865.351 1778.8 -0.746563 0.863757 -0.337221
1299.91 891.584 1775.76 -0.75604 0.86622 -0.345473
1340.66 917.165 1771.53 -0.757555 0.872584 -0.404834
1334.85 921.381 1789.47 -0.751875 0.870689 -0.399956
1275.94 942.762 1757.21 -0.783713 0.863375 -0.293797
1340.33 879.587 1777.63 -0.744538 0.870724 -0.414314
1331.72 896.68 1794.91 -0.7421 0.869445 -0.400284
1310.06 853.695 1796.18 -0.731146 0.86318 -0.37931
1292.29 921.165 1765.86 -0.770575 0.865426 -0.323995
1254.73 950.225 1745.04 -0.791179 0.863022 -0.25916
1286.13 881.289 1775.22 -0.753891 0.864423 -0.327581
1330 880.538 1799.09 -0.734385 0.867802 -0.402153
1336.19 951.881 1763.1 -0.770661 0.872597 -0.391166
1263.86 939.786 1750.03 -0.78489 0.863613 -0.274738
1286.77 895.781 1770.62 -0.760611 0.865115 -0.322829
1346.77 862.288 1779 -0.737103 0.870061 -0.430557
1279.23 853.437 1779.81 -0.742847 0.861829 -0.330531
1353.55 904.121 1771.96 -0.749446 0.874122 -0.428246
1309.62 883.104 1786.15 -0.746075 0.866206 -0.365294
1272.58 867.678 1775.34 -0.749437 0.86258 -0.313397
1315.95 876.028 1774.51 -0.749181 0.867685 -0.375392
1326.2 943.012 1763.52 -0.771629 0.870466 -0.375851
1316.2 849.545 1779.96 -0.73889 0.865745 -0.387502
1351.37 860.902 1794.69 -0.72888 0.869832 -0.444422
1330.89 934.496 1787.47 -0.757245 0.870011 -0.39183
1335.11 930.63 1765.3 -0.76438 0.87197 -0.391657
1316.55 909.668 1766.66 -0.761972 0.868844 -0.36501
1273.32 892.4 1769.44 -0.760435 0.86388 -0.303434
1285.19 934.226 1762.76 -0.777652 0.864043 -0.310053
1277.29 920.692 1762.26 -0.773249 0.864006 -0.300003
1325.11 921.284 1766.22 -0.764257 0.870052 -0.376782
1249.96 935.581 1745.45 -0.784727 0.863574 -0.254717
1318.07 876.564 1793.95 -0.738352 0.866289 -0.382361
1319.98 945.32 1783.61 -0.76548 0.867612 -0.372003
1344.97 928.79 1797.24 -0.745406 0.872551 -0.419867
1264.91 857.502 1773.39 -0.747149 0.861631 -0.307223
1328.17 909.488 1789.35 -0.750412 0.869407 -0.390347
1339.63 951.797 1796.94 -0.75183 0.871692 -0.411067
1321.78 927.543 1783.9 -0.759454 0.868443 -0.375536
1267.22 879.065 1770.27 -0.755774 0.863123 -0.300016
1284.68 908.499 1768.86 -0.765761 0.864741 -0.31537
1304.5 949.379 1759.82 -0.780367 0.866744 -0.339531
1270.48 929.758 1756.24 -0.778946 0.863724 -0.286733
1334.46 849.011 1779.43 -0.73593 0.867346 -0.415975
1270.56 907.486 1764.42 -0.767894 0.86365 -0.293829
1337.71 857.834 1793.17 -0.731487 0.867861 -0.422057
1302.86 867.565 1790.64 -0.739095 0.863992 -0.360798
1294.13 847.246 1793.01 -0.732591 0.860849 -0.357354
1296.9 946.449 1772.88 -0.775797 0.863928 -0.330343
1341.51 913.253 1797.77 -0.742059 0.871412 -0.415314
1315.11 911.515 1781.83 -0.757333 0.867634 -0.366051
1252.04 885.212 1763.68 -0.759596 0.863065 -0.274686
1257.03 867.897 1768.9 -0.752125 0.862248 -0.290494
1340.38 902.302 1771.74 -0.753089 0.872123 -0.407065
1305.09 864.377 1774.81 -0.746521 0.866071 -0.363283
1316.97 934.675 1762.97 -0.771146 0.868935 -0.361311
1263.28 918.422 1758.54 -0.773924 0.863166 -0.278736
1260.78 894.379 1765.56 -0.762631 0.863098 -0.283765
1309.87 885.936 1770.5 -0.754332 0.867469 -0.361585
1252.3 923.874 1751.15 -0.77833 0.863428 -0.261078
1317.85 951.938 1759.81 -0.777664 0.869272 -0.360749
1318.82 854.371 1804.88 -0.723368 0.863141 -0.394608
1354.66 895.775 1789.86 -0.74001 0.873685 -0.438993
1301.38 922.968 1775.83 -0.765419 0.865547 -0.339675
1350.59 931.497 1764.07 -0.759122 0.874797 -0.415889
1306.11 954.856 1779.23 -0.77419 0.865029 -0.34753
1337.76 891.519 1778.11 -0.748503 0.870907 -0.407105
1350.59 873.804 1775.5 -0.740593 0.871697 -0.432006
1328.58 871.687 1778.28 -0.744599 0.868757 -0.398161
1245.66 872.083 1762.58 -0.755213 0.862793 -0.272048
1340.97 845.684 1796.71 -0.725256 0.866569 -0.43296
1308.4 936.86 1776.92 -0.768726 0.866023 -0.35056
1325.98 887.262 1772.23 -0.751551 0.869568 -0.387332
1245.26 898.551 1757.07 -0.766189 0.863256 -0.259331
1341.36 896.44 1802.45 -0.734137 0.870553 -0.419155
1252.88 853.203 1768.3 -0.747414 0.861203 -0.292222
1255.72 907.037 1758.59 -0.769326 0.863167 -0.271084
1332.72 927.646 1776.94 -0.760186 0.870888 -0.391938
1307.06 918.442 1764.44 -0.76758 0.867694 -0.347775
1326.57 905.667 1768.23 -0.758068 0.870076 -0.382486
1333.98 942.751 1774.99 -0.765121 0.871403 -0.392823
1320.06 892.955 1790.68 -0.745543 0.867591 -0.38011
1280.11 952.152 1766.15 -0.783524 0.861931 -0.301041
1312.13 864.932 1799.48 -0.731208 0.863792 -0.377802
1298.49 931.025 1798.65 -0.749749 0.862109 -0.335285
1303.53 944.282 1802.26 -0.749917 0.862348 -0.345831
1292.14 952.154 1796.85 -0.759173 0.859827 -0.325802
1286.08 932.22 1791.08 -0.758221 0.860178 -0.31331
1284.5 944.963 1790.26 -0.763939 0.859294 -0.311068
1252.61 859.205 1792.46 -0.736753 0.857349 -0.290308
1274.96 937.281 1785.17 -0.765254 0.858319 -0.293545
1263.99 856.848 1799.59 -0.730994 0.856687 -0.308473
1296.58 911.687 1798.99 -0.743984 0.862319 -0.334519
1263.58 943.231 1778.54 -0.773189 0.857133 -0.273996
1285.66 919.316 1791.67 -0.753343 0.860952 -0.314275
1263.09 869.857 1795.37 -0.736637 0.858048 -0.299133
1274.75 867.407 1801.38 -0.731088 0.858373 -0.318044
1248.69 876.242 1788.35 -0.743155 0.858182 -0.274014
1269.61 909.4 1788.1 -0.752906 0.85928 -0.290366
