x y z dx dy dz
1278.57 937.489 1800.49 -0.086686 0.072311 -0.0212868
1278.45 913.058 1802.38 -0.0854324 0.0761897 -0.0210681
1277.25 949.092 1801.64 -0.0882357 0.0701527 -0.0220832
1269.3 943.464 1795.71 -0.0869675 0.0701142 -0.0206038
1268.05 954.943 1797.45 -0.0885103 0.0684593 -0.022033
1270.24 931.284 1795.89 -0.0853138 0.0722402 -0.0200473
1260.02 949.803 1790.96 -0.086559 0.0683015 -0.0203446
1252.33 931.123 1786.34 -0.0833652 0.0705987 -0.0185273
1253.04 919.488 1788.95 -0.0817422 0.0723123 -0.0188907
1253.77 908.542 1792.24 -0.0811852 0.0743541 -0.0195623
1254.58 897.715 1795.85 -0.0811167 0.0759969 -0.0199976
1245.54 890.874 1793.65 -0.0787352 0.0757853 -0.0206837
1255.27 886.549 1799.5 -0.0807762 0.0773802 -0.0204645
1246.14 879.489 1797.35 -0.07882 0.077301 -0.02096
1255.74 875.187 1803.04 -0.0810435 0.0787451 -0.0206801
1246.8 867.949 1801.01 -0.0793039 0.0788529 -0.0211498
1247.5 856.469 1804.54 -0.0798911 0.0803921 -0.0213201
1263.56 904.505 1797.85 -0.0822893 0.0759379 -0.020674
1265.28 882.142 1804.97 -0.082903 0.0790309 -0.0203106
1262.38 914.611 1794.65 -0.082119 0.0739582 -0.0203483
1264.8 893.717 1801.44 -0.0830947 0.0776699 -0.0200848
1275.13 902.031 1803.46 -0.084753 0.077046 -0.0209609
1279.18 925.389 1800.94 -0.0857207 0.0744276 -0.0206134
1251.36 943.67 1785.04 -0.0845447 0.068797 -0.0190118
1260.92 937.425 1790.57 -0.0847859 0.0701553 -0.0201026
1261.73 925.535 1792.11 -0.0833311 0.0722746 -0.0201934
1271.25 919.382 1797.83 -0.0844436 0.074601 -0.0212858
1270.88 910.241 1799.57 -0.083667 0.0756656 -0.0210487
1279.01 849.672 1795.54 -0.0811791 0.0814033 -0.0205511
1268.73 846.087 1790.72 -0.0790914 0.0806047 -0.021296
1271.67 857.387 1790.19 -0.0792703 0.0796549 -0.0209968
1261.34 853.871 1785.54 -0.0772738 0.0790412 -0.0216683
1264.24 865.156 1785.12 -0.0774142 0.0781229 -0.0212091
1253.88 861.726 1780.63 -0.0757058 0.0776693 -0.0217916
1251.03 850.382 1780.79 -0.0755223 0.0786953 -0.021995
1246.4 869.696 1775.9 -0.0740408 0.0764322 -0.0215969
1282.06 860.904 1794.69 -0.0813182 0.0804362 -0.0202842
1319.89 894.057 1803.49 -0.0878596 0.082513 -0.0171064
1323.05 905.217 1801.64 -0.0881712 0.0820418 -0.0170624
1312.82 901.504 1797.25 -0.0861799 0.0805409 -0.0179805
1315.82 912.588 1795.73 -0.0865024 0.0800397 -0.0179701
1305.56 909.255 1791.38 -0.0845031 0.0786089 -0.0188906
1248.68 944.227 1758.77 -0.0736302 0.0684323 -0.0207245
1258.51 947.715 1764.16 -0.0771334 0.0688114 -0.0208931
1255.88 936.001 1763.74 -0.0750383 0.069983 -0.0204488
1265.86 939.42 1768.34 -0.0783124 0.0703941 -0.0204565
1263.09 927.598 1768.95 -0.0773027 0.0709469 -0.0211726
1273.37 930.914 1772.93 -0.0794314 0.0719904 -0.0210581
1269.76 918.952 1774 -0.0781508 0.0726735 -0.0217116
1302.47 898.022 1793.19 -0.0841554 0.0792074 -0.0189657
1308.28 920.582 1790.27 -0.0849251 0.0780406 -0.0189239
1252.13 924.329 1764.83 -0.0740035 0.0707678 -0.0206514
1275.65 942.844 1773.31 -0.0811542 0.0713604 -0.0210244
1318.02 923.433 1794.84 -0.0869264 0.0795658 -0.0179553
1295.12 905.926 1787.56 -0.0825695 0.0773488 -0.0197707
1291.88 894.596 1789.6 -0.0823114 0.0779767 -0.0198443
1299.19 886.833 1795.29 -0.0839454 0.0797789 -0.0191747
1283.26 934.295 1777.14 -0.081309 0.0730793 -0.0214114
1285.04 946.146 1778.57 -0.0830714 0.0723492 -0.0214268
1310.61 932.209 1790.4 -0.0857746 0.0776162 -0.018921
1277.13 954.374 1775.93 -0.0829769 0.0705507 -0.0219186
1284.42 902.568 1784.27 -0.080854 0.0762068 -0.0207186
1281.1 891.183 1786.32 -0.080531 0.0768641 -0.0209753
1273.59 899.185 1781.24 -0.0791887 0.0751883 -0.0212383
1331.54 946.388 1802.59 -0.0906384 0.0807784 -0.0166657
1302.89 868.135 1803.33 -0.0855986 0.0824303 -0.0185235
1270.32 887.77 1783.06 -0.0785705 0.0762492 -0.0210103
1262.83 895.732 1778.16 -0.0773528 0.0747231 -0.0212932
1287.67 914.088 1782.35 -0.0811348 0.0755055 -0.0206946
1294.14 949.452 1784.13 -0.0849797 0.0735741 -0.0208133
1300.71 929.13 1785.62 -0.0837869 0.0761563 -0.0198849
1277.78 879.848 1788.05 -0.0800808 0.0777499 -0.0208045
1299.59 856.957 1804.9 -0.085504 0.0834619 -0.0188802
1259.6 884.296 1779.53 -0.0763834 0.0758838 -0.0209522
1331.16 934.415 1801.15 -0.0897809 0.0812842 -0.0167646
1266.13 907.248 1776.07 -0.0778536 0.0735578 -0.0217084
1255.32 903.554 1772.95 -0.0756126 0.0733191 -0.0206607
1323.83 942.378 1797.89 -0.0889351 0.079432 -0.017456
1258.53 915.198 1770.54 -0.0756002 0.0720681 -0.0206716
1246.87 911.661 1766.59 -0.0729405 0.0714762 -0.0210384
1302.91 941.167 1787.04 -0.0851874 0.0756884 -0.0198764
1267.95 951.223 1769.88 -0.0805355 0.0697974 -0.0212175
1276.99 910.706 1779.11 -0.0795054 0.0744198 -0.0211776
1288.55 883.326 1791.64 -0.0820567 0.0787157 -0.0200851
1306.28 879.281 1801.37 -0.0857182 0.0817597 -0.0182797
1309.62 890.399 1799.25 -0.0858567 0.0811039 -0.0180733
1335.27 921.857 1804.51 -0.0903353 0.0829829 -0.0162598
1326.22 916.686 1800.44 -0.0885821 0.0815986 -0.017028
1295.82 875.656 1797.33 -0.0837815 0.0805572 -0.0192473
1280.34 922.426 1777.47 -0.0799164 0.0736205 -0.0215729
1298.11 917.387 1786.03 -0.0830123 0.0767499 -0.0198211
1322.07 952.371 1799.48 -0.0897124 0.0786094 -0.0175887
1313.87 944.821 1793.23 -0.0874155 0.0773957 -0.0185638
1289.29 853.282 1800.27 -0.0833391 0.0823817 -0.0197303
1249.28 880.939 1775.61 -0.0740547 0.0753324 -0.0214816
1292.48 864.476 1799.04 -0.0835205 0.0814027 -0.0196766
1285.24 872.099 1793.39 -0.0817712 0.0794724 -0.0202007
1245.62 933.034 1759.14 -0.0724369 0.0691774 -0.0213644
1274.71 868.606 1789.37 -0.0796083 0.0787109 -0.0208576
1267.2 876.433 1784.35 -0.0780803 0.0774295 -0.0207163
1290.61 925.811 1781.29 -0.0819462 0.0748272 -0.020906
1292.91 937.74 1781.76 -0.083237 0.0742747 -0.0208631
1256.72 873.044 1780.31 -0.0756607 0.0767203 -0.0213577
1252.39 892.063 1774.8 -0.0749424 0.0743881 -0.0210171
1303.37 953.258 1790.24 -0.0868101 0.0749873 -0.0196425
1326.07 925.806 1798.87 -0.0885371 0.0808449 -0.0171692
1245.71 898.893 1770.09 -0.0727433 0.0730822 -0.0211602
1320.01 933.461 1795.23 -0.087625 0.0791929 -0.0178695
1342.3 847.115 1769.82 -0.0816601 0.0832103 -0.0166924
1334.49 854.317 1768.14 -0.0802772 0.0818639 -0.017279
1345.38 858.312 1767.72 -0.0816998 0.0825404 -0.0164721
1336.77 865.823 1765.99 -0.0802155 0.0810886 -0.0171273
1347.85 869.634 1765.62 -0.0817516 0.0818889 -0.0163053
1338.86 877.239 1763.88 -0.0802155 0.0804192 -0.0169653
1350.07 881.031 1763.54 -0.0817536 0.0812429 -0.0161059
1341.59 888.747 1761.83 -0.0803087 0.0798356 -0.0167159
1352.59 892.524 1761.51 -0.0818736 0.0806933 -0.0158615
1344.11 900.458 1759.78 -0.0804222 0.0793048 -0.0164629
1345.83 911.917 1757.81 -0.0804798 0.0787925 -0.0162527
1333.45 906.839 1758.24 -0.0787815 0.0778471 -0.017206
1336.65 919.619 1756.1 -0.0790621 0.0774137 -0.0168808
1325.55 915.991 1756.19 -0.0775743 0.0765035 -0.0177615
1327.83 927.621 1754.23 -0.0777358 0.0760769 -0.0174727
1316.43 923.854 1754.02 -0.0761863 0.0751439 -0.0184305
1318.82 935.405 1752.09 -0.0764262 0.0747052 -0.018127
1307.81 931.481 1751.45 -0.0748287 0.0737496 -0.0191795
1309.87 942.97 1749.54 -0.0750443 0.0733449 -0.0187836
1298.88 938.898 1748.24 -0.0729971 0.0721978 -0.0200506
1300.87 950.336 1746.5 -0.0732952 0.07188 -0.0196565
1289.99 945.964 1744.43 -0.0714601 0.0709443 -0.0202019
1321.01 947.044 1750.24 -0.0767084 0.0743625 -0.0177341
1314.6 912.487 1756.08 -0.0761069 0.0756723 -0.0186048
1287.22 933.457 1746.54 -0.0710656 0.0713775 -0.020532
1281.35 953.895 1740.24 -0.069669 0.0696251 -0.0204741
1325.63 861.751 1766.35 -0.0788239 0.080489 -0.0179199
1250.03 858.891 1755.13 -0.0687587 0.0756115 -0.0225282
1245.27 869.083 1751.22 -0.067693 0.0740913 -0.02249
1254.96 848.721 1759 -0.0698205 0.0766169 -0.0221884
1256.39 869.416 1755.71 -0.0695419 0.0748781 -0.0220491
1251.71 879.665 1752.07 -0.0685251 0.0735791 -0.022144
1263.06 880.114 1755.84 -0.070188 0.0742282 -0.0215368
1258.58 890.478 1752.15 -0.0691803 0.0730849 -0.0216485
1267.91 869.566 1759.02 -0.0712218 0.0754025 -0.0215173
1274.67 880.201 1758.49 -0.0716126 0.0747378 -0.0214017
1279.65 869.42 1761.3 -0.0727816 0.0761737 -0.0209563
1286.44 879.832 1760.28 -0.0732923 0.0757726 -0.0205587
1281.5 890.908 1757.35 -0.0723072 0.0744048 -0.0208756
1245.11 923.117 1734.28 -0.0651898 0.0690112 -0.0220724
1329.18 885.439 1761.99 -0.078648 0.0789174 -0.0176265
1247.03 941.564 1728.35 -0.0650006 0.0678321 -0.0218026
1291.45 868.955 1762.82 -0.0742769 0.0771023 -0.0202308
1284.72 858.799 1763.92 -0.0737794 0.0775411 -0.0206728
1298.25 879.073 1761.51 -0.0748095 0.076761 -0.0197728
1339.11 931.574 1754.14 -0.0792917 0.0770472 -0.016532
1296.48 858.33 1765.25 -0.0752294 0.0784402 -0.0199314
1289.91 848.372 1766.55 -0.0748032 0.0789153 -0.0203848
1278.08 848.66 1764.88 -0.0733119 0.0780554 -0.0211368
1352.71 947.339 1751.96 -0.0811168 0.0778453 -0.0152015
1249.44 906.589 1743.33 -0.066721 0.0708823 -0.0219763
1313.19 847.948 1768.46 -0.0776381 0.0806639 -0.0188076
1253.34 952.136 1729.01 -0.0659935 0.0676147 -0.0212227
1257.93 941.898 1733.21 -0.0666813 0.0686012 -0.0212414
1264.3 952.176 1733.82 -0.0672967 0.0684651 -0.0204765
1268.46 942.024 1737.64 -0.0681754 0.0693623 -0.0206045
1262.68 932.159 1738.41 -0.0675212 0.0696719 -0.0209289
1274.04 932.456 1742.63 -0.068875 0.0703654 -0.0209252
1267.17 922.539 1743.74 -0.0682242 0.0707692 -0.0211706
1279.09 922.402 1747.55 -0.0702771 0.0715907 -0.0208485
1271.76 912.284 1749.05 -0.0696373 0.0717955 -0.0212752
1283.8 912.02 1752.02 -0.0714737 0.0726795 -0.0209422
1276.69 901.736 1753.72 -0.0709596 0.0729528 -0.0213116
1288.49 901.212 1755.84 -0.0727974 0.0740589 -0.0205121
1295.6 911.346 1754.23 -0.0734523 0.0738684 -0.0200219
1300.36 900.652 1757.3 -0.0744697 0.0752019 -0.0196322
1265.38 902.246 1750.79 -0.0695928 0.072434 -0.0213323
1293.35 890.223 1758.9 -0.0738991 0.075451 -0.0200818
1305.27 889.402 1760.01 -0.0754129 0.0764993 -0.0192948
1309.79 877.709 1762.53 -0.0763012 0.0778204 -0.0190011
1312.81 900.669 1758.29 -0.076109 0.0763203 -0.0187485
1291.21 921.441 1750.8 -0.0721639 0.0725462 -0.0205687
1317.12 887.971 1760.98 -0.0769745 0.0776389 -0.0184718
1324.94 897.254 1759.61 -0.0778103 0.0777009 -0.0178826
1256.15 922.891 1739.36 -0.0670447 0.0699005 -0.0213357
1332.28 951.095 1750.44 -0.0782373 0.0754416 -0.0167076
1311.94 954.56 1747.84 -0.0753466 0.073002 -0.0183422
1330.11 939.368 1752.32 -0.0779906 0.0757158 -0.0171266
1304.11 920.048 1753.36 -0.0744091 0.0740765 -0.0194322
1258.92 911.699 1745.13 -0.0675041 0.0709358 -0.0216727
1261.33 859.066 1759.08 -0.0705079 0.0760422 -0.0219822
1266.4 848.772 1762.43 -0.0716339 0.0771159 -0.0219695
1272.95 859.051 1761.95 -0.0723116 0.0767095 -0.0213355
1348.15 923.732 1755.83 -0.0806869 0.0784387 -0.0159492
1327.64 872.704 1764.33 -0.0787737 0.07974 -0.0177653
1350.46 935.572 1753.88 -0.0808789 0.0780933 -0.0155958
1251.68 932.013 1733.72 -0.0659958 0.0688011 -0.0217186
1269.88 891.059 1755.16 -0.0706458 0.0735467 -0.0215641
1341.39 943.375 1752.21 -0.0795237 0.0767473 -0.0161597
1301.75 847.927 1767.71 -0.0762556 0.0797752 -0.0196048
1303.25 868.208 1763.91 -0.0757473 0.0780835 -0.019466
1315.72 867.43 1764.81 -0.0773568 0.0791362 -0.0186162
1247.36 889.487 1747.96 -0.0674703 0.0722807 -0.0222072
1278.99 943.014 1741.43 -0.0694755 0.0700546 -0.0206016
1324.21 850.188 1768.56 -0.0790113 0.081365 -0.018008
1254.99 899.798 1748.14 -0.0681806 0.0719379 -0.0217709
1307.84 857.722 1766.21 -0.0766652 0.0793488 -0.0191704
1334.7 895.804 1760.29 -0.0791739 0.0787052 -0.0171835
1322.43 906.812 1757.7 -0.0772854 0.0767947 -0.0180354
1319.43 878.348 1762.91 -0.0775214 0.0785796 -0.0183326
1317.33 856.993 1766.9 -0.0778849 0.0801674 -0.0185175
1248.64 914.865 1739.51 -0.0661059 0.06996 -0.0218155
1297.9 929.131 1750.22 -0.0729688 0.0726904 -0.0201736
1305.1 909.991 1755.71 -0.074847 0.0749034 -0.0193378
1352.17 850.273 1769.51 -0.0830516 0.0838792 -0.0159572
1272.75 950.877 1737.47 -0.0680981 0.0690872 -0.0206658
1245.04 889.476 1699.91 -0.0601013 0.0688715 -0.023367
1252.91 898.565 1698.48 -0.0605714 0.0685374 -0.0230131
1245.24 858.145 1705.81 -0.0608065 0.0711322 -0.0237571
1248.84 909.634 1696.29 -0.0601023 0.0677012 -0.0229477
1260.72 907.658 1697.05 -0.0610577 0.0682689 -0.0226114
1268.49 916.754 1695.62 -0.0615895 0.0680663 -0.0222033
1272.59 905.691 1697.79 -0.0620419 0.0688495 -0.0222358
1280.34 914.793 1696.36 -0.0625661 0.0686822 -0.0217855
1284.46 903.729 1698.53 -0.0630507 0.0694664 -0.0218057
1292.2 912.834 1697.1 -0.0635941 0.0693428 -0.0213272
1296.32 901.77 1699.25 -0.0641016 0.070121 -0.0212977
1304.04 910.876 1697.82 -0.0646559 0.070018 -0.0207853
1308.17 899.811 1699.96 -0.065192 0.0707964 -0.0207217
1315.88 908.919 1698.54 -0.0658122 0.0707649 -0.0201859
1320.02 897.853 1700.67 -0.0663291 0.0715151 -0.0201044
1311.75 919.984 1696.41 -0.0652949 0.0700273 -0.0202417
1323.58 918.027 1697.13 -0.0664308 0.0707668 -0.0195986
1249.59 847.056 1708.08 -0.0614574 0.0721088 -0.0237234
1319.45 929.093 1695 -0.0659429 0.0700629 -0.0196237
1331.28 927.138 1695.74 -0.0671339 0.0708565 -0.0189747
1343.11 925.183 1696.47 -0.0683624 0.0716497 -0.0182506
1312.31 888.745 1702.09 -0.0657743 0.0716128 -0.0206445
1324.15 886.786 1702.79 -0.0669449 0.0723178 -0.0199984
1316.45 877.681 1704.23 -0.0663748 0.072443 -0.0205393
1328.29 875.724 1704.93 -0.0675562 0.0731259 -0.0198759
1320.59 866.624 1706.38 -0.0670075 0.0733006 -0.0204075
1332.43 864.67 1707.08 -0.0682219 0.0739904 -0.0197457
1324.73 855.579 1708.56 -0.0676716 0.0741943 -0.0202572
1336.56 853.627 1709.28 -0.0689497 0.0748965 -0.0195512
1344.26 862.716 1707.8 -0.069536 0.074738 -0.0189703
1308.74 868.579 1705.68 -0.0658294 0.0726133 -0.0210383
1317.03 846.497 1710.07 -0.0671762 0.074438 -0.0207348
1276.7 894.623 1699.96 -0.0625332 0.0696599 -0.022246
1257.42 856.202 1706.53 -0.0617851 0.0715913 -0.0233874
1335.99 884.828 1703.49 -0.0681954 0.0730756 -0.0193142
1256.98 887.487 1700.66 -0.0610693 0.0693884 -0.0230364
1293.34 850.387 1708.66 -0.0648965 0.0731915 -0.0219635
1281.43 852.329 1707.95 -0.0638346 0.0726302 -0.0224899
1289.15 861.429 1706.45 -0.064252 0.072272 -0.0220581
1277.22 863.378 1705.74 -0.0631934 0.0716829 -0.0225677
1284.98 872.486 1704.27 -0.0636451 0.0713583 -0.0221576
1273.05 874.442 1703.56 -0.0626016 0.0707852 -0.0226319
1301.03 859.48 1707.15 -0.065348 0.0728682 -0.0214981
1280.83 883.553 1702.11 -0.0630757 0.0704971 -0.0222187
1292.72 881.595 1702.83 -0.0641191 0.0710995 -0.0217189
1288.58 892.662 1700.68 -0.0635668 0.0702669 -0.0217762
1268.91 885.516 1701.39 -0.0620586 0.0699211 -0.0226599
1264.8 896.59 1699.22 -0.0615497 0.0690856 -0.0226508
1261.08 876.405 1702.84 -0.0615901 0.0702451 -0.0230421
1253.2 867.286 1704.31 -0.0611957 0.070663 -0.0234083
1335.42 916.071 1697.85 -0.0676669 0.0715706 -0.0189145
1347.25 914.115 1698.57 -0.068942 0.0723511 -0.0181898
1339.55 905.003 1699.96 -0.0682378 0.0722859 -0.0188137
1351.38 903.047 1700.68 -0.069569 0.0730919 -0.0180652
1343.69 893.936 1702.08 -0.0688383 0.0730274 -0.0187159
1347.82 882.871 1704.2 -0.0695023 0.0738321 -0.0185689
1331.85 895.894 1701.37 -0.0675714 0.0722685 -0.0194297
1327.72 906.961 1699.25 -0.0669751 0.071501 -0.0195465
1351.96 871.812 1706.35 -0.0701837 0.074645 -0.0183998
1269.46 854.269 1707.25 -0.0628052 0.0720907 -0.0229657
1265.24 865.328 1705.03 -0.0621634 0.0711455 -0.0230169
1249.08 878.383 1702.1 -0.0606296 0.0697511 -0.0234038
1350.8 934.298 1695.1 -0.0691502 0.071802 -0.0175689
1261.7 845.16 1708.78 -0.062439 0.072562 -0.0233442
1296.87 870.532 1704.98 -0.0647097 0.0719737 -0.0216088
1354.94 923.229 1697.19 -0.0697001 0.0724726 -0.0174985
1340.13 873.768 1705.63 -0.0688574 0.0738937 -0.0191759
1304.59 879.638 1703.53 -0.065212 0.0717468 -0.0211589
1312.88 857.53 1707.85 -0.0664773 0.0735089 -0.02091
1305.19 848.443 1709.36 -0.0659964 0.0737921 -0.0213935
1299.91 921.94 1695.67 -0.064193 0.0692807 -0.020797
1348.39 851.676 1710.01 -0.0702818 0.0756151 -0.0187992
1300.45 890.704 1701.39 -0.0646441 0.0709201 -0.0212313
1287.3 847.539 1696.42 -0.0625758 0.0720252 -0.0225133
1301.11 849.415 1697.25 -0.0637652 0.0724522 -0.021849
1345.86 865.149 1696.08 -0.0675134 0.0734529 -0.0191741
1293.58 861.594 1697.42 -0.0632688 0.0716336 -0.0220355
1319.3 862.281 1696.73 -0.0652456 0.0725028 -0.0207661
1264.13 853.935 1697.06 -0.061016 0.071105 -0.0233694
1329.79 850.201 1699.73 -0.066573 0.0737209 -0.0202501
1336.81 876.297 1696.45 -0.066895 0.0727001 -0.019566
1343.03 853.724 1699.08 -0.0676718 0.0740506 -0.019421
1298.86 872.698 1695.57 -0.0634666 0.071153 -0.0216836
1315.02 846.448 1699.62 -0.0652418 0.0733047 -0.0211297
1281.93 857.644 1698.42 -0.0625098 0.0715295 -0.0225967
1322.71 853.92 1738.32 -0.0734016 0.0777743 -0.0195209
1327.72 906.159 1725.93 -0.0721659 0.0744196 -0.0189414
1340.71 952.242 1718.85 -0.0734297 0.0735195 -0.0172431
1347.98 925.086 1727.83 -0.0754321 0.0756497 -0.0171255
1348.14 883.61 1731.38 -0.0754232 0.07735 -0.017758
1294.02 847.393 1736.13 -0.069904 0.0763499 -0.021329
1320.08 931.312 1723.91 -0.0713573 0.0728211 -0.0190779
1303.51 874.844 1736.25 -0.0710017 0.075207 -0.0205004
1295.39 904.356 1726.04 -0.0686332 0.0722715 -0.0209372
1276.4 869.222 1734.9 -0.0680556 0.0739957 -0.0219715
1294.65 929.581 1719.07 -0.0678326 0.070637 -0.020742
1272.64 895.286 1725.44 -0.0662865 0.0714739 -0.0220569
1279.56 953.942 1715.51 -0.0665323 0.0685073 -0.0208275
1318.74 878.538 1733.84 -0.0722706 0.0757634 -0.0196233
1269.6 918.528 1720.47 -0.0655106 0.0697896 -0.0218132
1253.29 880.126 1725.81 -0.0645412 0.0716716 -0.0229005
1345.99 860.793 1732.27 -0.0750172 0.0781977 -0.0181867
1247.07 859.069 1727.95 -0.0643664 0.0730576 -0.0233062
1252.33 907.554 1718.88 -0.0635986 0.0695299 -0.0225697
1264.88 930.848 1708.94 -0.0636623 0.0682884 -0.0218536
1341.85 899.042 1731.04 -0.0747628 0.0762489 -0.0179526
1312.37 915.537 1714.43 -0.0684989 0.071917 -0.0200498
1320.52 954.368 1735.73 -0.07415 0.0731314 -0.0180989
1341.73 852.025 1748.01 -0.0775956 0.0803144 -0.0178849
1308.97 887.958 1720.33 -0.0688106 0.0733273 -0.0205115
1287.34 891.093 1741.69 -0.0703215 0.0737056 -0.0210585
1308.93 846.512 1748.15 -0.0736245 0.0784532 -0.0200375
1334.18 937.49 1731.07 -0.0745486 0.0744616 -0.0176907
1340.75 912.999 1719.06 -0.0724705 0.0743824 -0.0181603
1304.2 861.189 1729.56 -0.0697922 0.0753487 -0.0208126
1334 935.527 1713.2 -0.0710763 0.072755 -0.0182896
1323.69 893.046 1735.58 -0.0733227 0.0755982 -0.0190855
1315.98 872.209 1748.03 -0.0745018 0.0773229 -0.0193031
1283.75 882.741 1716.93 -0.0657912 0.0719904 -0.0219041
1334.61 867.491 1743.6 -0.0759271 0.0784544 -0.0183775
1306.64 944.942 1723.68 -0.070161 0.0713335 -0.0197137
1328.06 921.742 1740.95 -0.0752355 0.0752658 -0.018123
1319.85 950.851 1709.18 -0.0692339 0.0710089 -0.0189147
1306.46 926.024 1730.69 -0.0708677 0.0724368 -0.0199593
1289.19 869.788 1748.99 -0.0716653 0.0757842 -0.0208984
1346.37 942.672 1706 -0.0712187 0.0727034 -0.0174584
1339.03 884.28 1717.1 -0.0713655 0.0749586 -0.0188171
1247.97 923.663 1713.84 -0.0627541 0.0681343 -0.0224224
1249.13 952.73 1708.02 -0.0628727 0.0664745 -0.0218248
1298.85 944.237 1706.49 -0.0665423 0.0695101 -0.020328
1329.25 920.098 1712.5 -0.0700254 0.072703 -0.0189522
1280.8 854.381 1728.65 -0.0673791 0.0745829 -0.0221064
1352.52 864.884 1749.52 -0.0794675 0.0807106 -0.0169159
1289.91 913.657 1711.07 -0.0657688 0.070378 -0.021297
1310.78 907.576 1737.94 -0.0723349 0.0741326 -0.019646
1279.38 910.024 1734.89 -0.0684997 0.0716493 -0.0214491
1259.95 860.517 1742.84 -0.0678143 0.0746306 -0.0225097
1280.43 858.201 1748.23 -0.0706761 0.0761043 -0.0214943
1265.54 861.421 1720.11 -0.064655 0.0727951 -0.0228489
1336.51 887.053 1749.02 -0.0773611 0.0782364 -0.0177322
1295.82 874.331 1717.59 -0.0669168 0.0730257 -0.0214205
1278.04 934.682 1727.93 -0.0676859 0.0699095 -0.0211127
1256.55 895.15 1731.85 -0.0657893 0.0712887 -0.0223965
1265.47 884.238 1738.75 -0.067708 0.0728535 -0.0220742
1268.21 882.137 1718.17 -0.0646602 0.0715052 -0.0225249
1306.35 929.724 1709.92 -0.0674336 0.0706805 -0.0202102
1329.22 866.478 1720.98 -0.0708174 0.0755116 -0.0195647
1280.12 932.617 1708.85 -0.0649858 0.0689746 -0.0213691
1307.78 860.328 1747.39 -0.0733844 0.077413 -0.0199941
1344.72 869.561 1718.79 -0.0721228 0.0760243 -0.0186123
1311.59 871.203 1718.41 -0.0685409 0.0740375 -0.020596
1343.74 914.953 1744.37 -0.0778594 0.0772495 -0.0169747
1351.46 892.305 1718.75 -0.0732854 0.0756879 -0.0178317
1265.37 904.767 1710.28 -0.0634263 0.0696074 -0.0223876
1286.3 896.558 1712.48 -0.0654276 0.0710541 -0.0217007
1252.63 848.138 1743.54 -0.0672696 0.0753794 -0.0228588
1259.77 893.627 1714.52 -0.0634795 0.0702724 -0.0226844
1303.32 892.946 1736.83 -0.0711984 0.0742333 -0.0203031
1324.12 854.915 1754.98 -0.0766467 0.0796502 -0.0186762
1353.36 933.71 1741.13 -0.0789526 0.0772801 -0.0159957
1351.71 892.31 1748.69 -0.0794413 0.0792916 -0.0166224
1262.72 908.203 1733.56 -0.0666291 0.0708235 -0.0219751
1343.53 845.576 1724.61 -0.0729156 0.0776615 -0.0187791
1326.35 895.012 1715.57 -0.0698249 0.0735937 -0.0194787
1326.6 908.194 1744.6 -0.0754962 0.0759923 -0.0182984
1254.68 922.061 1725.15 -0.0648821 0.0691674 -0.0219785
1288.77 921.945 1736.55 -0.0698085 0.0716445 -0.0209057
1261.59 916.287 1707.87 -0.0629289 0.0687404 -0.0223081
1302.95 905.196 1710.35 -0.0666771 0.0713452 -0.0208006
1278.76 880.944 1746.94 -0.0702442 0.0742241 -0.0214783
1298.29 890.319 1711.79 -0.0663032 0.0718435 -0.0212175
1294.78 882.516 1747.99 -0.0721157 0.0752118 -0.0205042
1315.8 943.504 1738.15 -0.073641 0.0731848 -0.0186994
1287.11 948.34 1729.33 -0.0690311 0.0699587 -0.0205914
1319.65 935.417 1706.88 -0.0683342 0.0711262 -0.0193524
1250.27 867.44 1717.25 -0.0629888 0.0717174 -0.0233239
1294.4 855.03 1754.75 -0.0732078 0.0776342 -0.0205341
1350.96 849.2 1739 -0.0769621 0.0799666 -0.017696
1294.25 905.15 1743.66 -0.0713999 0.0733812 -0.0205611
1267.79 947.216 1703.09 -0.063485 0.0673737 -0.0214751
1349.58 877.945 1751 -0.0794148 0.0799908 -0.016881
1345.17 945.666 1740.71 -0.078009 0.0761569 -0.0163022
1348.26 939.474 1722.53 -0.0747406 0.0747735 -0.0169338
1278.79 868.839 1718.26 -0.0654907 0.0726603 -0.0222573
1274.42 897.215 1742.29 -0.0691253 0.0725763 -0.021621
1300.4 919.207 1706.76 -0.0660953 0.0703893 -0.0207473
1352.88 854.299 1757.69 -0.0810395 0.0823184 -0.0165617
1322.7 882.246 1715.29 -0.069199 0.0738297 -0.0199095
1350.2 912.177 1728.92 -0.0756562 0.0762762 -0.0171978
1335.69 915.178 1731.4 -0.0743189 0.0752523 -0.0180552
1325.69 947.112 1722.56 -0.0722079 0.0727595 -0.0183248
1309.4 850.049 1733.75 -0.0710566 0.0767025 -0.0205134
1288.14 876.568 1733.56 -0.0689636 0.0740007 -0.0213902
1315.88 865.336 1733.19 -0.0717223 0.0761768 -0.0199813
1301.4 915.646 1723.01 -0.0688766 0.0719107 -0.0205434
1328.57 847.092 1720.3 -0.0703776 0.0762248 -0.0198369
1312.93 903.067 1723.03 -0.0699188 0.0731998 -0.02001
1335 926.228 1724.39 -0.0731422 0.0741924 -0.018116
1255.75 875.577 1743.1 -0.067425 0.0733868 -0.022387
1270.77 869.152 1747.9 -0.0696671 0.0747972 -0.0218188
1267.17 944.671 1722.18 -0.0661217 0.0685459 -0.0211616
1323.71 907.365 1710.93 -0.0688705 0.0725398 -0.0195735
1284.87 947.566 1702.08 -0.0647222 0.0682203 -0.020909
1325.22 881.568 1751 -0.076206 0.0777811 -0.0184733
1310.07 883.465 1749.44 -0.0741124 0.0763572 -0.0195021
1343.21 926.379 1707.99 -0.0708192 0.0730096 -0.0180113
1251.84 938.529 1702.67 -0.0618601 0.0669344 -0.0221822
1354.49 880.218 1715.87 -0.0727731 0.0758485 -0.0178828
1273.4 893.744 1711.5 -0.0641285 0.0705388 -0.0222611
1293.55 933.322 1703.3 -0.0652449 0.0692629 -0.0208436
1309.51 948.166 1702.22 -0.0669144 0.0697407 -0.019695
1271.54 921.818 1733.78 -0.0676333 0.0705229 -0.0214078
1348.57 953.435 1701.45 -0.0708731 0.0721739 -0.0171325
1319.03 916.844 1728.86 -0.0718619 0.0736373 -0.0192671
1320.7 930.555 1741.79 -0.0746163 0.0743297 -0.0184598
1246.4 936.108 1717.13 -0.063339 0.0675819 -0.0221451
1338.76 861.85 1756.89 -0.0788967 0.0805571 -0.0175131
1294.62 937.805 1735.21 -0.0704745 0.0712674 -0.0204171
1329.82 944.023 1703.65 -0.0690067 0.0712826 -0.0185611
1300.56 916.248 1742.31 -0.0719704 0.073167 -0.0201347
1248.61 862.81 1741.44 -0.06654 0.0739716 -0.0228846
1315.2 856.292 1720.45 -0.0691288 0.0751447 -0.0205106
1335.69 852.838 1732.17 -0.0736674 0.0778853 -0.018947
1285.41 896.81 1730.26 -0.0682834 0.0724007 -0.0214153
1278.78 884.474 1731.45 -0.067773 0.0728653 -0.0218011
1277.87 913.595 1707.16 -0.0641015 0.069496 -0.0218334
1351.7 871.091 1736.52 -0.0767625 0.0787252 -0.017484
1278.48 906.663 1720.19 -0.0661204 0.0707885 -0.0217754
1338.75 930.141 1743.56 -0.0773088 0.076225 -0.0170517
1335.45 878.372 1733.12 -0.0740912 0.0768123 -0.0185987
1353.01 905.022 1712.71 -0.0724415 0.0747074 -0.0176671
1317.09 922.176 1705.79 -0.0675493 0.0711917 -0.0197894
1261.57 871.438 1714.39 -0.0634462 0.0715613 -0.022949
1283.73 919.277 1722.71 -0.0671756 0.07065 -0.0213388
1260.89 869.827 1730.59 -0.0659459 0.0730055 -0.0226752
1247.74 912.557 1705.62 -0.0614094 0.0681981 -0.0228185
1261.47 933.186 1726.05 -0.0658203 0.0689661 -0.0214786
1313.42 897.562 1709.47 -0.0673874 0.0721016 -0.0203404
1291.32 863.407 1734.51 -0.0694015 0.075033 -0.0213434
1325.66 867.766 1755.01 -0.0768853 0.0789836 -0.0184356
1303.12 871.979 1753.08 -0.0738859 0.0768732 -0.0198911
1337.9 900.811 1711.3 -0.0703377 0.0736648 -0.0187776
1294.31 886.881 1727.47 -0.0685971 0.073222 -0.0211297
1275.68 951.096 1728.87 -0.0678465 0.068962 -0.0207734
1297.29 893.664 1749.35 -0.072672 0.074774 -0.0202
1270.09 857.969 1736.1 -0.0676624 0.074614 -0.022345
1342.86 857.557 1718.61 -0.0716853 0.0763263 -0.0188681
1248.63 887.565 1738.03 -0.0658953 0.0718422 -0.022605
1289.33 941.736 1716.98 -0.0672969 0.0696975 -0.0207533
1254.67 946.68 1718.7 -0.064594 0.0675778 -0.0215963
1254.25 881.973 1711.3 -0.0624436 0.0704641 -0.0230894
1334.55 847.668 1759.42 -0.0787806 0.0813762 -0.0178229
1312.75 898.326 1748.8 -0.0743958 0.0756616 -0.0191895
1255.33 853.408 1717.1 -0.0633326 0.0727139 -0.0233438
1340.07 911.579 1707.62 -0.0700296 0.0730729 -0.0185246
1259.62 854.899 1730.66 -0.0658585 0.0739752 -0.0229089
1328.82 944.5 1741.77 -0.0760188 0.0746527 -0.0175086
1312.29 919.709 1744.2 -0.0737765 0.074173 -0.0191683
1338.77 899.985 1749.17 -0.0778157 0.077837 -0.0173649
1270.88 850.947 1719.1 -0.0648932 0.0735074 -0.0227664
1247.23 889.606 1722.14 -0.06351 0.0706093 -0.0229725
1307.68 935.984 1740.2 -0.0727339 0.0727849 -0.0195078
1297.37 859.337 1717.87 -0.0669923 0.0738867 -0.0215035
1266.52 855.055 1750.72 -0.0697229 0.0758866 -0.0221394
1255.8 925.922 1701.99 -0.0617659 0.0676269 -0.0223471
1347.83 951.849 1779.19 -0.0869795 0.0812911 -0.0150448
1341.78 871.796 1790.8 -0.0866555 0.0853014 -0.0157191
1346.31 933.644 1778.54 -0.0860402 0.0814298 -0.0154939
1343.31 903.228 1786.43 -0.086602 0.0831745 -0.015715
1325.46 847.98 1793.68 -0.0851304 0.085401 -0.0169523
1329.16 884.308 1785.24 -0.0842711 0.0822289 -0.0168872
1323.3 934.885 1773.85 -0.0827103 0.0777262 -0.0175595
1315.47 864.967 1782.91 -0.0817702 0.0817592 -0.0181172
1326.38 914.984 1776.88 -0.0829656 0.079262 -0.0172961
1342.84 887.399 1791.47 -0.0872645 0.0846445 -0.0156219
1347.03 847.079 1781.33 -0.0850153 0.0858077 -0.015732
1312.81 944.065 1769.13 -0.0811483 0.0756096 -0.0184963
1312.88 898.301 1777.11 -0.0810144 0.0787207 -0.0183669
1299.75 854.598 1781.9 -0.0797115 0.0809986 -0.0193938
1299.79 876.661 1778.44 -0.0793654 0.0790313 -0.0193544
1313.32 925.226 1773.67 -0.0813227 0.0769703 -0.0185082
1351.21 889.224 1776.56 -0.0850935 0.083322 -0.0154484
1342.88 941.328 1763.73 -0.0825398 0.0787503 -0.0158524
1333.11 946.707 1788.54 -0.0875986 0.0800507 -0.0164937
1353.64 904.689 1803.69 -0.0911851 0.0868253 -0.0145845
1290.85 949.018 1760.94 -0.0778695 0.0720269 -0.0206294
1328.9 898.485 1780.07 -0.0834565 0.0807604 -0.0170234
1300.12 933.79 1764.95 -0.0782643 0.0741825 -0.0198972
1325.23 864.912 1797.49 -0.0861946 0.084669 -0.0168688
1301.23 908.555 1771.8 -0.0789225 0.0763728 -0.0194518
1329.85 859.201 1779.08 -0.0823869 0.0829593 -0.0171355
1346.01 940.996 1794.76 -0.0897275 0.0829022 -0.0153913
1287.71 865.351 1778.8 -0.0779707 0.0788539 -0.0202907
1299.91 891.584 1775.76 -0.0791942 0.0777113 -0.0193827
1340.66 917.165 1771.53 -0.0833437 0.0802145 -0.0162323
1334.85 921.381 1789.47 -0.0869436 0.0815313 -0.0164279
1275.94 942.762 1757.21 -0.0751257 0.0705414 -0.0209463
1340.33 879.587 1777.63 -0.0837431 0.0826811 -0.0163106
1331.72 896.68 1794.91 -0.0871215 0.0830816 -0.0164188
1310.06 853.695 1796.18 -0.0842204 0.0837316 -0.0181965
1292.29 921.165 1765.86 -0.0771168 0.0741932 -0.0204342
1254.73 950.225 1745.04 -0.0694038 0.0680877 -0.0209774
1286.13 881.289 1775.22 -0.0774515 0.0771641 -0.0204445
1330 880.538 1799.09 -0.0873587 0.0843398 -0.0164548
1336.19 951.881 1763.1 -0.0820636 0.0776244 -0.0161882
1263.86 939.786 1750.03 -0.0709785 0.0698379 -0.0204425
1286.77 895.781 1770.62 -0.0767815 0.0757944 -0.0204275
1346.77 862.288 1779 -0.0845891 0.0845013 -0.0158286
1279.23 853.437 1779.81 -0.07741 0.0793922 -0.0208613
1353.55 904.121 1771.96 -0.0847464 0.082279 -0.0152785
1309.62 883.104 1786.15 -0.0824081 0.0803273 -0.0183903
1272.58 867.678 1775.34 -0.0758412 0.0773614 -0.0212335
1315.95 876.028 1774.51 -0.0800145 0.0799963 -0.0182644
1326.2 943.012 1763.52 -0.080733 0.0767295 -0.0172411
1316.2 849.545 1779.96 -0.0808804 0.0824604 -0.0182054
1351.37 860.902 1794.69 -0.0884589 0.0878479 -0.0147357
1330.89 934.496 1787.47 -0.0866664 0.0801383 -0.0167882
1335.11 930.63 1765.3 -0.0815984 0.078304 -0.0166475
1316.55 909.668 1766.66 -0.0790803 0.0772514 -0.0182791
1273.32 892.4 1769.44 -0.0751083 0.0748989 -0.0213053
1285.19 934.226 1762.76 -0.0769746 0.072323 -0.0209624
1277.29 920.692 1762.26 -0.0751163 0.0725468 -0.0212285
1325.11 921.284 1766.22 -0.0803415 0.0775953 -0.0175553
1249.96 935.581 1745.45 -0.0681109 0.0687467 -0.0215719
1318.07 876.564 1793.95 -0.0849109 0.0825618 -0.017521
1319.98 945.32 1783.61 -0.0854462 0.0777702 -0.0178278
1344.97 928.79 1797.24 -0.0897382 0.0834988 -0.0155142
1264.91 857.502 1773.39 -0.0749092 0.077749 -0.0217581
1328.17 909.488 1789.35 -0.0858904 0.0812297 -0.0169295
1339.63 951.797 1796.94 -0.0901434 0.0815444 -0.0157986
1321.78 927.543 1783.9 -0.0847299 0.0788801 -0.017704
1267.22 879.065 1770.27 -0.0744468 0.0757788 -0.0213793
1284.68 908.499 1768.86 -0.0767439 0.074552 -0.0207409
1304.5 949.379 1759.82 -0.0782929 0.073609 -0.019296
1270.48 929.758 1756.24 -0.0737761 0.0709429 -0.0209304
1334.46 849.011 1779.43 -0.0829319 0.0840654 -0.0168085
1270.56 907.486 1764.42 -0.0745214 0.0731066 -0.0214469
1337.71 857.834 1793.17 -0.0864919 0.0860493 -0.0159339
1302.86 867.565 1790.64 -0.08245 0.081286 -0.0189059
1294.13 847.246 1793.01 -0.0818649 0.0824399 -0.0195628
1296.9 946.449 1772.88 -0.0812291 0.0736103 -0.0204123
1341.51 913.253 1797.77 -0.0891211 0.0837767 -0.015714
1315.11 911.515 1781.83 -0.0829542 0.0786915 -0.0181787
1252.04 885.212 1763.68 -0.0713245 0.073926 -0.0218105
1257.03 867.897 1768.9 -0.0730908 0.0762215 -0.0217431
1340.38 902.302 1771.74 -0.0828905 0.0807979 -0.0163415
1305.09 864.377 1774.81 -0.0786442 0.0798609 -0.0191134
1316.97 934.675 1762.97 -0.0792078 0.0758383 -0.0182067
1263.28 918.422 1758.54 -0.0728621 0.0712242 -0.0212043
1260.78 894.379 1765.56 -0.0730906 0.0736626 -0.0216035
1309.87 885.936 1770.5 -0.0786119 0.0783459 -0.0187535
1252.3 923.874 1751.15 -0.0695245 0.0701166 -0.0210419
1317.85 951.938 1759.81 -0.0793953 0.0751121 -0.0178284
1318.82 854.371 1804.88 -0.0871193 0.0856801 -0.017187
1354.66 895.775 1789.86 -0.0884068 0.0856424 -0.0147643
1301.38 922.968 1775.83 -0.0807935 0.0758749 -0.0196426
1350.59 931.497 1764.07 -0.083239 0.0799034 -0.0154255
1306.11 954.856 1779.23 -0.084194 0.0749692 -0.0191408
1337.76 891.519 1778.11 -0.0838036 0.0818939 -0.0164228
1350.59 873.804 1775.5 -0.0845082 0.0837605 -0.0156302
1328.58 871.687 1778.28 -0.0822747 0.0819757 -0.0172289
1245.66 872.083 1762.58 -0.0702664 0.0748878 -0.0220674
1340.97 845.684 1796.71 -0.0875397 0.0878149 -0.0154719
1308.4 936.86 1776.92 -0.082481 0.0760347 -0.0190746
1325.98 887.262 1772.23 -0.080859 0.080027 -0.0175094
1245.26 898.551 1757.07 -0.0695281 0.0716833 -0.0219594
1341.36 896.44 1802.45 -0.0896327 0.0853094 -0.0154601
1252.88 853.203 1768.3 -0.0729441 0.0774558 -0.0221332
1255.72 907.037 1758.59 -0.0713813 0.0717197 -0.0213495
1332.72 927.646 1776.94 -0.0840535 0.0795499 -0.0167428
1307.06 918.442 1764.44 -0.0778677 0.0756403 -0.019103
1326.57 905.667 1768.23 -0.0804698 0.0786173 -0.0175001
1333.98 942.751 1774.99 -0.0843293 0.079 -0.0164951
1320.06 892.955 1790.68 -0.0849011 0.0813371 -0.0174443
1280.11 952.152 1766.15 -0.0791299 0.0707006 -0.0213407
1312.13 864.932 1799.48 -0.0854057 0.0833982 -0.017907
1298.49 931.025 1798.65 -0.0868948 0.0763807 -0.0200784
1303.53 944.282 1802.26 -0.0888595 0.0759406 -0.0197695
1292.14 952.154 1796.85 -0.0878211 0.0730671 -0.0210206
1286.08 932.22 1791.08 -0.0847353 0.0738846 -0.0214174
1284.5 944.963 1790.26 -0.0855687 0.0724042 -0.0217453
1252.61 859.205 1792.46 -0.077895 0.0791012 -0.0215306
1274.96 937.281 1785.17 -0.08312 0.0715548 -0.0210709
1263.99 856.848 1799.59 -0.080641 0.0805289 -0.0210441
1296.58 911.687 1798.99 -0.0858634 0.0780581 -0.0196553
1263.58 943.231 1778.54 -0.0819497 0.0696985 -0.0205819
1285.66 919.316 1791.67 -0.0837554 0.075507 -0.020956
1263.09 869.857 1795.37 -0.0799833 0.0788883 -0.0208713
1274.75 867.407 1801.38 -0.08312 0.0807468 -0.0201936
1248.69 876.242 1788.35 -0.0769129 0.0769089 -0.0212453
1269.61 909.4 1788.1 -0.0813233 0.0745376 -0.0215237
