# isec iband n_bond n_cum n_ctrl n_net D_raw D_reg D_hat valid  (tick 25; frame atan2(x-1297.0, z-1747.5); guards iband 1,5)
1 1 16644 61 0 61 0.003665 0.000000 0.000000 1
1 2 21885 65 0 65 0.002970 0.005116 0.005116 1
1 3 28142 121 0 121 0.004300 0.016112 0.016112 1
1 4 29091 91 0 91 0.003128 0.016849 0.016849 1
1 5 29945 824 0 824 0.027517 0.000000 0.000000 1
2 1 17133 48 0 48 0.002802 0.000000 0.000000 1
2 2 26093 49 0 49 0.001878 0.002372 0.002372 1
2 3 31592 1030 0 1030 0.032603 0.018948 0.018948 1
2 4 31278 1295 0 1295 0.041403 0.015826 0.015826 1
2 5 28834 233 0 233 0.008081 0.000000 0.000000 1
3 1 17836 90 0 90 0.005046 0.000000 0.000000 1
3 2 29082 66 0 66 0.002269 0.008328 0.008328 1
3 3 34604 690 0 690 0.019940 0.043155 0.043155 1
3 4 32574 96 0 96 0.002947 0.018557 0.018557 1
3 5 26515 252 0 252 0.009504 0.000000 0.000000 1
4 1 18844 192 0 192 0.010189 0.000000 0.000000 1
4 2 31388 654 0 654 0.020836 0.021009 0.021009 1
4 3 36049 2773 0 2773 0.076923 0.065288 0.065288 1
4 4 33658 381 0 381 0.011320 0.034625 0.034625 1
4 5 24435 247 0 247 0.010108 0.000000 0.000000 1
5 1 20097 558 0 558 0.027765 0.000000 0.000000 1
5 2 32740 1307 0 1307 0.039921 0.073053 0.073053 1
5 3 36747 3638 0 3638 0.099001 0.126598 0.126598 1
5 4 33066 2963 0 2963 0.089609 0.089448 0.089448 1
5 5 20141 2083 0 2083 0.103421 0.000000 0.000000 1
6 1 21416 1782 0 1782 0.083209 0.000000 0.000000 1
6 2 33200 5259 0 5259 0.158404 0.136169 0.136169 1
6 3 35469 7253 22 7231 0.203868 0.161748 0.161748 1
6 4 31329 5245 0 5245 0.167417 0.120406 0.120406 1
6 5 18882 1720 0 1720 0.091092 0.000000 0.000000 1
7 1 23016 2946 0 2946 0.127998 0.000000 0.000000 1
7 2 34565 7265 0 7265 0.210184 0.193874 0.193874 1
7 3 37198 6785 1 6784 0.182375 0.163373 0.163373 1
7 4 32603 3397 0 3397 0.104193 0.120233 0.120233 1
7 5 18980 561 0 561 0.029557 0.000000 0.000000 1
8 1 26777 5205 0 5205 0.194383 0.000000 0.000000 1
8 2 37088 7901 0 7901 0.213034 0.194484 0.194484 1
8 3 37458 3891 0 3891 0.103876 0.095417 0.095417 1
8 4 29375 2617 0 2617 0.089089 0.096641 0.096641 1
8 5 21851 434 0 434 0.019862 0.000000 0.000000 1
9 1 33401 5297 0 5297 0.158588 0.000000 0.000000 1
9 2 12463 1997 0 1997 0.160234 0.186634 0.186634 1
9 3 50 0 0 0 0.000000 0.051938 0.051938 1
9 4 0 0 0 0 0.000000 0.000000 0.000000 0
9 5 8064 96 0 96 0.011905 0.000000 0.000000 1
10 1 17341 1154 0 1154 0.066547 0.000000 0.000000 1
10 2 0 0 0 0 0.000000 0.000000 0.000000 0
10 3 0 0 0 0 0.000000 0.000000 0.000000 0
10 4 0 0 0 0 0.000000 0.000000 0.000000 0
10 5 542 4 0 4 0.007380 0.000000 0.000000 1
11 1 1077 26 0 26 0.024141 0.000000 0.000000 1
11 2 0 0 0 0 0.000000 0.000000 0.000000 0
11 3 0 0 0 0 0.000000 0.000000 0.000000 0
11 4 0 0 0 0 0.000000 0.000000 0.000000 0
11 5 0 0 0 0 0.000000 0.000000 0.000000 0
12 1 0 0 0 0 0.000000 0.000000 0.000000 0
12 2 0 0 0 0 0.000000 0.000000 0.000000 0
12 3 0 0 0 0 0.000000 0.000000 0.000000 0
12 4 0 0 0 0 0.000000 0.000000 0.000000 0
12 5 0 0 0 0 0.000000 0.000000 0.000000 0
13 1 0 0 0 0 0.000000 0.000000 0.000000 0
13 2 3587 0 0 0 0.000000 0.004935 0.004935 1
13 3 14248 10 0 10 0.000702 0.002404 0.002404 1
13 4 27 0 0 0 0.000000 0.002458 0.002458 1
13 5 0 0 0 0 0.000000 0.000000 0.000000 0
14 1 1351 0 0 0 0.000000 0.000000 0.000000 1
14 2 32621 322 0 322 0.009871 0.004387 0.004387 1
14 3 30441 125 0 125 0.004106 0.003277 0.003277 1
14 4 8949 44 0 44 0.004917 0.009600 0.009600 1
14 5 0 0 0 0 0.000000 0.000000 0.000000 0
15 1 23335 31 0 31 0.001328 0.000000 0.000000 1
15 2 21273 70 0 70 0.003291 0.007702 0.007702 1
15 3 11944 60 0 60 0.005023 0.004779 0.004779 1
15 4 16413 392 0 392 0.023884 0.024082 0.024082 1
15 5 8 0 0 0 0.000000 0.000000 0.000000 1
16 1 32124 106 0 106 0.003300 0.000000 0.000000 1
16 2 12672 126 0 126 0.009943 0.016949 0.016949 1
16 3 6915 36 0 36 0.005206 0.005150 0.005150 1
16 4 15399 669 0 669 0.043444 0.052980 0.052980 1
16 5 5813 233 0 233 0.040083 0.000000 0.000000 1
17 1 23692 91 0 91 0.003841 0.000000 0.000000 1
17 2 9252 348 0 348 0.037613 0.024713 0.024713 1
17 3 4979 26 0 26 0.005222 0.005312 0.005312 1
17 4 11516 1055 0 1055 0.091612 0.065583 0.065583 1
17 5 20135 986 0 986 0.048969 0.000000 0.000000 1
18 1 20727 91 0 91 0.004390 0.000000 0.000000 1
18 2 7938 211 0 211 0.026581 0.022808 0.022808 1
18 3 4176 24 1 23 0.005508 0.004215 0.004215 1
18 4 9758 602 0 602 0.061693 0.064732 0.064732 1
18 5 24353 1879 0 1879 0.077157 0.000000 0.000000 1
19 1 19805 77 0 77 0.003888 0.000000 0.000000 1
19 2 8040 34 0 34 0.004229 0.011019 0.011019 1
19 3 4702 18 9 9 0.001914 0.003778 0.003778 1
19 4 10222 418 0 418 0.040892 0.047899 0.047899 1
19 5 24508 1273 0 1273 0.051942 0.000000 0.000000 1
20 1 18430 229 0 229 0.012425 0.000000 0.000000 1
20 2 8014 18 0 18 0.002246 0.003718 0.003718 1
20 3 5367 23 2 21 0.003913 0.003794 0.003794 1
20 4 11724 482 0 482 0.041112 0.046164 0.046164 1
20 5 27566 1123 0 1123 0.040739 0.000000 0.000000 1
21 1 17306 455 0 455 0.026291 0.000000 0.000000 1
21 2 8975 42 0 42 0.004680 0.003258 0.003258 1
21 3 6839 38 0 38 0.005556 0.006872 0.006872 1
21 4 14587 826 2 824 0.056489 0.047769 0.047769 1
21 5 29067 769 0 769 0.026456 0.000000 0.000000 1
22 1 16396 81 0 81 0.004940 0.000000 0.000000 1
22 2 10886 31 0 31 0.002848 0.013872 0.013872 1
22 3 9957 113 2 111 0.011148 0.008839 0.008839 1
22 4 18313 840 3 837 0.045705 0.040968 0.040968 1
22 5 29759 289 0 289 0.009711 0.000000 0.000000 1
23 1 16011 42 0 42 0.002623 0.000000 0.000000 1
23 2 13494 460 0 460 0.034089 0.015812 0.015812 1
23 3 14878 146 0 146 0.009813 0.010798 0.010798 1
23 4 22212 460 0 460 0.020710 0.024144 0.024144 1
23 5 29820 158 0 158 0.005298 0.000000 0.000000 1
24 1 15617 107 0 107 0.006852 0.000000 0.000000 1
24 2 17048 179 0 179 0.010500 0.015853 0.015853 1
24 3 21169 242 0 242 0.011432 0.008515 0.008515 1
24 4 25764 155 0 155 0.006016 0.009951 0.009951 1
24 5 29708 211 0 211 0.007102 0.000000 0.000000 1
