# isec iband n_bond n_cum n_ctrl n_net D_raw D_reg D_hat valid  (tick 9; frame atan2(x-1297.0, z-1747.5); guards iband 1,5)
1 1 16644 43 0 43 0.002584 0.000000 0.000000 1
1 2 21885 65 0 65 0.002970 0.004829 0.004829 1
1 3 28142 102 0 102 0.003624 0.014033 0.014033 1
1 4 29091 67 0 67 0.002303 0.015589 0.015589 1
1 5 29945 575 0 575 0.019202 0.000000 0.000000 1
2 1 17133 25 0 25 0.001459 0.000000 0.000000 1
2 2 26093 48 0 48 0.001840 0.002348 0.002348 1
2 3 31592 1023 0 1023 0.032382 0.018417 0.018417 1
2 4 31278 1273 0 1273 0.040700 0.015061 0.015061 1
2 5 28834 17 0 17 0.000590 0.000000 0.000000 1
3 1 17836 53 0 53 0.002972 0.000000 0.000000 1
3 2 29082 65 0 65 0.002235 0.007688 0.007688 1
3 3 34604 666 0 666 0.019246 0.025864 0.025864 1
3 4 32574 71 0 71 0.002180 0.014382 0.014382 1
3 5 26515 8 0 8 0.000302 0.000000 0.000000 1
4 1 18844 48 0 48 0.002547 0.000000 0.000000 1
4 2 31388 596 0 596 0.018988 0.011157 0.011157 1
4 3 36049 936 0 936 0.025965 0.027607 0.027607 1
4 4 33658 9 0 9 0.000267 0.006209 0.006209 1
4 5 24435 27 0 27 0.001105 0.000000 0.000000 1
5 1 20097 132 0 132 0.006568 0.000000 0.000000 1
5 2 32740 401 0 401 0.012248 0.021858 0.021858 1
5 3 36747 1382 0 1382 0.037609 0.052025 0.052025 1
5 4 33066 535 0 535 0.016180 0.026645 0.026645 1
5 5 20141 104 0 104 0.005164 0.000000 0.000000 1
6 1 21416 460 0 460 0.021479 0.000000 0.000000 1
6 2 33200 1140 0 1140 0.034337 0.041238 0.041238 1
6 3 35469 3303 22 3281 0.092503 0.071517 0.071517 1
6 4 31329 1989 0 1989 0.063488 0.040123 0.040123 1
6 5 18882 157 0 157 0.008315 0.000000 0.000000 1
7 1 23016 1206 0 1206 0.052398 0.000000 0.000000 1
7 2 34565 2666 0 2666 0.077130 0.079146 0.079146 1
7 3 37198 3142 1 3141 0.084440 0.071733 0.071733 1
7 4 32603 1327 0 1327 0.040702 0.050718 0.050718 1
7 5 18980 59 0 59 0.003109 0.000000 0.000000 1
8 1 26777 3376 0 3376 0.126078 0.000000 0.000000 1
8 2 37088 4672 0 4672 0.125971 0.092173 0.092173 1
8 3 37458 1433 0 1433 0.038256 0.040899 0.040899 1
8 4 29375 1409 0 1409 0.047966 0.044334 0.044334 1
8 5 21851 159 0 159 0.007277 0.000000 0.000000 1
9 1 33401 2918 0 2918 0.087363 0.000000 0.000000 1
9 2 12463 915 0 915 0.073417 0.099694 0.099694 1
9 3 50 0 0 0 0.000000 0.019128 0.019128 1
9 4 0 0 0 0 0.000000 0.000000 0.000000 0
9 5 8064 0 0 0 0.000000 0.000000 0.000000 1
10 1 17341 509 0 509 0.029352 0.000000 0.000000 1
10 2 0 0 0 0 0.000000 0.000000 0.000000 0
10 3 0 0 0 0 0.000000 0.000000 0.000000 0
10 4 0 0 0 0 0.000000 0.000000 0.000000 0
10 5 542 0 0 0 0.000000 0.000000 0.000000 1
11 1 1077 15 0 15 0.013928 0.000000 0.000000 1
11 2 0 0 0 0 0.000000 0.000000 0.000000 0
11 3 0 0 0 0 0.000000 0.000000 0.000000 0
11 4 0 0 0 0 0.000000 0.000000 0.000000 0
11 5 0 0 0 0 0.000000 0.000000 0.000000 0
12 1 0 0 0 0 0.000000 0.000000 0.000000 0
12 2 0 0 0 0 0.000000 0.000000 0.000000 0
12 3 0 0 0 0 0.000000 0.000000 0.000000 0
12 4 0 0 0 0 0.000000 0.000000 0.000000 0
12 5 0 0 0 0 0.000000 0.000000 0.000000 0
13 1 0 0 0 0 0.000000 0.000000 0.000000 0
13 2 3587 0 0 0 0.000000 0.000628 0.000628 1
13 3 14248 2 0 2 0.000140 0.000317 0.000317 1
13 4 27 0 0 0 0.000000 0.000000 0.000000 1
13 5 0 0 0 0 0.000000 0.000000 0.000000 0
14 1 1351 0 0 0 0.000000 0.000000 0.000000 1
14 2 32621 41 0 41 0.001257 0.000936 0.000936 1
14 3 30441 15 0 15 0.000493 0.000267 0.000267 1
14 4 8949 0 0 0 0.000000 0.000000 0.000000 1
14 5 0 0 0 0 0.000000 0.000000 0.000000 0
15 1 23335 27 0 27 0.001157 0.000000 0.000000 1
15 2 21273 33 0 33 0.001551 0.001304 0.001304 1
15 3 11944 2 0 2 0.000167 0.000895 0.000895 1
15 4 16413 0 0 0 0.000000 0.000714 0.000714 1
15 5 8 0 0 0 0.000000 0.000000 0.000000 1
16 1 32124 19 0 19 0.000591 0.000000 0.000000 1
16 2 12672 14 0 14 0.001105 0.000993 0.000993 1
16 3 6915 14 0 14 0.002025 0.001400 0.001400 1
16 4 15399 33 0 33 0.002143 0.017966 0.017966 1
16 5 5813 0 0 0 0.000000 0.000000 0.000000 1
17 1 23692 25 0 25 0.001055 0.000000 0.000000 1
17 2 9252 3 0 3 0.000324 0.000728 0.000728 1
17 3 4979 10 0 10 0.002008 0.001664 0.001664 1
17 4 11516 596 0 596 0.051754 0.028419 0.028419 1
17 5 20135 7 0 7 0.000348 0.000000 0.000000 1
18 1 20727 11 0 11 0.000531 0.000000 0.000000 1
18 2 7938 6 0 6 0.000756 0.000360 0.000360 1
18 3 4176 5 1 4 0.000958 0.001060 0.001060 1
18 4 9758 306 0 306 0.031359 0.029107 0.029107 1
18 5 24353 46 0 46 0.001889 0.000000 0.000000 1
19 1 19805 10 0 10 0.000505 0.000000 0.000000 1
19 2 8040 0 0 0 0.000000 0.000252 0.000252 1
19 3 4702 10 9 1 0.000213 0.000514 0.000514 1
19 4 10222 43 0 43 0.004207 0.012339 0.012339 1
19 5 24508 38 0 38 0.001551 0.000000 0.000000 1
20 1 18430 161 0 161 0.008736 0.000000 0.000000 1
20 2 8014 0 0 0 0.000000 0.000669 0.000669 1
20 3 5367 4 2 2 0.000373 0.000195 0.000195 1
20 4 11724 17 0 17 0.001450 0.012854 0.012854 1
20 5 27566 131 0 131 0.004752 0.000000 0.000000 1
21 1 17306 414 0 414 0.023922 0.000000 0.000000 1
21 2 8975 18 0 18 0.002006 0.001189 0.001189 1
21 3 6839 0 0 0 0.000000 0.000559 0.000559 1
21 4 14587 482 2 480 0.032906 0.016749 0.016749 1
21 5 29067 73 0 73 0.002511 0.000000 0.000000 1
22 1 16396 30 0 30 0.001830 0.000000 0.000000 1
22 2 10886 17 0 17 0.001562 0.011638 0.011638 1
22 3 9957 15 2 13 0.001306 0.000995 0.000995 1
22 4 18313 294 3 291 0.015890 0.018246 0.018246 1
22 5 29759 75 0 75 0.002520 0.000000 0.000000 1
23 1 16011 23 0 23 0.001437 0.000000 0.000000 1
23 2 13494 423 0 423 0.031347 0.014196 0.014196 1
23 3 14878 25 0 25 0.001680 0.003027 0.003027 1
23 4 22212 132 0 132 0.005943 0.008533 0.008533 1
23 5 29820 71 0 71 0.002381 0.000000 0.000000 1
24 1 15617 78 0 78 0.004995 0.000000 0.000000 1
24 2 17048 165 0 165 0.009679 0.014665 0.014665 1
24 3 21169 129 0 129 0.006094 0.003800 0.003800 1
24 4 25764 97 0 97 0.003765 0.004004 0.004004 1
24 5 29708 58 0 58 0.001952 0.000000 0.000000 1
