# isec iband n_bond n_cum n_ctrl n_net D_raw D_reg D_hat valid  (tick 14; frame atan2(x-1297.0, z-1747.5); guards iband 1,5)
1 1 16644 48 0 48 0.002884 0.000000 0.000000 1
1 2 21885 65 0 65 0.002970 0.004959 0.004959 1
1 3 28142 119 0 119 0.004229 0.014471 0.014471 1
1 4 29091 74 0 74 0.002544 0.015971 0.015971 1
1 5 29945 637 0 637 0.021272 0.000000 0.000000 1
2 1 17133 26 0 26 0.001518 0.000000 0.000000 1
2 2 26093 49 0 49 0.001878 0.002372 0.002372 1
2 3 31592 1029 0 1029 0.032572 0.018913 0.018913 1
2 4 31278 1277 0 1277 0.040827 0.015276 0.015276 1
2 5 28834 23 0 23 0.000798 0.000000 0.000000 1
3 1 17836 57 0 57 0.003196 0.000000 0.000000 1
3 2 29082 66 0 66 0.002269 0.008073 0.008073 1
3 3 34604 690 0 690 0.019940 0.042618 0.042618 1
3 4 32574 80 0 80 0.002456 0.016191 0.016191 1
3 5 26515 49 0 49 0.001848 0.000000 0.000000 1
4 1 18844 110 0 110 0.005837 0.000000 0.000000 1
4 2 31388 630 0 630 0.020071 0.017832 0.017832 1
4 3 36049 2716 0 2716 0.075342 0.056633 0.056633 1
4 4 33658 178 0 178 0.005288 0.020011 0.020011 1
4 5 24435 81 0 81 0.003315 0.000000 0.000000 1
5 1 20097 387 0 387 0.019257 0.000000 0.000000 1
5 2 32740 1020 0 1020 0.031155 0.060188 0.060188 1
5 3 36747 2742 0 2742 0.074618 0.105256 0.105256 1
5 4 33066 1729 0 1729 0.052289 0.054889 0.054889 1
5 5 20141 1851 0 1851 0.091902 0.000000 0.000000 1
6 1 21416 1093 0 1093 0.051037 0.000000 0.000000 1
6 2 33200 4294 0 4294 0.129337 0.114050 0.114050 1
6 3 35469 5903 22 5881 0.165807 0.130637 0.130637 1
6 4 31329 3355 0 3355 0.107089 0.078768 0.078768 1
6 5 18882 1426 0 1426 0.075522 0.000000 0.000000 1
7 1 23016 2147 0 2147 0.093283 0.000000 0.000000 1
7 2 34565 6279 0 6279 0.181658 0.166156 0.166156 1
7 3 37198 5636 1 5635 0.151487 0.133057 0.133057 1
7 4 32603 2508 0 2508 0.076925 0.085735 0.085735 1
7 5 18980 374 0 374 0.019705 0.000000 0.000000 1
8 1 26777 4566 0 4566 0.170519 0.000000 0.000000 1
8 2 37088 6953 0 6953 0.187473 0.171668 0.171668 1
8 3 37458 3067 0 3067 0.081878 0.077788 0.077788 1
8 4 29375 2150 0 2150 0.073191 0.075058 0.075058 1
8 5 21851 316 0 316 0.014462 0.000000 0.000000 1
9 1 33401 4138 0 4138 0.123889 0.000000 0.000000 1
9 2 12463 1818 0 1818 0.145872 0.166672 0.166672 1
9 3 50 0 0 0 0.000000 0.040939 0.040939 1
9 4 0 0 0 0 0.000000 0.000000 0.000000 0
9 5 8064 5 0 5 0.000620 0.000000 0.000000 1
10 1 17341 837 0 837 0.048267 0.000000 0.000000 1
10 2 0 0 0 0 0.000000 0.000000 0.000000 0
10 3 0 0 0 0 0.000000 0.000000 0.000000 0
10 4 0 0 0 0 0.000000 0.000000 0.000000 0
10 5 542 0 0 0 0.000000 0.000000 0.000000 1
11 1 1077 25 0 25 0.023213 0.000000 0.000000 1
11 2 0 0 0 0 0.000000 0.000000 0.000000 0
11 3 0 0 0 0 0.000000 0.000000 0.000000 0
11 4 0 0 0 0 0.000000 0.000000 0.000000 0
11 5 0 0 0 0 0.000000 0.000000 0.000000 0
12 1 0 0 0 0 0.000000 0.000000 0.000000 0
12 2 0 0 0 0 0.000000 0.000000 0.000000 0
12 3 0 0 0 0 0.000000 0.000000 0.000000 0
12 4 0 0 0 0 0.000000 0.000000 0.000000 0
12 5 0 0 0 0 0.000000 0.000000 0.000000 0
13 1 0 0 0 0 0.000000 0.000000 0.000000 0
13 2 3587 0 0 0 0.000000 0.000628 0.000628 1
13 3 14248 3 0 3 0.000211 0.000385 0.000385 1
13 4 27 0 0 0 0.000000 0.000000 0.000000 1
13 5 0 0 0 0 0.000000 0.000000 0.000000 0
14 1 1351 0 0 0 0.000000 0.000000 0.000000 1
14 2 32621 41 0 41 0.001257 0.000936 0.000936 1
14 3 30441 17 0 17 0.000558 0.000312 0.000312 1
14 4 8949 0 0 0 0.000000 0.000406 0.000406 1
14 5 0 0 0 0 0.000000 0.000000 0.000000 0
15 1 23335 27 0 27 0.001157 0.000000 0.000000 1
15 2 21273 33 0 33 0.001551 0.001304 0.001304 1
15 3 11944 2 0 2 0.000167 0.001013 0.001013 1
15 4 16413 20 0 20 0.001219 0.003090 0.003090 1
15 5 8 0 0 0 0.000000 0.000000 0.000000 1
16 1 32124 35 0 35 0.001090 0.000000 0.000000 1
16 2 12672 14 0 14 0.001105 0.000993 0.000993 1
16 3 6915 16 0 16 0.002314 0.001497 0.001497 1
16 4 15399 124 0 124 0.008052 0.024191 0.024191 1
16 5 5813 40 0 40 0.006881 0.000000 0.000000 1
17 1 23692 40 0 40 0.001688 0.000000 0.000000 1
17 2 9252 3 0 3 0.000324 0.000728 0.000728 1
17 3 4979 10 0 10 0.002008 0.001760 0.001760 1
17 4 11516 729 0 729 0.063303 0.035092 0.035092 1
17 5 20135 173 0 173 0.008592 0.000000 0.000000 1
18 1 20727 29 0 29 0.001399 0.000000 0.000000 1
18 2 7938 6 0 6 0.000756 0.000360 0.000360 1
18 3 4176 5 1 4 0.000958 0.001131 0.001131 1
18 4 9758 331 0 331 0.033921 0.034593 0.034593 1
18 5 24353 296 0 296 0.012155 0.000000 0.000000 1
19 1 19805 31 0 31 0.001565 0.000000 0.000000 1
19 2 8040 0 0 0 0.000000 0.000252 0.000252 1
19 3 4702 11 9 2 0.000425 0.000647 0.000647 1
19 4 10222 67 0 67 0.006554 0.014402 0.014402 1
19 5 24508 342 0 342 0.013955 0.000000 0.000000 1
20 1 18430 178 0 178 0.009658 0.000000 0.000000 1
20 2 8014 0 0 0 0.000000 0.000669 0.000669 1
20 3 5367 5 2 3 0.000559 0.000328 0.000328 1
20 4 11724 32 0 32 0.002729 0.015663 0.015663 1
20 5 27566 382 0 382 0.013858 0.000000 0.000000 1
21 1 17306 416 0 416 0.024038 0.000000 0.000000 1
21 2 8975 18 0 18 0.002006 0.001189 0.001189 1
21 3 6839 0 0 0 0.000000 0.000655 0.000655 1
21 4 14587 552 2 550 0.037705 0.021178 0.021178 1
21 5 29067 293 0 293 0.010080 0.000000 0.000000 1
22 1 16396 31 0 31 0.001891 0.000000 0.000000 1
22 2 10886 17 0 17 0.001562 0.011688 0.011688 1
22 3 9957 16 2 14 0.001406 0.001253 0.001253 1
22 4 18313 426 3 423 0.023098 0.022939 0.022939 1
22 5 29759 131 0 131 0.004402 0.000000 0.000000 1
23 1 16011 23 0 23 0.001437 0.000000 0.000000 1
23 2 13494 425 0 425 0.031495 0.014363 0.014363 1
23 3 14878 35 0 35 0.002352 0.003457 0.003457 1
23 4 22212 178 0 178 0.008014 0.011884 0.011884 1
23 5 29820 121 0 121 0.004058 0.000000 0.000000 1
24 1 15617 84 0 84 0.005379 0.000000 0.000000 1
24 2 17048 171 0 171 0.010031 0.014832 0.014832 1
24 3 21169 140 0 140 0.006613 0.004398 0.004398 1
24 4 25764 117 0 117 0.004541 0.005033 0.005033 1
24 5 29708 125 0 125 0.004208 0.000000 0.000000 1
