# isec iband n_bond n_cum n_ctrl n_net D_raw D_reg D_hat valid  (tick 2; frame atan2(x-1297.0, z-1747.5); guards iband 1,5)
1 1 16644 13 0 13 0.000781 0.000000 0.000000 1
1 2 21885 2 0 2 0.000091 0.000030 0.000030 1
1 3 28142 0 0 0 0.000000 0.009802 0.009802 1
1 4 29091 23 0 23 0.000791 0.012327 0.012327 1
1 5 29945 0 0 0 0.000000 0.000000 0.000000 1
2 1 17133 0 0 0 0.000000 0.000000 0.000000 1
2 2 26093 0 0 0 0.000000 0.000030 0.000030 1
2 3 31592 929 0 929 0.029406 0.015678 0.015678 1
2 4 31278 1132 0 1132 0.036192 0.012512 0.012512 1
2 5 28834 0 0 0 0.000000 0.000000 0.000000 1
3 1 17836 0 0 0 0.000000 0.000000 0.000000 1
3 2 29082 0 0 0 0.000000 0.003844 0.003844 1
3 3 34604 610 0 610 0.017628 0.015678 0.015678 1
3 4 32574 18 0 18 0.000553 0.012248 0.012248 1
3 5 26515 0 0 0 0.000000 0.000000 0.000000 1
4 1 18844 6 0 6 0.000318 0.000000 0.000000 1
4 2 31388 362 0 362 0.011533 0.003885 0.003885 1
4 3 36049 0 0 0 0.000000 0.006511 0.006511 1
4 4 33658 0 0 0 0.000000 0.000184 0.000184 1
4 5 24435 4 0 4 0.000164 0.000000 0.000000 1
5 1 20097 0 0 0 0.000000 0.000000 0.000000 1
5 2 32740 4 0 4 0.000122 0.003885 0.003885 1
5 3 36747 70 0 70 0.001905 0.001537 0.001537 1
5 4 33066 0 0 0 0.000000 0.000000 0.000000 1
5 5 20141 24 0 24 0.001192 0.000000 0.000000 1
6 1 21416 0 0 0 0.000000 0.000000 0.000000 1
6 2 33200 0 0 0 0.000000 0.000041 0.000041 1
6 3 35469 118 22 96 0.002707 0.002586 0.002586 1
6 4 31329 0 0 0 0.000000 0.000000 0.000000 1
6 5 18882 0 0 0 0.000000 0.000000 0.000000 1
7 1 23016 0 0 0 0.000000 0.000000 0.000000 1
7 2 34565 0 0 0 0.000000 0.000009 0.000009 1
7 3 37198 118 1 117 0.003145 0.001951 0.001951 1
7 4 32603 0 0 0 0.000000 0.000000 0.000000 1
7 5 18980 0 0 0 0.000000 0.000000 0.000000 1
8 1 26777 22 0 22 0.000822 0.000000 0.000000 1
8 2 37088 1 0 1 0.000027 0.000036 0.000036 1
8 3 37458 0 0 0 0.000000 0.001048 0.001048 1
8 4 29375 0 0 0 0.000000 0.000000 0.000000 1
8 5 21851 0 0 0 0.000000 0.000000 0.000000 1
9 1 33401 0 0 0 0.000000 0.000000 0.000000 1
9 2 12463 1 0 1 0.000080 0.000054 0.000054 1
9 3 50 0 0 0 0.000000 0.000000 0.000000 1
9 4 0 0 0 0 0.000000 0.000000 0.000000 0
9 5 8064 0 0 0 0.000000 0.000000 0.000000 1
10 1 17341 0 0 0 0.000000 0.000000 0.000000 1
10 2 0 0 0 0 0.000000 0.000000 0.000000 0
10 3 0 0 0 0 0.000000 0.000000 0.000000 0
10 4 0 0 0 0 0.000000 0.000000 0.000000 0
10 5 542 0 0 0 0.000000 0.000000 0.000000 1
11 1 1077 0 0 0 0.000000 0.000000 0.000000 1
11 2 0 0 0 0 0.000000 0.000000 0.000000 0
11 3 0 0 0 0 0.000000 0.000000 0.000000 0
11 4 0 0 0 0 0.000000 0.000000 0.000000 0
11 5 0 0 0 0 0.000000 0.000000 0.000000 0
12 1 0 0 0 0 0.000000 0.000000 0.000000 0
12 2 0 0 0 0 0.000000 0.000000 0.000000 0
12 3 0 0 0 0 0.000000 0.000000 0.000000 0
12 4 0 0 0 0 0.000000 0.000000 0.000000 0
12 5 0 0 0 0 0.000000 0.000000 0.000000 0
13 1 0 0 0 0 0.000000 0.000000 0.000000 0
13 2 3587 0 0 0 0.000000 0.000000 0.000000 1
13 3 14248 0 0 0 0.000000 0.000000 0.000000 1
13 4 27 0 0 0 0.000000 0.000000 0.000000 1
13 5 0 0 0 0 0.000000 0.000000 0.000000 0
14 1 1351 0 0 0 0.000000 0.000000 0.000000 1
14 2 32621 0 0 0 0.000000 0.000000 0.000000 1
14 3 30441 0 0 0 0.000000 0.000000 0.000000 1
14 4 8949 0 0 0 0.000000 0.000000 0.000000 1
14 5 0 0 0 0 0.000000 0.000000 0.000000 0
15 1 23335 0 0 0 0.000000 0.000000 0.000000 1
15 2 21273 0 0 0 0.000000 0.000000 0.000000 1
15 3 11944 0 0 0 0.000000 0.000145 0.000145 1
15 4 16413 0 0 0 0.000000 0.000000 0.000000 1
15 5 8 0 0 0 0.000000 0.000000 0.000000 1
16 1 32124 0 0 0 0.000000 0.000000 0.000000 1
16 2 12672 0 0 0 0.000000 0.000000 0.000000 1
16 3 6915 3 0 3 0.000434 0.000279 0.000279 1
16 4 15399 0 0 0 0.000000 0.000000 0.000000 1
16 5 5813 0 0 0 0.000000 0.000000 0.000000 1
17 1 23692 0 0 0 0.000000 0.000000 0.000000 1
17 2 9252 0 0 0 0.000000 0.000000 0.000000 1
17 3 4979 2 0 2 0.000402 0.000279 0.000279 1
17 4 11516 0 0 0 0.000000 0.000000 0.000000 1
17 5 20135 0 0 0 0.000000 0.000000 0.000000 1
18 1 20727 0 0 0 0.000000 0.000000 0.000000 1
18 2 7938 0 0 0 0.000000 0.000000 0.000000 1
18 3 4176 1 1 0 0.000000 0.000134 0.000134 1
18 4 9758 0 0 0 0.000000 0.000000 0.000000 1
18 5 24353 0 0 0 0.000000 0.000000 0.000000 1
19 1 19805 0 0 0 0.000000 0.000000 0.000000 1
19 2 8040 0 0 0 0.000000 0.000000 0.000000 1
19 3 4702 9 9 0 0.000000 0.000000 0.000000 1
19 4 10222 0 0 0 0.000000 0.000000 0.000000 1
19 5 24508 0 0 0 0.000000 0.000000 0.000000 1
20 1 18430 0 0 0 0.000000 0.000000 0.000000 1
20 2 8014 0 0 0 0.000000 0.000000 0.000000 1
20 3 5367 2 2 0 0.000000 0.000000 0.000000 1
20 4 11724 0 0 0 0.000000 0.000023 0.000023 1
20 5 27566 0 0 0 0.000000 0.000000 0.000000 1
21 1 17306 0 0 0 0.000000 0.000000 0.000000 1
21 2 8975 0 0 0 0.000000 0.000000 0.000000 1
21 3 6839 0 0 0 0.000000 0.000000 0.000000 1
21 4 14587 3 2 1 0.000069 0.000041 0.000041 1
21 5 29067 0 0 0 0.000000 0.000000 0.000000 1
22 1 16396 0 0 0 0.000000 0.000000 0.000000 1
22 2 10886 0 0 0 0.000000 0.000000 0.000000 1
22 3 9957 2 2 0 0.000000 0.000000 0.000000 1
22 4 18313 4 3 1 0.000055 0.000041 0.000041 1
22 5 29759 1 0 1 0.000034 0.000000 0.000000 1
23 1 16011 0 0 0 0.000000 0.000000 0.000000 1
23 2 13494 0 0 0 0.000000 0.000000 0.000000 1
23 3 14878 0 0 0 0.000000 0.000000 0.000000 1
23 4 22212 0 0 0 0.000000 0.000018 0.000018 1
23 5 29820 0 0 0 0.000000 0.000000 0.000000 1
24 1 15617 0 0 0 0.000000 0.000000 0.000000 1
24 2 17048 0 0 0 0.000000 0.000030 0.000030 1
24 3 21169 0 0 0 0.000000 0.000000 0.000000 1
24 4 25764 0 0 0 0.000000 0.000264 0.000264 1
24 5 29708 0 0 0 0.000000 0.000000 0.000000 1
