# isec iband n_bond n_cum n_ctrl n_net D_raw D_reg D_hat valid  (tick 8; frame atan2(x-1297.0, z-1747.5); guards iband 1,5)
1 1 16644 14 0 14 0.000841 0.000000 0.000000 1
1 2 21885 2 0 2 0.000091 0.000030 0.000030 1
1 3 28142 2 0 2 0.000071 0.009884 0.009884 1
1 4 29091 29 0 29 0.000997 0.012544 0.012544 1
1 5 29945 522 0 522 0.017432 0.000000 0.000000 1
2 1 17133 0 0 0 0.000000 0.000000 0.000000 1
2 2 26093 0 0 0 0.000000 0.000030 0.000030 1
2 3 31592 933 0 933 0.029533 0.015744 0.015744 1
2 4 31278 1141 0 1141 0.036479 0.012676 0.012676 1
2 5 28834 3 0 3 0.000104 0.000000 0.000000 1
3 1 17836 1 0 1 0.000056 0.000000 0.000000 1
3 2 29082 0 0 0 0.000000 0.004237 0.004237 1
3 3 34604 610 0 610 0.017628 0.021019 0.021019 1
3 4 32574 18 0 18 0.000553 0.012344 0.012344 1
3 5 26515 0 0 0 0.000000 0.000000 0.000000 1
4 1 18844 8 0 8 0.000425 0.000000 0.000000 1
4 2 31388 399 0 399 0.012712 0.005927 0.005927 1
4 3 36049 573 0 573 0.015895 0.018096 0.018096 1
4 4 33658 0 0 0 0.000000 0.003632 0.003632 1
4 5 24435 14 0 14 0.000573 0.000000 0.000000 1
5 1 20097 52 0 52 0.002587 0.000000 0.000000 1
5 2 32740 166 0 166 0.005070 0.015425 0.015425 1
5 3 36747 763 0 763 0.020764 0.036898 0.036898 1
5 4 33066 342 0 342 0.010343 0.021780 0.021780 1
5 5 20141 63 0 63 0.003128 0.000000 0.000000 1
6 1 21416 370 0 370 0.017277 0.000000 0.000000 1
6 2 33200 946 0 946 0.028494 0.036233 0.036233 1
6 3 35469 2648 22 2626 0.074036 0.057972 0.057972 1
6 4 31329 1723 0 1723 0.054997 0.032842 0.032842 1
6 5 18882 97 0 97 0.005137 0.000000 0.000000 1
7 1 23016 1178 0 1178 0.051182 0.000000 0.000000 1
7 2 34565 2597 0 2597 0.075134 0.074025 0.074025 1
7 3 37198 2944 1 2943 0.079117 0.063074 0.063074 1
7 4 32603 1082 0 1082 0.033187 0.043432 0.043432 1
7 5 18980 4 0 4 0.000211 0.000000 0.000000 1
8 1 26777 3317 0 3317 0.123875 0.000000 0.000000 1
8 2 37088 4393 0 4393 0.118448 0.088679 0.088679 1
8 3 37458 1351 0 1351 0.036067 0.038395 0.038395 1
8 4 29375 1237 0 1237 0.042111 0.037649 0.037649 1
8 5 21851 138 0 138 0.006316 0.000000 0.000000 1
9 1 33401 2865 0 2865 0.085776 0.000000 0.000000 1
9 2 12463 903 0 903 0.072454 0.095451 0.095451 1
9 3 50 0 0 0 0.000000 0.018034 0.018034 1
9 4 0 0 0 0 0.000000 0.000000 0.000000 0
9 5 8064 0 0 0 0.000000 0.000000 0.000000 1
10 1 17341 480 0 480 0.027680 0.000000 0.000000 1
10 2 0 0 0 0 0.000000 0.000000 0.000000 0
10 3 0 0 0 0 0.000000 0.000000 0.000000 0
10 4 0 0 0 0 0.000000 0.000000 0.000000 0
10 5 542 0 0 0 0.000000 0.000000 0.000000 1
11 1 1077 15 0 15 0.013928 0.000000 0.000000 1
11 2 0 0 0 0 0.000000 0.000000 0.000000 0
11 3 0 0 0 0 0.000000 0.000000 0.000000 0
11 4 0 0 0 0 0.000000 0.000000 0.000000 0
11 5 0 0 0 0 0.000000 0.000000 0.000000 0
12 1 0 0 0 0 0.000000 0.000000 0.000000 0
12 2 0 0 0 0 0.000000 0.000000 0.000000 0
12 3 0 0 0 0 0.000000 0.000000 0.000000 0
12 4 0 0 0 0 0.000000 0.000000 0.000000 0
12 5 0 0 0 0 0.000000 0.000000 0.000000 0
13 1 0 0 0 0 0.000000 0.000000 0.000000 0
13 2 3587 0 0 0 0.000000 0.000628 0.000628 1
13 3 14248 1 0 1 0.000070 0.000281 0.000281 1
13 4 27 0 0 0 0.000000 0.000000 0.000000 1
13 5 0 0 0 0 0.000000 0.000000 0.000000 0
14 1 1351 0 0 0 0.000000 0.000000 0.000000 1
14 2 32621 41 0 41 0.001257 0.000936 0.000936 1
14 3 30441 15 0 15 0.000493 0.000243 0.000243 1
14 4 8949 0 0 0 0.000000 0.000000 0.000000 1
14 5 0 0 0 0 0.000000 0.000000 0.000000 0
15 1 23335 27 0 27 0.001157 0.000000 0.000000 1
15 2 21273 33 0 33 0.001551 0.001304 0.001304 1
15 3 11944 2 0 2 0.000167 0.000847 0.000847 1
15 4 16413 0 0 0 0.000000 0.000000 0.000000 1
15 5 8 0 0 0 0.000000 0.000000 0.000000 1
16 1 32124 12 0 12 0.000374 0.000000 0.000000 1
16 2 12672 14 0 14 0.001105 0.000993 0.000993 1
16 3 6915 13 0 13 0.001880 0.001352 0.001352 1
16 4 15399 0 0 0 0.000000 0.000000 0.000000 1
16 5 5813 0 0 0 0.000000 0.000000 0.000000 1
17 1 23692 23 0 23 0.000971 0.000000 0.000000 1
17 2 9252 3 0 3 0.000324 0.000728 0.000728 1
17 3 4979 10 0 10 0.002008 0.001615 0.001615 1
17 4 11516 0 0 0 0.000000 0.000000 0.000000 1
17 5 20135 1 0 1 0.000050 0.000000 0.000000 1
18 1 20727 4 0 4 0.000193 0.000000 0.000000 1
18 2 7938 6 0 6 0.000756 0.000360 0.000360 1
18 3 4176 5 1 4 0.000958 0.001060 0.001060 1
18 4 9758 0 0 0 0.000000 0.000000 0.000000 1
18 5 24353 12 0 12 0.000493 0.000000 0.000000 1
19 1 19805 7 0 7 0.000353 0.000000 0.000000 1
19 2 8040 0 0 0 0.000000 0.000252 0.000252 1
19 3 4702 10 9 1 0.000213 0.000514 0.000514 1
19 4 10222 0 0 0 0.000000 0.000483 0.000483 1
19 5 24508 9 0 9 0.000367 0.000000 0.000000 1
20 1 18430 0 0 0 0.000000 0.000000 0.000000 1
20 2 8014 0 0 0 0.000000 0.000000 0.000000 1
20 3 5367 4 2 2 0.000373 0.000195 0.000195 1
20 4 11724 17 0 17 0.001450 0.011292 0.011292 1
20 5 27566 111 0 111 0.004027 0.000000 0.000000 1
21 1 17306 0 0 0 0.000000 0.000000 0.000000 1
21 2 8975 0 0 0 0.000000 0.000000 0.000000 1
21 3 6839 0 0 0 0.000000 0.000325 0.000325 1
21 4 14587 475 2 473 0.032426 0.015988 0.015988 1
21 5 29067 20 0 20 0.000688 0.000000 0.000000 1
22 1 16396 0 0 0 0.000000 0.000000 0.000000 1
22 2 10886 0 0 0 0.000000 0.000000 0.000000 1
22 3 9957 8 2 6 0.000603 0.000201 0.000201 1
22 4 18313 261 3 258 0.014088 0.015640 0.015640 1
22 5 29759 32 0 32 0.001075 0.000000 0.000000 1
23 1 16011 0 0 0 0.000000 0.000000 0.000000 1
23 2 13494 0 0 0 0.000000 0.000000 0.000000 1
23 3 14878 0 0 0 0.000000 0.000217 0.000217 1
23 4 22212 9 0 9 0.000405 0.004883 0.004883 1
23 5 29820 12 0 12 0.000402 0.000000 0.000000 1
24 1 15617 30 0 30 0.001921 0.000000 0.000000 1
24 2 17048 0 0 0 0.000000 0.000030 0.000030 1
24 3 21169 1 0 1 0.000047 0.000039 0.000039 1
24 4 25764 4 0 4 0.000155 0.000519 0.000519 1
24 5 29708 4 0 4 0.000135 0.000000 0.000000 1
