# isec iband n_bond n_cum n_ctrl n_net D_raw D_reg D_hat valid  (tick 17; frame atan2(x-1297.0, z-1747.5); guards iband 1,5)
1 1 16644 50 0 50 0.003004 0.000000 0.000000 1
1 2 21885 65 0 65 0.002970 0.005116 0.005116 1
1 3 28142 121 0 121 0.004300 0.016101 0.016101 1
1 4 29091 90 0 90 0.003094 0.016806 0.016806 1
1 5 29945 777 0 777 0.025948 0.000000 0.000000 1
2 1 17133 42 0 42 0.002451 0.000000 0.000000 1
2 2 26093 49 0 49 0.001878 0.002372 0.002372 1
2 3 31592 1029 0 1029 0.032572 0.018937 0.018937 1
2 4 31278 1292 0 1292 0.041307 0.015762 0.015762 1
2 5 28834 206 0 206 0.007144 0.000000 0.000000 1
3 1 17836 90 0 90 0.005046 0.000000 0.000000 1
3 2 29082 66 0 66 0.002269 0.008317 0.008317 1
3 3 34604 690 0 690 0.019940 0.043126 0.043126 1
3 4 32574 94 0 94 0.002886 0.018425 0.018425 1
3 5 26515 233 0 233 0.008787 0.000000 0.000000 1
4 1 18844 180 0 180 0.009552 0.000000 0.000000 1
4 2 31388 653 0 653 0.020804 0.020968 0.020968 1
4 3 36049 2771 0 2771 0.076868 0.065233 0.065233 1
4 4 33658 373 0 373 0.011082 0.033931 0.033931 1
4 5 24435 226 0 226 0.009249 0.000000 0.000000 1
5 1 20097 488 0 488 0.024282 0.000000 0.000000 1
5 2 32740 1304 0 1304 0.039829 0.070653 0.070653 1
5 3 36747 3634 0 3634 0.098892 0.126364 0.126364 1
5 4 33066 2904 0 2904 0.087824 0.088264 0.088264 1
5 5 20141 2082 0 2082 0.103371 0.000000 0.000000 1
6 1 21416 1490 0 1490 0.069574 0.000000 0.000000 1
6 2 33200 5024 0 5024 0.151325 0.131552 0.131552 1
6 3 35469 7234 22 7212 0.203332 0.161121 0.161121 1
6 4 31329 5197 0 5197 0.165885 0.118984 0.118984 1
6 5 18882 1708 0 1708 0.090457 0.000000 0.000000 1
7 1 23016 2774 0 2774 0.120525 0.000000 0.000000 1
7 2 34565 7034 0 7034 0.203501 0.186473 0.186473 1
7 3 37198 6739 1 6738 0.181139 0.162685 0.162685 1
7 4 32603 3366 0 3366 0.103242 0.119405 0.119405 1
7 5 18980 557 0 557 0.029347 0.000000 0.000000 1
8 1 26777 5027 0 5027 0.187736 0.000000 0.000000 1
8 2 37088 7588 0 7588 0.204594 0.188668 0.188668 1
8 3 37458 3880 0 3880 0.103583 0.094907 0.094907 1
8 4 29375 2617 0 2617 0.089089 0.096166 0.096166 1
8 5 21851 434 0 434 0.019862 0.000000 0.000000 1
9 1 33401 4770 0 4770 0.142810 0.000000 0.000000 1
9 2 12463 1968 0 1968 0.157907 0.181251 0.181251 1
9 3 50 0 0 0 0.000000 0.051791 0.051791 1
9 4 0 0 0 0 0.000000 0.000000 0.000000 0
9 5 8064 96 0 96 0.011905 0.000000 0.000000 1
10 1 17341 976 0 976 0.056283 0.000000 0.000000 1
10 2 0 0 0 0 0.000000 0.000000 0.000000 0
10 3 0 0 0 0 0.000000 0.000000 0.000000 0
10 4 0 0 0 0 0.000000 0.000000 0.000000 0
10 5 542 4 0 4 0.007380 0.000000 0.000000 1
11 1 1077 26 0 26 0.024141 0.000000 0.000000 1
11 2 0 0 0 0 0.000000 0.000000 0.000000 0
11 3 0 0 0 0 0.000000 0.000000 0.000000 0
11 4 0 0 0 0 0.000000 0.000000 0.000000 0
11 5 0 0 0 0 0.000000 0.000000 0.000000 0
12 1 0 0 0 0 0.000000 0.000000 0.000000 0
12 2 0 0 0 0 0.000000 0.000000 0.000000 0
12 3 0 0 0 0 0.000000 0.000000 0.000000 0
12 4 0 0 0 0 0.000000 0.000000 0.000000 0
12 5 0 0 0 0 0.000000 0.000000 0.000000 0
13 1 0 0 0 0 0.000000 0.000000 0.000000 0
13 2 3587 0 0 0 0.000000 0.004935 0.004935 1
13 3 14248 9 0 9 0.000632 0.002287 0.002287 1
13 4 27 0 0 0 0.000000 0.002458 0.002458 1
13 5 0 0 0 0 0.000000 0.000000 0.000000 0
14 1 1351 0 0 0 0.000000 0.000000 0.000000 1
14 2 32621 322 0 322 0.009871 0.004387 0.004387 1
14 3 30441 120 0 120 0.003942 0.003060 0.003060 1
14 4 8949 44 0 44 0.004917 0.009478 0.009478 1
14 5 0 0 0 0 0.000000 0.000000 0.000000 0
15 1 23335 27 0 27 0.001157 0.000000 0.000000 1
15 2 21273 70 0 70 0.003291 0.007702 0.007702 1
15 3 11944 55 0 55 0.004605 0.004584 0.004584 1
15 4 16413 386 0 386 0.023518 0.023397 0.023397 1
15 5 8 0 0 0 0.000000 0.000000 0.000000 1
16 1 32124 81 0 81 0.002521 0.000000 0.000000 1
16 2 12672 126 0 126 0.009943 0.016913 0.016913 1
16 3 6915 36 0 36 0.005206 0.004542 0.004542 1
16 4 15399 643 0 643 0.041756 0.052266 0.052266 1
16 5 5813 231 0 231 0.039739 0.000000 0.000000 1
17 1 23692 63 0 63 0.002659 0.000000 0.000000 1
17 2 9252 347 0 347 0.037505 0.024677 0.024677 1
17 3 4979 19 0 19 0.003816 0.004684 0.004684 1
17 4 11516 1054 0 1054 0.091525 0.064615 0.064615 1
17 5 20135 908 0 908 0.045096 0.000000 0.000000 1
18 1 20727 55 0 55 0.002654 0.000000 0.000000 1
18 2 7938 211 0 211 0.026581 0.022772 0.022772 1
18 3 4176 22 1 21 0.005029 0.003515 0.003515 1
18 4 9758 591 0 591 0.060566 0.063088 0.063088 1
18 5 24353 1424 0 1424 0.058473 0.000000 0.000000 1
19 1 19805 59 0 59 0.002979 0.000000 0.000000 1
19 2 8040 34 0 34 0.004229 0.010935 0.010935 1
19 3 4702 17 9 8 0.001701 0.003548 0.003548 1
19 4 10222 380 0 380 0.037175 0.045801 0.045801 1
19 5 24508 1205 0 1205 0.049168 0.000000 0.000000 1
20 1 18430 219 0 219 0.011883 0.000000 0.000000 1
20 2 8014 16 0 16 0.001997 0.003412 0.003412 1
20 3 5367 23 2 21 0.003913 0.003724 0.003724 1
20 4 11724 465 0 465 0.039662 0.043985 0.043985 1
20 5 27566 1074 0 1074 0.038961 0.000000 0.000000 1
21 1 17306 452 0 452 0.026118 0.000000 0.000000 1
21 2 8975 36 0 36 0.004011 0.002646 0.002646 1
21 3 6839 38 0 38 0.005556 0.006738 0.006738 1
21 4 14587 806 2 804 0.055118 0.046191 0.046191 1
21 5 29067 732 0 732 0.025183 0.000000 0.000000 1
22 1 16396 73 0 73 0.004452 0.000000 0.000000 1
22 2 10886 21 0 21 0.001929 0.013318 0.013318 1
22 3 9957 109 2 107 0.010746 0.008683 0.008683 1
22 4 18313 805 3 802 0.043794 0.039739 0.039739 1
22 5 29759 287 0 287 0.009644 0.000000 0.000000 1
23 1 16011 34 0 34 0.002124 0.000000 0.000000 1
23 2 13494 459 0 459 0.034015 0.015481 0.015481 1
23 3 14878 145 0 145 0.009746 0.010641 0.010641 1
23 4 22212 451 0 451 0.020304 0.023372 0.023372 1
23 5 29820 150 0 150 0.005030 0.000000 0.000000 1
24 1 15617 89 0 89 0.005699 0.000000 0.000000 1
24 2 17048 179 0 179 0.010500 0.015828 0.015828 1
24 3 21169 242 0 242 0.011432 0.008492 0.008492 1
24 4 25764 155 0 155 0.006016 0.009805 0.009805 1
24 5 29708 194 0 194 0.006530 0.000000 0.000000 1
