# isec iband n_bond n_cum n_ctrl n_net D_raw D_reg D_hat valid  (tick 15; frame atan2(x-1297.0, z-1747.5); guards iband 1,5)
1 1 16644 49 0 49 0.002944 0.000000 0.000000 1
1 2 21885 65 0 65 0.002970 0.004959 0.004959 1
1 3 28142 119 0 119 0.004229 0.014534 0.014534 1
1 4 29091 74 0 74 0.002544 0.015971 0.015971 1
1 5 29945 646 0 646 0.021573 0.000000 0.000000 1
2 1 17133 30 0 30 0.001751 0.000000 0.000000 1
2 2 26093 49 0 49 0.001878 0.002372 0.002372 1
2 3 31592 1029 0 1029 0.032572 0.018913 0.018913 1
2 4 31278 1277 0 1277 0.040827 0.015276 0.015276 1
2 5 28834 24 0 24 0.000832 0.000000 0.000000 1
3 1 17836 66 0 66 0.003700 0.000000 0.000000 1
3 2 29082 66 0 66 0.002269 0.008137 0.008137 1
3 3 34604 690 0 690 0.019940 0.042904 0.042904 1
3 4 32574 80 0 80 0.002456 0.016914 0.016914 1
3 5 26515 49 0 49 0.001848 0.000000 0.000000 1
4 1 18844 129 0 129 0.006846 0.000000 0.000000 1
4 2 31388 636 0 636 0.020263 0.019178 0.019178 1
4 3 36049 2747 0 2747 0.076202 0.059941 0.059941 1
4 4 33658 251 0 251 0.007457 0.023496 0.023496 1
4 5 24435 90 0 90 0.003683 0.000000 0.000000 1
5 1 20097 428 0 428 0.021297 0.000000 0.000000 1
5 2 32740 1146 0 1146 0.035003 0.065169 0.065169 1
5 3 36747 3075 0 3075 0.083680 0.111458 0.111458 1
5 4 33066 2003 0 2003 0.060576 0.063790 0.063790 1
5 5 20141 1900 0 1900 0.094335 0.000000 0.000000 1
6 1 21416 1262 0 1262 0.058928 0.000000 0.000000 1
6 2 33200 4656 0 4656 0.140241 0.121783 0.121783 1
6 3 35469 6211 22 6189 0.174490 0.139814 0.139814 1
6 4 31329 3864 0 3864 0.123336 0.090790 0.090790 1
6 5 18882 1480 0 1480 0.078382 0.000000 0.000000 1
7 1 23016 2464 0 2464 0.107056 0.000000 0.000000 1
7 2 34565 6571 0 6571 0.190106 0.174404 0.174404 1
7 3 37198 6000 1 5999 0.161272 0.141287 0.141287 1
7 4 32603 2884 0 2884 0.088458 0.097605 0.097605 1
7 5 18980 442 0 442 0.023288 0.000000 0.000000 1
8 1 26777 4797 0 4797 0.179146 0.000000 0.000000 1
8 2 37088 7153 0 7153 0.192866 0.178956 0.178956 1
8 3 37458 3300 0 3300 0.088099 0.083124 0.083124 1
8 4 29375 2380 0 2380 0.081021 0.084740 0.084740 1
8 5 21851 343 0 343 0.015697 0.000000 0.000000 1
9 1 33401 4482 0 4482 0.134188 0.000000 0.000000 1
9 2 12463 1918 0 1918 0.153896 0.173381 0.173381 1
9 3 50 0 0 0 0.000000 0.044049 0.044049 1
9 4 0 0 0 0 0.000000 0.000000 0.000000 0
9 5 8064 9 0 9 0.001116 0.000000 0.000000 1
10 1 17341 881 0 881 0.050804 0.000000 0.000000 1
10 2 0 0 0 0 0.000000 0.000000 0.000000 0
10 3 0 0 0 0 0.000000 0.000000 0.000000 0
10 4 0 0 0 0 0.000000 0.000000 0.000000 0
10 5 542 0 0 0 0.000000 0.000000 0.000000 1
11 1 1077 25 0 25 0.023213 0.000000 0.000000 1
11 2 0 0 0 0 0.000000 0.000000 0.000000 0
11 3 0 0 0 0 0.000000 0.000000 0.000000 0
11 4 0 0 0 0 0.000000 0.000000 0.000000 0
11 5 0 0 0 0 0.000000 0.000000 0.000000 0
12 1 0 0 0 0 0.000000 0.000000 0.000000 0
12 2 0 0 0 0 0.000000 0.000000 0.000000 0
12 3 0 0 0 0 0.000000 0.000000 0.000000 0
12 4 0 0 0 0 0.000000 0.000000 0.000000 0
12 5 0 0 0 0 0.000000 0.000000 0.000000 0
13 1 0 0 0 0 0.000000 0.000000 0.000000 0
13 2 3587 0 0 0 0.000000 0.000628 0.000628 1
13 3 14248 3 0 3 0.000211 0.000385 0.000385 1
13 4 27 0 0 0 0.000000 0.000056 0.000056 1
13 5 0 0 0 0 0.000000 0.000000 0.000000 0
14 1 1351 0 0 0 0.000000 0.000000 0.000000 1
14 2 32621 41 0 41 0.001257 0.000936 0.000936 1
14 3 30441 17 0 17 0.000558 0.000312 0.000312 1
14 4 8949 1 0 1 0.000112 0.000667 0.000667 1
14 5 0 0 0 0 0.000000 0.000000 0.000000 0
15 1 23335 27 0 27 0.001157 0.000000 0.000000 1
15 2 21273 33 0 33 0.001551 0.001304 0.001304 1
15 3 11944 2 0 2 0.000167 0.001158 0.001158 1
15 4 16413 31 0 31 0.001889 0.003632 0.003632 1
15 5 8 0 0 0 0.000000 0.000000 0.000000 1
16 1 32124 52 0 52 0.001619 0.000000 0.000000 1
16 2 12672 14 0 14 0.001105 0.000993 0.000993 1
16 3 6915 19 0 19 0.002748 0.001641 0.001641 1
16 4 15399 137 0 137 0.008897 0.025188 0.025188 1
16 5 5813 46 0 46 0.007913 0.000000 0.000000 1
17 1 23692 54 0 54 0.002279 0.000000 0.000000 1
17 2 9252 3 0 3 0.000324 0.000728 0.000728 1
17 3 4979 10 0 10 0.002008 0.001905 0.001905 1
17 4 11516 746 0 746 0.064779 0.035934 0.035934 1
17 5 20135 241 0 241 0.011969 0.000000 0.000000 1
18 1 20727 47 0 47 0.002268 0.000000 0.000000 1
18 2 7938 6 0 6 0.000756 0.000360 0.000360 1
18 3 4176 5 1 4 0.000958 0.001131 0.001131 1
18 4 9758 333 0 333 0.034126 0.035284 0.035284 1
18 5 24353 337 0 337 0.013838 0.000000 0.000000 1
19 1 19805 41 0 41 0.002070 0.000000 0.000000 1
19 2 8040 0 0 0 0.000000 0.000252 0.000252 1
19 3 4702 11 9 2 0.000425 0.000647 0.000647 1
19 4 10222 71 0 71 0.006946 0.014998 0.014998 1
19 5 24508 367 0 367 0.014975 0.000000 0.000000 1
20 1 18430 188 0 188 0.010201 0.000000 0.000000 1
20 2 8014 0 0 0 0.000000 0.000669 0.000669 1
20 3 5367 5 2 3 0.000559 0.000328 0.000328 1
20 4 11724 46 0 46 0.003924 0.016283 0.016283 1
20 5 27566 411 0 411 0.014910 0.000000 0.000000 1
21 1 17306 422 0 422 0.024385 0.000000 0.000000 1
21 2 8975 18 0 18 0.002006 0.001189 0.001189 1
21 3 6839 0 0 0 0.000000 0.000655 0.000655 1
21 4 14587 556 2 554 0.037979 0.022067 0.022067 1
21 5 29067 333 0 333 0.011456 0.000000 0.000000 1
22 1 16396 37 0 37 0.002257 0.000000 0.000000 1
22 2 10886 17 0 17 0.001562 0.011688 0.011688 1
22 3 9957 16 2 14 0.001406 0.001253 0.001253 1
22 4 18313 448 3 445 0.024300 0.023551 0.023551 1
22 5 29759 153 0 153 0.005141 0.000000 0.000000 1
23 1 16011 23 0 23 0.001437 0.000000 0.000000 1
23 2 13494 425 0 425 0.031495 0.014363 0.014363 1
23 3 14878 35 0 35 0.002352 0.003520 0.003520 1
23 4 22212 186 0 186 0.008374 0.012405 0.012405 1
23 5 29820 125 0 125 0.004192 0.000000 0.000000 1
24 1 15617 84 0 84 0.005379 0.000000 0.000000 1
24 2 17048 171 0 171 0.010031 0.014832 0.014832 1
24 3 21169 144 0 144 0.006802 0.004461 0.004461 1
24 4 25764 117 0 117 0.004541 0.005153 0.005153 1
24 5 29708 151 0 151 0.005083 0.000000 0.000000 1
