# isec iband n_bond n_cum n_ctrl n_net D_raw D_reg D_hat valid  (tick 11; frame atan2(x-1297.0, z-1747.5); guards iband 1,5)
1 1 16644 43 0 43 0.002584 0.000000 0.000000 1
1 2 21885 65 0 65 0.002970 0.004959 0.004959 1
1 3 28142 119 0 119 0.004229 0.014303 0.014303 1
1 4 29091 74 0 74 0.002544 0.015919 0.015919 1
1 5 29945 590 0 590 0.019703 0.000000 0.000000 1
2 1 17133 25 0 25 0.001459 0.000000 0.000000 1
2 2 26093 49 0 49 0.001878 0.002372 0.002372 1
2 3 31592 1028 0 1028 0.032540 0.018672 0.018672 1
2 4 31278 1277 0 1277 0.040827 0.015194 0.015194 1
2 5 28834 17 0 17 0.000590 0.000000 0.000000 1
3 1 17836 53 0 53 0.002972 0.000000 0.000000 1
3 2 29082 66 0 66 0.002269 0.007712 0.007712 1
3 3 34604 666 0 666 0.019246 0.025963 0.025963 1
3 4 32574 72 0 72 0.002210 0.014851 0.014851 1
3 5 26515 43 0 43 0.001622 0.000000 0.000000 1
4 1 18844 56 0 56 0.002972 0.000000 0.000000 1
4 2 31388 596 0 596 0.018988 0.011963 0.011963 1
4 3 36049 941 0 941 0.026103 0.029685 0.029685 1
4 4 33658 51 0 51 0.001515 0.011605 0.011605 1
4 5 24435 57 0 57 0.002333 0.000000 0.000000 1
5 1 20097 203 0 203 0.010101 0.000000 0.000000 1
5 2 32740 479 0 479 0.014630 0.032863 0.032863 1
5 3 36747 1606 0 1606 0.043704 0.064639 0.064639 1
5 4 33066 1028 0 1028 0.031089 0.037138 0.037138 1
5 5 20141 169 0 169 0.008391 0.000000 0.000000 1
6 1 21416 728 0 728 0.033993 0.000000 0.000000 1
6 2 33200 2157 0 2157 0.064970 0.065060 0.065060 1
6 3 35469 4424 22 4402 0.124108 0.092579 0.092579 1
6 4 31329 2469 0 2469 0.078809 0.055966 0.055966 1
6 5 18882 219 0 219 0.011598 0.000000 0.000000 1
7 1 23016 1617 0 1617 0.070255 0.000000 0.000000 1
7 2 34565 3995 0 3995 0.115579 0.110721 0.110721 1
7 3 37198 4090 1 4089 0.109925 0.097126 0.097126 1
7 4 32603 1891 0 1891 0.058001 0.064508 0.064508 1
7 5 18980 121 0 121 0.006375 0.000000 0.000000 1
8 1 26777 3865 0 3865 0.144340 0.000000 0.000000 1
8 2 37088 5623 0 5623 0.151612 0.119902 0.119902 1
8 3 37458 2148 0 2148 0.057344 0.055756 0.055756 1
8 4 29375 1666 0 1666 0.056715 0.057358 0.057358 1
8 5 21851 205 0 205 0.009382 0.000000 0.000000 1
9 1 33401 3302 0 3302 0.098859 0.000000 0.000000 1
9 2 12463 1153 0 1153 0.092514 0.122063 0.122063 1
9 3 50 0 0 0 0.000000 0.028672 0.028672 1
9 4 0 0 0 0 0.000000 0.000000 0.000000 0
9 5 8064 3 0 3 0.000372 0.000000 0.000000 1
10 1 17341 666 0 666 0.038406 0.000000 0.000000 1
10 2 0 0 0 0 0.000000 0.000000 0.000000 0
10 3 0 0 0 0 0.000000 0.000000 0.000000 0
10 4 0 0 0 0 0.000000 0.000000 0.000000 0
10 5 542 0 0 0 0.000000 0.000000 0.000000 1
11 1 1077 23 0 23 0.021356 0.000000 0.000000 1
11 2 0 0 0 0 0.000000 0.000000 0.000000 0
11 3 0 0 0 0 0.000000 0.000000 0.000000 0
11 4 0 0 0 0 0.000000 0.000000 0.000000 0
11 5 0 0 0 0 0.000000 0.000000 0.000000 0
12 1 0 0 0 0 0.000000 0.000000 0.000000 0
12 2 0 0 0 0 0.000000 0.000000 0.000000 0
12 3 0 0 0 0 0.000000 0.000000 0.000000 0
12 4 0 0 0 0 0.000000 0.000000 0.000000 0
12 5 0 0 0 0 0.000000 0.000000 0.000000 0
13 1 0 0 0 0 0.000000 0.000000 0.000000 0
13 2 3587 0 0 0 0.000000 0.000628 0.000628 1
13 3 14248 3 0 3 0.000211 0.000368 0.000368 1
13 4 27 0 0 0 0.000000 0.000000 0.000000 1
13 5 0 0 0 0 0.000000 0.000000 0.000000 0
14 1 1351 0 0 0 0.000000 0.000000 0.000000 1
14 2 32621 41 0 41 0.001257 0.000936 0.000936 1
14 3 30441 16 0 16 0.000526 0.000301 0.000301 1
14 4 8949 0 0 0 0.000000 0.000041 0.000041 1
14 5 0 0 0 0 0.000000 0.000000 0.000000 0
15 1 23335 27 0 27 0.001157 0.000000 0.000000 1
15 2 21273 33 0 33 0.001551 0.001304 0.001304 1
15 3 11944 2 0 2 0.000167 0.000906 0.000906 1
15 4 16413 2 0 2 0.000122 0.001989 0.001989 1
15 5 8 0 0 0 0.000000 0.000000 0.000000 1
16 1 32124 20 0 20 0.000623 0.000000 0.000000 1
16 2 12672 14 0 14 0.001105 0.000993 0.000993 1
16 3 6915 14 0 14 0.002025 0.001400 0.001400 1
16 4 15399 90 0 90 0.005845 0.021758 0.021758 1
16 5 5813 16 0 16 0.002752 0.000000 0.000000 1
17 1 23692 35 0 35 0.001477 0.000000 0.000000 1
17 2 9252 3 0 3 0.000324 0.000728 0.000728 1
17 3 4979 10 0 10 0.002008 0.001664 0.001664 1
17 4 11516 683 0 683 0.059309 0.032342 0.032342 1
17 5 20135 62 0 62 0.003079 0.000000 0.000000 1
18 1 20727 15 0 15 0.000724 0.000000 0.000000 1
18 2 7938 6 0 6 0.000756 0.000360 0.000360 1
18 3 4176 5 1 4 0.000958 0.001060 0.001060 1
18 4 9758 311 0 311 0.031871 0.031959 0.031959 1
18 5 24353 164 0 164 0.006734 0.000000 0.000000 1
19 1 19805 10 0 10 0.000505 0.000000 0.000000 1
19 2 8040 0 0 0 0.000000 0.000252 0.000252 1
19 3 4702 10 9 1 0.000213 0.000514 0.000514 1
19 4 10222 48 0 48 0.004696 0.012701 0.012701 1
19 5 24508 162 0 162 0.006610 0.000000 0.000000 1
20 1 18430 161 0 161 0.008736 0.000000 0.000000 1
20 2 8014 0 0 0 0.000000 0.000669 0.000669 1
20 3 5367 4 2 2 0.000373 0.000195 0.000195 1
20 4 11724 18 0 18 0.001535 0.013823 0.013823 1
20 5 27566 218 0 218 0.007908 0.000000 0.000000 1
21 1 17306 414 0 414 0.023922 0.000000 0.000000 1
21 2 8975 18 0 18 0.002006 0.001189 0.001189 1
21 3 6839 0 0 0 0.000000 0.000593 0.000593 1
21 4 14587 516 2 514 0.035237 0.018155 0.018155 1
21 5 29067 146 0 146 0.005023 0.000000 0.000000 1
22 1 16396 31 0 31 0.001891 0.000000 0.000000 1
22 2 10886 17 0 17 0.001562 0.011688 0.011688 1
22 3 9957 16 2 14 0.001406 0.001074 0.001074 1
22 4 18313 327 3 324 0.017692 0.020014 0.020014 1
22 5 29759 91 0 91 0.003058 0.000000 0.000000 1
23 1 16011 23 0 23 0.001437 0.000000 0.000000 1
23 2 13494 425 0 425 0.031495 0.014363 0.014363 1
23 3 14878 27 0 27 0.001815 0.003121 0.003121 1
23 4 22212 158 0 158 0.007113 0.009731 0.009731 1
23 5 29820 78 0 78 0.002616 0.000000 0.000000 1
24 1 15617 78 0 78 0.004995 0.000000 0.000000 1
24 2 17048 171 0 171 0.010031 0.014832 0.014832 1
24 3 21169 130 0 130 0.006141 0.004061 0.004061 1
24 4 25764 113 0 113 0.004386 0.004681 0.004681 1
24 5 29708 82 0 82 0.002760 0.000000 0.000000 1
