# isec iband n_bond n_cum n_ctrl n_net D_raw D_reg D_hat valid  (tick 18; frame atan2(x-1297.0, z-1747.5); guards iband 1,5)
1 1 16644 50 0 50 0.003004 0.000000 0.000000 1
1 2 21885 65 0 65 0.002970 0.005116 0.005116 1
1 3 28142 121 0 121 0.004300 0.016101 0.016101 1
1 4 29091 91 0 91 0.003128 0.016838 0.016838 1
1 5 29945 824 0 824 0.027517 0.000000 0.000000 1
2 1 17133 42 0 42 0.002451 0.000000 0.000000 1
2 2 26093 49 0 49 0.001878 0.002372 0.002372 1
2 3 31592 1029 0 1029 0.032572 0.018937 0.018937 1
2 4 31278 1294 0 1294 0.041371 0.015815 0.015815 1
2 5 28834 233 0 233 0.008081 0.000000 0.000000 1
3 1 17836 90 0 90 0.005046 0.000000 0.000000 1
3 2 29082 66 0 66 0.002269 0.008317 0.008317 1
3 3 34604 690 0 690 0.019940 0.043136 0.043136 1
3 4 32574 96 0 96 0.002947 0.018516 0.018516 1
3 5 26515 246 0 246 0.009278 0.000000 0.000000 1
4 1 18844 180 0 180 0.009552 0.000000 0.000000 1
4 2 31388 653 0 653 0.020804 0.020968 0.020968 1
4 3 36049 2772 0 2772 0.076895 0.065261 0.065261 1
4 4 33658 378 0 378 0.011231 0.034495 0.034495 1
4 5 24435 236 0 236 0.009658 0.000000 0.000000 1
5 1 20097 491 0 491 0.024432 0.000000 0.000000 1
5 2 32740 1304 0 1304 0.039829 0.070703 0.070703 1
5 3 36747 3636 0 3636 0.098947 0.126467 0.126467 1
5 4 33066 2953 0 2953 0.089306 0.089094 0.089094 1
5 5 20141 2083 0 2083 0.103421 0.000000 0.000000 1
6 1 21416 1570 0 1570 0.073310 0.000000 0.000000 1
6 2 33200 5029 0 5029 0.151476 0.131910 0.131910 1
6 3 35469 7242 22 7220 0.203558 0.161528 0.161528 1
6 4 31329 5224 0 5224 0.166746 0.119918 0.119918 1
6 5 18882 1713 0 1713 0.090721 0.000000 0.000000 1
7 1 23016 2862 0 2862 0.124348 0.000000 0.000000 1
7 2 34565 7066 0 7066 0.204426 0.186940 0.186940 1
7 3 37198 6774 1 6773 0.182080 0.163100 0.163100 1
7 4 32603 3381 0 3381 0.103702 0.119846 0.119846 1
7 5 18980 558 0 558 0.029399 0.000000 0.000000 1
8 1 26777 5067 0 5067 0.189230 0.000000 0.000000 1
8 2 37088 7600 0 7600 0.204918 0.189164 0.189164 1
8 3 37458 3883 0 3883 0.103663 0.095247 0.095247 1
8 4 29375 2617 0 2617 0.089089 0.096396 0.096396 1
8 5 21851 434 0 434 0.019862 0.000000 0.000000 1
9 1 33401 4892 0 4892 0.146463 0.000000 0.000000 1
9 2 12463 1971 0 1971 0.158148 0.181533 0.181533 1
9 3 50 0 0 0 0.000000 0.051831 0.051831 1
9 4 0 0 0 0 0.000000 0.000000 0.000000 0
9 5 8064 96 0 96 0.011905 0.000000 0.000000 1
10 1 17341 1042 0 1042 0.060089 0.000000 0.000000 1
10 2 0 0 0 0 0.000000 0.000000 0.000000 0
10 3 0 0 0 0 0.000000 0.000000 0.000000 0
10 4 0 0 0 0 0.000000 0.000000 0.000000 0
10 5 542 4 0 4 0.007380 0.000000 0.000000 1
11 1 1077 26 0 26 0.024141 0.000000 0.000000 1
11 2 0 0 0 0 0.000000 0.000000 0.000000 0
11 3 0 0 0 0 0.000000 0.000000 0.000000 0
11 4 0 0 0 0 0.000000 0.000000 0.000000 0
11 5 0 0 0 0 0.000000 0.000000 0.000000 0
12 1 0 0 0 0 0.000000 0.000000 0.000000 0
12 2 0 0 0 0 0.000000 0.000000 0.000000 0
12 3 0 0 0 0 0.000000 0.000000 0.000000 0
12 4 0 0 0 0 0.000000 0.000000 0.000000 0
12 5 0 0 0 0 0.000000 0.000000 0.000000 0
13 1 0 0 0 0 0.000000 0.000000 0.000000 0
13 2 3587 0 0 0 0.000000 0.004935 0.004935 1
13 3 14248 10 0 10 0.000702 0.002404 0.002404 1
13 4 27 0 0 0 0.000000 0.002458 0.002458 1
13 5 0 0 0 0 0.000000 0.000000 0.000000 0
14 1 1351 0 0 0 0.000000 0.000000 0.000000 1
14 2 32621 322 0 322 0.009871 0.004387 0.004387 1
14 3 30441 125 0 125 0.004106 0.003277 0.003277 1
14 4 8949 44 0 44 0.004917 0.009600 0.009600 1
14 5 0 0 0 0 0.000000 0.000000 0.000000 0
15 1 23335 27 0 27 0.001157 0.000000 0.000000 1
15 2 21273 70 0 70 0.003291 0.007702 0.007702 1
15 3 11944 60 0 60 0.005023 0.004779 0.004779 1
15 4 16413 392 0 392 0.023884 0.024082 0.024082 1
15 5 8 0 0 0 0.000000 0.000000 0.000000 1
16 1 32124 82 0 82 0.002553 0.000000 0.000000 1
16 2 12672 126 0 126 0.009943 0.016949 0.016949 1
16 3 6915 36 0 36 0.005206 0.005150 0.005150 1
16 4 15399 669 0 669 0.043444 0.052980 0.052980 1
16 5 5813 233 0 233 0.040083 0.000000 0.000000 1
17 1 23692 64 0 64 0.002701 0.000000 0.000000 1
17 2 9252 348 0 348 0.037613 0.024713 0.024713 1
17 3 4979 26 0 26 0.005222 0.005312 0.005312 1
17 4 11516 1055 0 1055 0.091612 0.065583 0.065583 1
17 5 20135 986 0 986 0.048969 0.000000 0.000000 1
18 1 20727 58 0 58 0.002798 0.000000 0.000000 1
18 2 7938 211 0 211 0.026581 0.022808 0.022808 1
18 3 4176 24 1 23 0.005508 0.004215 0.004215 1
18 4 9758 602 0 602 0.061693 0.064732 0.064732 1
18 5 24353 1876 0 1876 0.077034 0.000000 0.000000 1
19 1 19805 60 0 60 0.003030 0.000000 0.000000 1
19 2 8040 34 0 34 0.004229 0.010935 0.010935 1
19 3 4702 18 9 9 0.001914 0.003778 0.003778 1
19 4 10222 418 0 418 0.040892 0.047899 0.047899 1
19 5 24508 1273 0 1273 0.051942 0.000000 0.000000 1
20 1 18430 220 0 220 0.011937 0.000000 0.000000 1
20 2 8014 16 0 16 0.001997 0.003412 0.003412 1
20 3 5367 23 2 21 0.003913 0.003794 0.003794 1
20 4 11724 482 0 482 0.041112 0.046164 0.046164 1
20 5 27566 1123 0 1123 0.040739 0.000000 0.000000 1
21 1 17306 452 0 452 0.026118 0.000000 0.000000 1
21 2 8975 36 0 36 0.004011 0.002707 0.002707 1
21 3 6839 38 0 38 0.005556 0.006872 0.006872 1
21 4 14587 826 2 824 0.056489 0.047423 0.047423 1
21 5 29067 763 0 763 0.026250 0.000000 0.000000 1
22 1 16396 73 0 73 0.004452 0.000000 0.000000 1
22 2 10886 23 0 23 0.002113 0.013380 0.013380 1
22 3 9957 113 2 111 0.011148 0.008839 0.008839 1
22 4 18313 821 3 818 0.044668 0.040622 0.040622 1
22 5 29759 287 0 287 0.009644 0.000000 0.000000 1
23 1 16011 34 0 34 0.002124 0.000000 0.000000 1
23 2 13494 459 0 459 0.034015 0.015543 0.015543 1
23 3 14878 146 0 146 0.009813 0.010798 0.010798 1
23 4 22212 460 0 460 0.020710 0.023798 0.023798 1
23 5 29820 158 0 158 0.005298 0.000000 0.000000 1
24 1 15617 89 0 89 0.005699 0.000000 0.000000 1
24 2 17048 179 0 179 0.010500 0.015828 0.015828 1
24 3 21169 242 0 242 0.011432 0.008515 0.008515 1
24 4 25764 155 0 155 0.006016 0.009951 0.009951 1
24 5 29708 211 0 211 0.007102 0.000000 0.000000 1
