# isec iband n_bond n_cum n_ctrl n_net D_raw D_reg D_hat valid  (tick 12; frame atan2(x-1297.0, z-1747.5); guards iband 1,5)
1 1 16644 43 0 43 0.002584 0.000000 0.000000 1
1 2 21885 65 0 65 0.002970 0.004959 0.004959 1
1 3 28142 119 0 119 0.004229 0.014303 0.014303 1
1 4 29091 74 0 74 0.002544 0.015919 0.015919 1
1 5 29945 593 0 593 0.019803 0.000000 0.000000 1
2 1 17133 25 0 25 0.001459 0.000000 0.000000 1
2 2 26093 49 0 49 0.001878 0.002372 0.002372 1
2 3 31592 1028 0 1028 0.032540 0.018672 0.018672 1
2 4 31278 1277 0 1277 0.040827 0.015245 0.015245 1
2 5 28834 18 0 18 0.000624 0.000000 0.000000 1
3 1 17836 54 0 54 0.003028 0.000000 0.000000 1
3 2 29082 66 0 66 0.002269 0.007712 0.007712 1
3 3 34604 666 0 666 0.019246 0.026019 0.026019 1
3 4 32574 77 0 77 0.002364 0.014991 0.014991 1
3 5 26515 47 0 47 0.001773 0.000000 0.000000 1
4 1 18844 66 0 66 0.003502 0.000000 0.000000 1
4 2 31388 596 0 596 0.018988 0.014844 0.014844 1
4 3 36049 947 0 947 0.026270 0.031455 0.031455 1
4 4 33658 60 0 60 0.001783 0.012804 0.012804 1
4 5 24435 63 0 63 0.002578 0.000000 0.000000 1
5 1 20097 255 0 255 0.012688 0.000000 0.000000 1
5 2 32740 762 0 762 0.023274 0.047561 0.047561 1
5 3 36747 1795 0 1795 0.048848 0.070534 0.070534 1
5 4 33066 1133 0 1133 0.034265 0.042499 0.042499 1
5 5 20141 213 0 213 0.010575 0.000000 0.000000 1
6 1 21416 838 0 838 0.039130 0.000000 0.000000 1
6 2 33200 3334 0 3334 0.100422 0.084233 0.084233 1
6 3 35469 4863 22 4841 0.136485 0.100570 0.100570 1
6 4 31329 2865 0 2865 0.091449 0.063528 0.063528 1
6 5 18882 254 0 254 0.013452 0.000000 0.000000 1
7 1 23016 1704 0 1704 0.074035 0.000000 0.000000 1
7 2 34565 4459 0 4459 0.129003 0.130212 0.130212 1
7 3 37198 4330 1 4329 0.116377 0.105841 0.105841 1
7 4 32603 2115 0 2115 0.064871 0.072192 0.072192 1
7 5 18980 147 0 147 0.007745 0.000000 0.000000 1
8 1 26777 4013 0 4013 0.149867 0.000000 0.000000 1
8 2 37088 5979 0 5979 0.161211 0.129395 0.129395 1
8 3 37458 2422 0 2422 0.064659 0.060345 0.060345 1
8 4 29375 1770 0 1770 0.060255 0.062563 0.062563 1
8 5 21851 220 0 220 0.010068 0.000000 0.000000 1
9 1 33401 3480 0 3480 0.104188 0.000000 0.000000 1
9 2 12463 1221 0 1221 0.097970 0.129591 0.129591 1
9 3 50 0 0 0 0.000000 0.032330 0.032330 1
9 4 0 0 0 0 0.000000 0.000000 0.000000 0
9 5 8064 4 0 4 0.000496 0.000000 0.000000 1
10 1 17341 752 0 752 0.043365 0.000000 0.000000 1
10 2 0 0 0 0 0.000000 0.000000 0.000000 0
10 3 0 0 0 0 0.000000 0.000000 0.000000 0
10 4 0 0 0 0 0.000000 0.000000 0.000000 0
10 5 542 0 0 0 0.000000 0.000000 0.000000 1
11 1 1077 23 0 23 0.021356 0.000000 0.000000 1
11 2 0 0 0 0 0.000000 0.000000 0.000000 0
11 3 0 0 0 0 0.000000 0.000000 0.000000 0
11 4 0 0 0 0 0.000000 0.000000 0.000000 0
11 5 0 0 0 0 0.000000 0.000000 0.000000 0
12 1 0 0 0 0 0.000000 0.000000 0.000000 0
12 2 0 0 0 0 0.000000 0.000000 0.000000 0
12 3 0 0 0 0 0.000000 0.000000 0.000000 0
12 4 0 0 0 0 0.000000 0.000000 0.000000 0
12 5 0 0 0 0 0.000000 0.000000 0.000000 0
13 1 0 0 0 0 0.000000 0.000000 0.000000 0
13 2 3587 0 0 0 0.000000 0.000628 0.000628 1
13 3 14248 3 0 3 0.000211 0.000368 0.000368 1
13 4 27 0 0 0 0.000000 0.000000 0.000000 1
13 5 0 0 0 0 0.000000 0.000000 0.000000 0
14 1 1351 0 0 0 0.000000 0.000000 0.000000 1
14 2 32621 41 0 41 0.001257 0.000936 0.000936 1
14 3 30441 16 0 16 0.000526 0.000301 0.000301 1
14 4 8949 0 0 0 0.000000 0.000162 0.000162 1
14 5 0 0 0 0 0.000000 0.000000 0.000000 0
15 1 23335 27 0 27 0.001157 0.000000 0.000000 1
15 2 21273 33 0 33 0.001551 0.001304 0.001304 1
15 3 11944 2 0 2 0.000167 0.000906 0.000906 1
15 4 16413 8 0 8 0.000487 0.002305 0.002305 1
15 5 8 0 0 0 0.000000 0.000000 0.000000 1
16 1 32124 25 0 25 0.000778 0.000000 0.000000 1
16 2 12672 14 0 14 0.001105 0.000993 0.000993 1
16 3 6915 14 0 14 0.002025 0.001400 0.001400 1
16 4 15399 99 0 99 0.006429 0.022393 0.022393 1
16 5 5813 32 0 32 0.005505 0.000000 0.000000 1
17 1 23692 37 0 37 0.001562 0.000000 0.000000 1
17 2 9252 3 0 3 0.000324 0.000728 0.000728 1
17 3 4979 10 0 10 0.002008 0.001664 0.001664 1
17 4 11516 694 0 694 0.060264 0.033231 0.033231 1
17 5 20135 103 0 103 0.005115 0.000000 0.000000 1
18 1 20727 21 0 21 0.001013 0.000000 0.000000 1
18 2 7938 6 0 6 0.000756 0.000360 0.000360 1
18 3 4176 5 1 4 0.000958 0.001060 0.001060 1
18 4 9758 322 0 322 0.032999 0.032783 0.032783 1
18 5 24353 212 0 212 0.008705 0.000000 0.000000 1
19 1 19805 18 0 18 0.000909 0.000000 0.000000 1
19 2 8040 0 0 0 0.000000 0.000252 0.000252 1
19 3 4702 10 9 1 0.000213 0.000514 0.000514 1
19 4 10222 52 0 52 0.005087 0.013292 0.013292 1
19 5 24508 237 0 237 0.009670 0.000000 0.000000 1
20 1 18430 168 0 168 0.009116 0.000000 0.000000 1
20 2 8014 0 0 0 0.000000 0.000669 0.000669 1
20 3 5367 4 2 2 0.000373 0.000195 0.000195 1
20 4 11724 21 0 21 0.001791 0.014495 0.014495 1
20 5 27566 254 0 254 0.009214 0.000000 0.000000 1
21 1 17306 414 0 414 0.023922 0.000000 0.000000 1
21 2 8975 18 0 18 0.002006 0.001189 0.001189 1
21 3 6839 0 0 0 0.000000 0.000593 0.000593 1
21 4 14587 536 2 534 0.036608 0.018788 0.018788 1
21 5 29067 192 0 192 0.006605 0.000000 0.000000 1
22 1 16396 31 0 31 0.001891 0.000000 0.000000 1
22 2 10886 17 0 17 0.001562 0.011688 0.011688 1
22 3 9957 16 2 14 0.001406 0.001074 0.001074 1
22 4 18313 332 3 329 0.017965 0.020562 0.020562 1
22 5 29759 96 0 96 0.003226 0.000000 0.000000 1
23 1 16011 23 0 23 0.001437 0.000000 0.000000 1
23 2 13494 425 0 425 0.031495 0.014363 0.014363 1
23 3 14878 27 0 27 0.001815 0.003121 0.003121 1
23 4 22212 158 0 158 0.007113 0.009822 0.009822 1
23 5 29820 80 0 80 0.002683 0.000000 0.000000 1
24 1 15617 78 0 78 0.004995 0.000000 0.000000 1
24 2 17048 171 0 171 0.010031 0.014832 0.014832 1
24 3 21169 130 0 130 0.006141 0.004061 0.004061 1
24 4 25764 113 0 113 0.004386 0.004681 0.004681 1
24 5 29708 103 0 103 0.003467 0.000000 0.000000 1
