# isec iband n_bond n_cum n_ctrl n_net D_raw D_reg D_hat valid  (tick 19; frame atan2(x-1297.0, z-1747.5); guards iband 1,5)
1 1 16644 50 0 50 0.003004 0.000000 0.000000 1
1 2 21885 65 0 65 0.002970 0.005116 0.005116 1
1 3 28142 121 0 121 0.004300 0.016101 0.016101 1
1 4 29091 91 0 91 0.003128 0.016849 0.016849 1
1 5 29945 824 0 824 0.027517 0.000000 0.000000 1
2 1 17133 42 0 42 0.002451 0.000000 0.000000 1
2 2 26093 49 0 49 0.001878 0.002372 0.002372 1
2 3 31592 1029 0 1029 0.032572 0.018937 0.018937 1
2 4 31278 1295 0 1295 0.041403 0.015826 0.015826 1
2 5 28834 233 0 233 0.008081 0.000000 0.000000 1
3 1 17836 90 0 90 0.005046 0.000000 0.000000 1
3 2 29082 66 0 66 0.002269 0.008317 0.008317 1
3 3 34604 690 0 690 0.019940 0.043136 0.043136 1
3 4 32574 96 0 96 0.002947 0.018557 0.018557 1
3 5 26515 248 0 248 0.009353 0.000000 0.000000 1
4 1 18844 180 0 180 0.009552 0.000000 0.000000 1
4 2 31388 653 0 653 0.020804 0.020968 0.020968 1
4 3 36049 2772 0 2772 0.076895 0.065261 0.065261 1
4 4 33658 381 0 381 0.011320 0.034565 0.034565 1
4 5 24435 240 0 240 0.009822 0.000000 0.000000 1
5 1 20097 493 0 493 0.024531 0.000000 0.000000 1
5 2 32740 1304 0 1304 0.039829 0.070803 0.070803 1
5 3 36747 3636 0 3636 0.098947 0.126523 0.126523 1
5 4 33066 2957 0 2957 0.089427 0.089388 0.089388 1
5 5 20141 2083 0 2083 0.103421 0.000000 0.000000 1
6 1 21416 1593 0 1593 0.074384 0.000000 0.000000 1
6 2 33200 5039 0 5039 0.151777 0.132117 0.132117 1
6 3 35469 7248 22 7226 0.203727 0.161629 0.161629 1
6 4 31329 5245 0 5245 0.167417 0.120202 0.120202 1
6 5 18882 1717 0 1717 0.090933 0.000000 0.000000 1
7 1 23016 2885 0 2885 0.125348 0.000000 0.000000 1
7 2 34565 7077 0 7077 0.204745 0.187227 0.187227 1
7 3 37198 6779 1 6778 0.182214 0.163255 0.163255 1
7 4 32603 3383 0 3383 0.103763 0.120090 0.120090 1
7 5 18980 558 0 558 0.029399 0.000000 0.000000 1
8 1 26777 5115 0 5115 0.191022 0.000000 0.000000 1
8 2 37088 7609 0 7609 0.205161 0.189405 0.189405 1
8 3 37458 3889 0 3889 0.103823 0.095346 0.095346 1
8 4 29375 2617 0 2617 0.089089 0.096426 0.096426 1
8 5 21851 434 0 434 0.019862 0.000000 0.000000 1
9 1 33401 4935 0 4935 0.147750 0.000000 0.000000 1
9 2 12463 1973 0 1973 0.158309 0.181735 0.181735 1
9 3 50 0 0 0 0.000000 0.051911 0.051911 1
9 4 0 0 0 0 0.000000 0.000000 0.000000 0
9 5 8064 96 0 96 0.011905 0.000000 0.000000 1
10 1 17341 1053 0 1053 0.060723 0.000000 0.000000 1
10 2 0 0 0 0 0.000000 0.000000 0.000000 0
10 3 0 0 0 0 0.000000 0.000000 0.000000 0
10 4 0 0 0 0 0.000000 0.000000 0.000000 0
10 5 542 4 0 4 0.007380 0.000000 0.000000 1
11 1 1077 26 0 26 0.024141 0.000000 0.000000 1
11 2 0 0 0 0 0.000000 0.000000 0.000000 0
11 3 0 0 0 0 0.000000 0.000000 0.000000 0
11 4 0 0 0 0 0.000000 0.000000 0.000000 0
11 5 0 0 0 0 0.000000 0.000000 0.000000 0
12 1 0 0 0 0 0.000000 0.000000 0.000000 0
12 2 0 0 0 0 0.000000 0.000000 0.000000 0
12 3 0 0 0 0 0.000000 0.000000 0.000000 0
12 4 0 0 0 0 0.000000 0.000000 0.000000 0
12 5 0 0 0 0 0.000000 0.000000 0.000000 0
13 1 0 0 0 0 0.000000 0.000000 0.000000 0
13 2 3587 0 0 0 0.000000 0.004935 0.004935 1
13 3 14248 10 0 10 0.000702 0.002404 0.002404 1
13 4 27 0 0 0 0.000000 0.002458 0.002458 1
13 5 0 0 0 0 0.000000 0.000000 0.000000 0
14 1 1351 0 0 0 0.000000 0.000000 0.000000 1
14 2 32621 322 0 322 0.009871 0.004387 0.004387 1
14 3 30441 125 0 125 0.004106 0.003277 0.003277 1
14 4 8949 44 0 44 0.004917 0.009600 0.009600 1
14 5 0 0 0 0 0.000000 0.000000 0.000000 0
15 1 23335 27 0 27 0.001157 0.000000 0.000000 1
15 2 21273 70 0 70 0.003291 0.007702 0.007702 1
15 3 11944 60 0 60 0.005023 0.004779 0.004779 1
15 4 16413 392 0 392 0.023884 0.024082 0.024082 1
15 5 8 0 0 0 0.000000 0.000000 0.000000 1
16 1 32124 82 0 82 0.002553 0.000000 0.000000 1
16 2 12672 126 0 126 0.009943 0.016949 0.016949 1
16 3 6915 36 0 36 0.005206 0.005150 0.005150 1
16 4 15399 669 0 669 0.043444 0.052980 0.052980 1
16 5 5813 233 0 233 0.040083 0.000000 0.000000 1
17 1 23692 66 0 66 0.002786 0.000000 0.000000 1
17 2 9252 348 0 348 0.037613 0.024713 0.024713 1
17 3 4979 26 0 26 0.005222 0.005312 0.005312 1
17 4 11516 1055 0 1055 0.091612 0.065583 0.065583 1
17 5 20135 986 0 986 0.048969 0.000000 0.000000 1
18 1 20727 60 0 60 0.002895 0.000000 0.000000 1
18 2 7938 211 0 211 0.026581 0.022808 0.022808 1
18 3 4176 24 1 23 0.005508 0.004215 0.004215 1
18 4 9758 602 0 602 0.061693 0.064732 0.064732 1
18 5 24353 1877 0 1877 0.077075 0.000000 0.000000 1
19 1 19805 60 0 60 0.003030 0.000000 0.000000 1
19 2 8040 34 0 34 0.004229 0.010935 0.010935 1
19 3 4702 18 9 9 0.001914 0.003778 0.003778 1
19 4 10222 418 0 418 0.040892 0.047899 0.047899 1
19 5 24508 1273 0 1273 0.051942 0.000000 0.000000 1
20 1 18430 220 0 220 0.011937 0.000000 0.000000 1
20 2 8014 16 0 16 0.001997 0.003412 0.003412 1
20 3 5367 23 2 21 0.003913 0.003794 0.003794 1
20 4 11724 482 0 482 0.041112 0.046164 0.046164 1
20 5 27566 1123 0 1123 0.040739 0.000000 0.000000 1
21 1 17306 452 0 452 0.026118 0.000000 0.000000 1
21 2 8975 36 0 36 0.004011 0.002707 0.002707 1
21 3 6839 38 0 38 0.005556 0.006872 0.006872 1
21 4 14587 826 2 824 0.056489 0.047660 0.047660 1
21 5 29067 763 0 763 0.026250 0.000000 0.000000 1
22 1 16396 73 0 73 0.004452 0.000000 0.000000 1
22 2 10886 23 0 23 0.002113 0.013380 0.013380 1
22 3 9957 113 2 111 0.011148 0.008839 0.008839 1
22 4 18313 834 3 831 0.045378 0.040859 0.040859 1
22 5 29759 287 0 287 0.009644 0.000000 0.000000 1
23 1 16011 34 0 34 0.002124 0.000000 0.000000 1
23 2 13494 459 0 459 0.034015 0.015543 0.015543 1
23 3 14878 146 0 146 0.009813 0.010798 0.010798 1
23 4 22212 460 0 460 0.020710 0.024034 0.024034 1
23 5 29820 158 0 158 0.005298 0.000000 0.000000 1
24 1 15617 89 0 89 0.005699 0.000000 0.000000 1
24 2 17048 179 0 179 0.010500 0.015828 0.015828 1
24 3 21169 242 0 242 0.011432 0.008515 0.008515 1
24 4 25764 155 0 155 0.006016 0.009951 0.009951 1
24 5 29708 211 0 211 0.007102 0.000000 0.000000 1
