# isec iband n_bond n_cum n_ctrl n_net D_raw D_reg D_hat valid  (tick 7; frame atan2(x-1297.0, z-1747.5); guards iband 1,5)
1 1 16644 13 0 13 0.000781 0.000000 0.000000 1
1 2 21885 2 0 2 0.000091 0.000030 0.000030 1
1 3 28142 2 0 2 0.000071 0.009884 0.009884 1
1 4 29091 24 0 24 0.000825 0.012412 0.012412 1
1 5 29945 10 0 10 0.000334 0.000000 0.000000 1
2 1 17133 0 0 0 0.000000 0.000000 0.000000 1
2 2 26093 0 0 0 0.000000 0.000030 0.000030 1
2 3 31592 933 0 933 0.029533 0.015744 0.015744 1
2 4 31278 1134 0 1134 0.036256 0.012544 0.012544 1
2 5 28834 0 0 0 0.000000 0.000000 0.000000 1
3 1 17836 0 0 0 0.000000 0.000000 0.000000 1
3 2 29082 0 0 0 0.000000 0.004227 0.004227 1
3 3 34604 610 0 610 0.017628 0.021019 0.021019 1
3 4 32574 18 0 18 0.000553 0.012269 0.012269 1
3 5 26515 0 0 0 0.000000 0.000000 0.000000 1
4 1 18844 6 0 6 0.000318 0.000000 0.000000 1
4 2 31388 398 0 398 0.012680 0.005672 0.005672 1
4 3 36049 573 0 573 0.015895 0.018032 0.018032 1
4 4 33658 0 0 0 0.000000 0.003541 0.003541 1
4 5 24435 12 0 12 0.000491 0.000000 0.000000 1
5 1 20097 18 0 18 0.000896 0.000000 0.000000 1
5 2 32740 142 0 142 0.004337 0.013413 0.013413 1
5 3 36747 756 0 756 0.020573 0.035153 0.035153 1
5 4 33066 333 0 333 0.010071 0.021147 0.021147 1
5 5 20141 60 0 60 0.002979 0.000000 0.000000 1
6 1 21416 247 0 247 0.011533 0.000000 0.000000 1
6 2 33200 771 0 771 0.023223 0.027481 0.027481 1
6 3 35469 2469 22 2447 0.068990 0.051845 0.051845 1
6 4 31329 1672 0 1672 0.053369 0.031718 0.031718 1
6 5 18882 87 0 87 0.004608 0.000000 0.000000 1
7 1 23016 998 0 998 0.043361 0.000000 0.000000 1
7 2 34565 1897 0 1897 0.054882 0.061608 0.061608 1
7 3 37198 2455 1 2454 0.065971 0.055336 0.055336 1
7 4 32603 1034 0 1034 0.031715 0.041593 0.041593 1
7 5 18980 0 0 0 0.000000 0.000000 0.000000 1
8 1 26777 3156 0 3156 0.117862 0.000000 0.000000 1
8 2 37088 3958 0 3958 0.106719 0.076949 0.076949 1
8 3 37458 1163 0 1163 0.031048 0.032340 0.032340 1
8 4 29375 1166 0 1166 0.039694 0.035704 0.035704 1
8 5 21851 95 0 95 0.004348 0.000000 0.000000 1
9 1 33401 2721 0 2721 0.081465 0.000000 0.000000 1
9 2 12463 863 0 863 0.069245 0.087982 0.087982 1
9 3 50 0 0 0 0.000000 0.015524 0.015524 1
9 4 0 0 0 0 0.000000 0.000000 0.000000 0
9 5 8064 0 0 0 0.000000 0.000000 0.000000 1
10 1 17341 427 0 427 0.024624 0.000000 0.000000 1
10 2 0 0 0 0 0.000000 0.000000 0.000000 0
10 3 0 0 0 0 0.000000 0.000000 0.000000 0
10 4 0 0 0 0 0.000000 0.000000 0.000000 0
10 5 542 0 0 0 0.000000 0.000000 0.000000 1
11 1 1077 13 0 13 0.012071 0.000000 0.000000 1
11 2 0 0 0 0 0.000000 0.000000 0.000000 0
11 3 0 0 0 0 0.000000 0.000000 0.000000 0
11 4 0 0 0 0 0.000000 0.000000 0.000000 0
11 5 0 0 0 0 0.000000 0.000000 0.000000 0
12 1 0 0 0 0 0.000000 0.000000 0.000000 0
12 2 0 0 0 0 0.000000 0.000000 0.000000 0
12 3 0 0 0 0 0.000000 0.000000 0.000000 0
12 4 0 0 0 0 0.000000 0.000000 0.000000 0
12 5 0 0 0 0 0.000000 0.000000 0.000000 0
13 1 0 0 0 0 0.000000 0.000000 0.000000 0
13 2 3587 0 0 0 0.000000 0.000613 0.000613 1
13 3 14248 1 0 1 0.000070 0.000265 0.000265 1
13 4 27 0 0 0 0.000000 0.000000 0.000000 1
13 5 0 0 0 0 0.000000 0.000000 0.000000 0
14 1 1351 0 0 0 0.000000 0.000000 0.000000 1
14 2 32621 40 0 40 0.001226 0.000910 0.000910 1
14 3 30441 14 0 14 0.000460 0.000233 0.000233 1
14 4 8949 0 0 0 0.000000 0.000000 0.000000 1
14 5 0 0 0 0 0.000000 0.000000 0.000000 0
15 1 23335 11 0 11 0.000471 0.000000 0.000000 1
15 2 21273 32 0 32 0.001504 0.001200 0.001200 1
15 3 11944 2 0 2 0.000167 0.000788 0.000788 1
15 4 16413 0 0 0 0.000000 0.000000 0.000000 1
15 5 8 0 0 0 0.000000 0.000000 0.000000 1
16 1 32124 4 0 4 0.000125 0.000000 0.000000 1
16 2 12672 11 0 11 0.000868 0.000899 0.000899 1
16 3 6915 12 0 12 0.001735 0.001304 0.001304 1
16 4 15399 0 0 0 0.000000 0.000000 0.000000 1
16 5 5813 0 0 0 0.000000 0.000000 0.000000 1
17 1 23692 23 0 23 0.000971 0.000000 0.000000 1
17 2 9252 3 0 3 0.000324 0.000649 0.000649 1
17 3 4979 10 0 10 0.002008 0.001567 0.001567 1
17 4 11516 0 0 0 0.000000 0.000000 0.000000 1
17 5 20135 0 0 0 0.000000 0.000000 0.000000 1
18 1 20727 1 0 1 0.000048 0.000000 0.000000 1
18 2 7938 6 0 6 0.000756 0.000360 0.000360 1
18 3 4176 5 1 4 0.000958 0.001060 0.001060 1
18 4 9758 0 0 0 0.000000 0.000000 0.000000 1
18 5 24353 3 0 3 0.000123 0.000000 0.000000 1
19 1 19805 7 0 7 0.000353 0.000000 0.000000 1
19 2 8040 0 0 0 0.000000 0.000252 0.000252 1
19 3 4702 10 9 1 0.000213 0.000514 0.000514 1
19 4 10222 0 0 0 0.000000 0.000483 0.000483 1
19 5 24508 2 0 2 0.000082 0.000000 0.000000 1
20 1 18430 0 0 0 0.000000 0.000000 0.000000 1
20 2 8014 0 0 0 0.000000 0.000000 0.000000 1
20 3 5367 4 2 2 0.000373 0.000195 0.000195 1
20 4 11724 17 0 17 0.001450 0.011201 0.011201 1
20 5 27566 100 0 100 0.003628 0.000000 0.000000 1
21 1 17306 0 0 0 0.000000 0.000000 0.000000 1
21 2 8975 0 0 0 0.000000 0.000000 0.000000 1
21 3 6839 0 0 0 0.000000 0.000325 0.000325 1
21 4 14587 471 2 469 0.032152 0.015897 0.015897 1
21 5 29067 16 0 16 0.000550 0.000000 0.000000 1
22 1 16396 0 0 0 0.000000 0.000000 0.000000 1
22 2 10886 0 0 0 0.000000 0.000000 0.000000 1
22 3 9957 8 2 6 0.000603 0.000201 0.000201 1
22 4 18313 261 3 258 0.014088 0.015548 0.015548 1
22 5 29759 32 0 32 0.001075 0.000000 0.000000 1
23 1 16011 0 0 0 0.000000 0.000000 0.000000 1
23 2 13494 0 0 0 0.000000 0.000000 0.000000 1
23 3 14878 0 0 0 0.000000 0.000217 0.000217 1
23 4 22212 9 0 9 0.000405 0.004883 0.004883 1
23 5 29820 12 0 12 0.000402 0.000000 0.000000 1
24 1 15617 6 0 6 0.000384 0.000000 0.000000 1
24 2 17048 0 0 0 0.000000 0.000030 0.000030 1
24 3 21169 1 0 1 0.000047 0.000039 0.000039 1
24 4 25764 4 0 4 0.000155 0.000462 0.000462 1
24 5 29708 3 0 3 0.000101 0.000000 0.000000 1
