# isec iband n_bond n_cum n_ctrl n_net D_raw D_reg D_hat valid  (tick 16; frame atan2(x-1297.0, z-1747.5); guards iband 1,5)
1 1 16644 49 0 49 0.002944 0.000000 0.000000 1
1 2 21885 65 0 65 0.002970 0.004959 0.004959 1
1 3 28142 119 0 119 0.004229 0.014534 0.014534 1
1 4 29091 81 0 81 0.002784 0.016077 0.016077 1
1 5 29945 678 0 678 0.022642 0.000000 0.000000 1
2 1 17133 33 0 33 0.001926 0.000000 0.000000 1
2 2 26093 49 0 49 0.001878 0.002372 0.002372 1
2 3 31592 1029 0 1029 0.032572 0.018913 0.018913 1
2 4 31278 1277 0 1277 0.040827 0.015366 0.015366 1
2 5 28834 31 0 31 0.001075 0.000000 0.000000 1
3 1 17836 82 0 82 0.004597 0.000000 0.000000 1
3 2 29082 66 0 66 0.002269 0.008307 0.008307 1
3 3 34604 690 0 690 0.019940 0.042997 0.042997 1
3 4 32574 81 0 81 0.002487 0.018043 0.018043 1
3 5 26515 54 0 54 0.002037 0.000000 0.000000 1
4 1 18844 160 0 160 0.008491 0.000000 0.000000 1
4 2 31388 652 0 652 0.020772 0.020835 0.020835 1
4 3 36049 2757 0 2757 0.076479 0.063934 0.063934 1
4 4 33658 364 0 364 0.010815 0.030866 0.030866 1
4 5 24435 113 0 113 0.004625 0.000000 0.000000 1
5 1 20097 471 0 471 0.023436 0.000000 0.000000 1
5 2 32740 1292 0 1292 0.039462 0.070309 0.070309 1
5 3 36747 3505 0 3505 0.095382 0.122048 0.122048 1
5 4 33066 2622 0 2622 0.079296 0.084512 0.084512 1
5 5 20141 1929 0 1929 0.095775 0.000000 0.000000 1
6 1 21416 1481 0 1481 0.069154 0.000000 0.000000 1
6 2 33200 5003 0 5003 0.150693 0.130592 0.130592 1
6 3 35469 6913 22 6891 0.194282 0.155751 0.155751 1
6 4 31329 5120 0 5120 0.163427 0.114851 0.114851 1
6 5 18882 1526 0 1526 0.080818 0.000000 0.000000 1
7 1 23016 2763 0 2763 0.120047 0.000000 0.000000 1
7 2 34565 6969 0 6969 0.201620 0.185052 0.185052 1
7 3 37198 6607 1 6606 0.177590 0.158200 0.158200 1
7 4 32603 3320 0 3320 0.101831 0.118059 0.118059 1
7 5 18980 472 0 472 0.024868 0.000000 0.000000 1
8 1 26777 4996 0 4996 0.186578 0.000000 0.000000 1
8 2 37088 7523 0 7523 0.202842 0.187403 0.187403 1
8 3 37458 3848 0 3848 0.102728 0.093440 0.093440 1
8 4 29375 2612 0 2612 0.088919 0.095375 0.095375 1
8 5 21851 387 0 387 0.017711 0.000000 0.000000 1
9 1 33401 4739 0 4739 0.141882 0.000000 0.000000 1
9 2 12463 1966 0 1966 0.157747 0.180294 0.180294 1
9 3 50 0 0 0 0.000000 0.051364 0.051364 1
9 4 0 0 0 0 0.000000 0.000000 0.000000 0
9 5 8064 29 0 29 0.003596 0.000000 0.000000 1
10 1 17341 966 0 966 0.055706 0.000000 0.000000 1
10 2 0 0 0 0 0.000000 0.000000 0.000000 0
10 3 0 0 0 0 0.000000 0.000000 0.000000 0
10 4 0 0 0 0 0.000000 0.000000 0.000000 0
10 5 542 0 0 0 0.000000 0.000000 0.000000 1
11 1 1077 25 0 25 0.023213 0.000000 0.000000 1
11 2 0 0 0 0 0.000000 0.000000 0.000000 0
11 3 0 0 0 0 0.000000 0.000000 0.000000 0
11 4 0 0 0 0 0.000000 0.000000 0.000000 0
11 5 0 0 0 0 0.000000 0.000000 0.000000 0
12 1 0 0 0 0 0.000000 0.000000 0.000000 0
12 2 0 0 0 0 0.000000 0.000000 0.000000 0
12 3 0 0 0 0 0.000000 0.000000 0.000000 0
12 4 0 0 0 0 0.000000 0.000000 0.000000 0
12 5 0 0 0 0 0.000000 0.000000 0.000000 0
13 1 0 0 0 0 0.000000 0.000000 0.000000 0
13 2 3587 0 0 0 0.000000 0.000736 0.000736 1
13 3 14248 3 0 3 0.000211 0.000434 0.000434 1
13 4 27 0 0 0 0.000000 0.000223 0.000223 1
13 5 0 0 0 0 0.000000 0.000000 0.000000 0
14 1 1351 0 0 0 0.000000 0.000000 0.000000 1
14 2 32621 48 0 48 0.001471 0.001008 0.001008 1
14 3 30441 20 0 20 0.000657 0.000345 0.000345 1
14 4 8949 4 0 4 0.000447 0.000880 0.000880 1
14 5 0 0 0 0 0.000000 0.000000 0.000000 0
15 1 23335 27 0 27 0.001157 0.000000 0.000000 1
15 2 21273 33 0 33 0.001551 0.001376 0.001376 1
15 3 11944 2 0 2 0.000167 0.001191 0.001191 1
15 4 16413 36 0 36 0.002193 0.004062 0.004062 1
15 5 8 0 0 0 0.000000 0.000000 0.000000 1
16 1 32124 70 0 70 0.002179 0.000000 0.000000 1
16 2 12672 14 0 14 0.001105 0.000993 0.000993 1
16 3 6915 19 0 19 0.002748 0.001641 0.001641 1
16 4 15399 147 0 147 0.009546 0.026056 0.026056 1
16 5 5813 62 0 62 0.010666 0.000000 0.000000 1
17 1 23692 58 0 58 0.002448 0.000000 0.000000 1
17 2 9252 3 0 3 0.000324 0.000728 0.000728 1
17 3 4979 10 0 10 0.002008 0.001905 0.001905 1
17 4 11516 765 0 765 0.066429 0.037589 0.037589 1
17 5 20135 289 0 289 0.014353 0.000000 0.000000 1
18 1 20727 53 0 53 0.002557 0.000000 0.000000 1
18 2 7938 6 0 6 0.000756 0.000360 0.000360 1
18 3 4176 5 1 4 0.000958 0.001131 0.001131 1
18 4 9758 359 0 359 0.036790 0.037341 0.037341 1
18 5 24353 379 0 379 0.015563 0.000000 0.000000 1
19 1 19805 47 0 47 0.002373 0.000000 0.000000 1
19 2 8040 0 0 0 0.000000 0.000252 0.000252 1
19 3 4702 11 9 2 0.000425 0.000647 0.000647 1
19 4 10222 90 0 90 0.008805 0.017018 0.017018 1
19 5 24508 410 0 410 0.016729 0.000000 0.000000 1
20 1 18430 205 0 205 0.011123 0.000000 0.000000 1
20 2 8014 0 0 0 0.000000 0.000669 0.000669 1
20 3 5367 5 2 3 0.000559 0.000328 0.000328 1
20 4 11724 64 0 64 0.005459 0.017871 0.017871 1
20 5 27566 477 0 477 0.017304 0.000000 0.000000 1
21 1 17306 440 0 440 0.025425 0.000000 0.000000 1
21 2 8975 18 0 18 0.002006 0.001189 0.001189 1
21 3 6839 0 0 0 0.000000 0.000722 0.000722 1
21 4 14587 576 2 574 0.039350 0.023746 0.023746 1
21 5 29067 368 0 368 0.012660 0.000000 0.000000 1
22 1 16396 39 0 39 0.002379 0.000000 0.000000 1
22 2 10886 17 0 17 0.001562 0.011688 0.011688 1
22 3 9957 18 2 16 0.001607 0.001409 0.001409 1
22 4 18313 487 3 484 0.026429 0.025273 0.025273 1
22 5 29759 187 0 187 0.006284 0.000000 0.000000 1
23 1 16011 24 0 24 0.001499 0.000000 0.000000 1
23 2 13494 425 0 425 0.031495 0.014363 0.014363 1
23 3 14878 39 0 39 0.002621 0.003677 0.003677 1
23 4 22212 223 0 223 0.010040 0.013696 0.013696 1
23 5 29820 142 0 142 0.004762 0.000000 0.000000 1
24 1 15617 84 0 84 0.005379 0.000000 0.000000 1
24 2 17048 171 0 171 0.010031 0.014832 0.014832 1
24 3 21169 144 0 144 0.006802 0.004551 0.004551 1
24 4 25764 119 0 119 0.004619 0.005814 0.005814 1
24 5 29708 173 0 173 0.005823 0.000000 0.000000 1
