# isec iband n_bond n_cum n_ctrl n_net D_raw D_reg D_hat valid  (tick 10; frame atan2(x-1297.0, z-1747.5); guards iband 1,5)
1 1 16644 43 0 43 0.002584 0.000000 0.000000 1
1 2 21885 65 0 65 0.002970 0.004959 0.004959 1
1 3 28142 119 0 119 0.004229 0.014303 0.014303 1
1 4 29091 74 0 74 0.002544 0.015919 0.015919 1
1 5 29945 576 0 576 0.019235 0.000000 0.000000 1
2 1 17133 25 0 25 0.001459 0.000000 0.000000 1
2 2 26093 49 0 49 0.001878 0.002372 0.002372 1
2 3 31592 1028 0 1028 0.032540 0.018672 0.018672 1
2 4 31278 1277 0 1277 0.040827 0.015194 0.015194 1
2 5 28834 17 0 17 0.000590 0.000000 0.000000 1
3 1 17836 53 0 53 0.002972 0.000000 0.000000 1
3 2 29082 66 0 66 0.002269 0.007712 0.007712 1
3 3 34604 666 0 666 0.019246 0.025935 0.025935 1
3 4 32574 72 0 72 0.002210 0.014435 0.014435 1
3 5 26515 43 0 43 0.001622 0.000000 0.000000 1
4 1 18844 48 0 48 0.002547 0.000000 0.000000 1
4 2 31388 596 0 596 0.018988 0.011209 0.011209 1
4 3 36049 938 0 938 0.026020 0.028024 0.028024 1
4 4 33658 9 0 9 0.000267 0.006229 0.006229 1
4 5 24435 40 0 40 0.001637 0.000000 0.000000 1
5 1 20097 133 0 133 0.006618 0.000000 0.000000 1
5 2 32740 405 0 405 0.012370 0.026517 0.026517 1
5 3 36747 1426 0 1426 0.038806 0.054135 0.054135 1
5 4 33066 536 0 536 0.016210 0.027038 0.027038 1
5 5 20141 110 0 110 0.005461 0.000000 0.000000 1
6 1 21416 517 0 517 0.024141 0.000000 0.000000 1
6 2 33200 1600 0 1600 0.048193 0.051857 0.051857 1
6 3 35469 3483 22 3461 0.097578 0.076126 0.076126 1
6 4 31329 2025 0 2025 0.064637 0.040629 0.040629 1
6 5 18882 158 0 158 0.008368 0.000000 0.000000 1
7 1 23016 1372 0 1372 0.059611 0.000000 0.000000 1
7 2 34565 3284 0 3284 0.095009 0.093050 0.093050 1
7 3 37198 3423 1 3422 0.091994 0.077162 0.077162 1
7 4 32603 1338 0 1338 0.041039 0.051305 0.051305 1
7 5 18980 59 0 59 0.003109 0.000000 0.000000 1
8 1 26777 3699 0 3699 0.138141 0.000000 0.000000 1
8 2 37088 5042 0 5042 0.135947 0.102849 0.102849 1
8 3 37458 1570 0 1570 0.041914 0.044636 0.044636 1
8 4 29375 1417 0 1417 0.048238 0.044639 0.044639 1
8 5 21851 159 0 159 0.007277 0.000000 0.000000 1
9 1 33401 3016 0 3016 0.090297 0.000000 0.000000 1
9 2 12463 967 0 967 0.077590 0.106768 0.106768 1
9 3 50 0 0 0 0.000000 0.020957 0.020957 1
9 4 0 0 0 0 0.000000 0.000000 0.000000 0
9 5 8064 0 0 0 0.000000 0.000000 0.000000 1
10 1 17341 558 0 558 0.032178 0.000000 0.000000 1
10 2 0 0 0 0 0.000000 0.000000 0.000000 0
10 3 0 0 0 0 0.000000 0.000000 0.000000 0
10 4 0 0 0 0 0.000000 0.000000 0.000000 0
10 5 542 0 0 0 0.000000 0.000000 0.000000 1
11 1 1077 21 0 21 0.019499 0.000000 0.000000 1
11 2 0 0 0 0 0.000000 0.000000 0.000000 0
11 3 0 0 0 0 0.000000 0.000000 0.000000 0
11 4 0 0 0 0 0.000000 0.000000 0.000000 0
11 5 0 0 0 0 0.000000 0.000000 0.000000 0
12 1 0 0 0 0 0.000000 0.000000 0.000000 0
12 2 0 0 0 0 0.000000 0.000000 0.000000 0
12 3 0 0 0 0 0.000000 0.000000 0.000000 0
12 4 0 0 0 0 0.000000 0.000000 0.000000 0
12 5 0 0 0 0 0.000000 0.000000 0.000000 0
13 1 0 0 0 0 0.000000 0.000000 0.000000 0
13 2 3587 0 0 0 0.000000 0.000628 0.000628 1
13 3 14248 3 0 3 0.000211 0.000368 0.000368 1
13 4 27 0 0 0 0.000000 0.000000 0.000000 1
13 5 0 0 0 0 0.000000 0.000000 0.000000 0
14 1 1351 0 0 0 0.000000 0.000000 0.000000 1
14 2 32621 41 0 41 0.001257 0.000936 0.000936 1
14 3 30441 16 0 16 0.000526 0.000301 0.000301 1
14 4 8949 0 0 0 0.000000 0.000041 0.000041 1
14 5 0 0 0 0 0.000000 0.000000 0.000000 0
15 1 23335 27 0 27 0.001157 0.000000 0.000000 1
15 2 21273 33 0 33 0.001551 0.001304 0.001304 1
15 3 11944 2 0 2 0.000167 0.000906 0.000906 1
15 4 16413 2 0 2 0.000122 0.000798 0.000798 1
15 5 8 0 0 0 0.000000 0.000000 0.000000 1
16 1 32124 20 0 20 0.000623 0.000000 0.000000 1
16 2 12672 14 0 14 0.001105 0.000993 0.000993 1
16 3 6915 14 0 14 0.002025 0.001400 0.001400 1
16 4 15399 35 0 35 0.002273 0.018310 0.018310 1
16 5 5813 13 0 13 0.002236 0.000000 0.000000 1
17 1 23692 27 0 27 0.001140 0.000000 0.000000 1
17 2 9252 3 0 3 0.000324 0.000728 0.000728 1
17 3 4979 10 0 10 0.002008 0.001664 0.001664 1
17 4 11516 605 0 605 0.052536 0.028893 0.028893 1
17 5 20135 43 0 43 0.002136 0.000000 0.000000 1
18 1 20727 13 0 13 0.000627 0.000000 0.000000 1
18 2 7938 6 0 6 0.000756 0.000360 0.000360 1
18 3 4176 5 1 4 0.000958 0.001060 0.001060 1
18 4 9758 311 0 311 0.031871 0.029701 0.029701 1
18 5 24353 136 0 136 0.005585 0.000000 0.000000 1
19 1 19805 10 0 10 0.000505 0.000000 0.000000 1
19 2 8040 0 0 0 0.000000 0.000252 0.000252 1
19 3 4702 10 9 1 0.000213 0.000514 0.000514 1
19 4 10222 48 0 48 0.004696 0.012701 0.012701 1
19 5 24508 147 0 147 0.005998 0.000000 0.000000 1
20 1 18430 161 0 161 0.008736 0.000000 0.000000 1
20 2 8014 0 0 0 0.000000 0.000669 0.000669 1
20 3 5367 4 2 2 0.000373 0.000195 0.000195 1
20 4 11724 18 0 18 0.001535 0.013640 0.013640 1
20 5 27566 200 0 200 0.007255 0.000000 0.000000 1
21 1 17306 414 0 414 0.023922 0.000000 0.000000 1
21 2 8975 18 0 18 0.002006 0.001189 0.001189 1
21 3 6839 0 0 0 0.000000 0.000593 0.000593 1
21 4 14587 508 2 506 0.034688 0.017972 0.017972 1
21 5 29067 143 0 143 0.004920 0.000000 0.000000 1
22 1 16396 31 0 31 0.001891 0.000000 0.000000 1
22 2 10886 17 0 17 0.001562 0.011688 0.011688 1
22 3 9957 16 2 14 0.001406 0.001074 0.001074 1
22 4 18313 327 3 324 0.017692 0.019831 0.019831 1
22 5 29759 91 0 91 0.003058 0.000000 0.000000 1
23 1 16011 23 0 23 0.001437 0.000000 0.000000 1
23 2 13494 425 0 425 0.031495 0.014363 0.014363 1
23 3 14878 27 0 27 0.001815 0.003121 0.003121 1
23 4 22212 158 0 158 0.007113 0.009731 0.009731 1
23 5 29820 76 0 76 0.002549 0.000000 0.000000 1
24 1 15617 78 0 78 0.004995 0.000000 0.000000 1
24 2 17048 171 0 171 0.010031 0.014832 0.014832 1
24 3 21169 130 0 130 0.006141 0.004061 0.004061 1
24 4 25764 113 0 113 0.004386 0.004681 0.004681 1
24 5 29708 62 0 62 0.002087 0.000000 0.000000 1
