# isec iband n_bond n_cum n_ctrl n_net D_raw D_reg D_hat valid  (tick 13; frame atan2(x-1297.0, z-1747.5); guards iband 1,5)
1 1 16644 46 0 46 0.002764 0.000000 0.000000 1
1 2 21885 65 0 65 0.002970 0.004959 0.004959 1
1 3 28142 119 0 119 0.004229 0.014303 0.014303 1
1 4 29091 74 0 74 0.002544 0.015919 0.015919 1
1 5 29945 601 0 601 0.020070 0.000000 0.000000 1
2 1 17133 26 0 26 0.001518 0.000000 0.000000 1
2 2 26093 49 0 49 0.001878 0.002372 0.002372 1
2 3 31592 1028 0 1028 0.032540 0.018672 0.018672 1
2 4 31278 1277 0 1277 0.040827 0.015245 0.015245 1
2 5 28834 21 0 21 0.000728 0.000000 0.000000 1
3 1 17836 55 0 55 0.003084 0.000000 0.000000 1
3 2 29082 66 0 66 0.002269 0.007945 0.007945 1
3 3 34604 666 0 666 0.019246 0.026074 0.026074 1
3 4 32574 77 0 77 0.002364 0.015239 0.015239 1
3 5 26515 48 0 48 0.001810 0.000000 0.000000 1
4 1 18844 94 0 94 0.004988 0.000000 0.000000 1
4 2 31388 618 0 618 0.019689 0.016320 0.016320 1
4 3 36049 953 0 953 0.026436 0.033542 0.033542 1
4 4 33658 85 0 85 0.002525 0.015622 0.015622 1
4 5 24435 71 0 71 0.002906 0.000000 0.000000 1
5 1 20097 340 0 340 0.016918 0.000000 0.000000 1
5 2 32740 884 0 884 0.027001 0.051467 0.051467 1
5 3 36747 2019 0 2019 0.054943 0.076522 0.076522 1
5 4 33066 1388 0 1388 0.041977 0.047168 0.047168 1
5 5 20141 254 0 254 0.012611 0.000000 0.000000 1
6 1 21416 921 0 921 0.043005 0.000000 0.000000 1
6 2 33200 3576 0 3576 0.107711 0.090297 0.090297 1
6 3 35469 5278 22 5256 0.148186 0.109495 0.109495 1
6 4 31329 3039 0 3039 0.097003 0.069412 0.069412 1
6 5 18882 310 0 310 0.016418 0.000000 0.000000 1
7 1 23016 1808 0 1808 0.078554 0.000000 0.000000 1
7 2 34565 4707 0 4707 0.136178 0.136480 0.136480 1
7 3 37198 4664 1 4663 0.125356 0.114540 0.114540 1
7 4 32603 2258 0 2258 0.069257 0.077151 0.077151 1
7 5 18980 179 0 179 0.009431 0.000000 0.000000 1
8 1 26777 4086 0 4086 0.152594 0.000000 0.000000 1
8 2 37088 6140 0 6140 0.165552 0.135748 0.135748 1
8 3 37458 2625 0 2625 0.070078 0.065145 0.065145 1
8 4 29375 1915 0 1915 0.065191 0.067224 0.067224 1
8 5 21851 249 0 249 0.011395 0.000000 0.000000 1
9 1 33401 3625 0 3625 0.108530 0.000000 0.000000 1
9 2 12463 1315 0 1315 0.105512 0.135532 0.135532 1
9 3 50 0 0 0 0.000000 0.035039 0.035039 1
9 4 0 0 0 0 0.000000 0.000000 0.000000 0
9 5 8064 5 0 5 0.000620 0.000000 0.000000 1
10 1 17341 765 0 765 0.044115 0.000000 0.000000 1
10 2 0 0 0 0 0.000000 0.000000 0.000000 0
10 3 0 0 0 0 0.000000 0.000000 0.000000 0
10 4 0 0 0 0 0.000000 0.000000 0.000000 0
10 5 542 0 0 0 0.000000 0.000000 0.000000 1
11 1 1077 23 0 23 0.021356 0.000000 0.000000 1
11 2 0 0 0 0 0.000000 0.000000 0.000000 0
11 3 0 0 0 0 0.000000 0.000000 0.000000 0
11 4 0 0 0 0 0.000000 0.000000 0.000000 0
11 5 0 0 0 0 0.000000 0.000000 0.000000 0
12 1 0 0 0 0 0.000000 0.000000 0.000000 0
12 2 0 0 0 0 0.000000 0.000000 0.000000 0
12 3 0 0 0 0 0.000000 0.000000 0.000000 0
12 4 0 0 0 0 0.000000 0.000000 0.000000 0
12 5 0 0 0 0 0.000000 0.000000 0.000000 0
13 1 0 0 0 0 0.000000 0.000000 0.000000 0
13 2 3587 0 0 0 0.000000 0.000628 0.000628 1
13 3 14248 3 0 3 0.000211 0.000385 0.000385 1
13 4 27 0 0 0 0.000000 0.000000 0.000000 1
13 5 0 0 0 0 0.000000 0.000000 0.000000 0
14 1 1351 0 0 0 0.000000 0.000000 0.000000 1
14 2 32621 41 0 41 0.001257 0.000936 0.000936 1
14 3 30441 17 0 17 0.000558 0.000312 0.000312 1
14 4 8949 0 0 0 0.000000 0.000203 0.000203 1
14 5 0 0 0 0 0.000000 0.000000 0.000000 0
15 1 23335 27 0 27 0.001157 0.000000 0.000000 1
15 2 21273 33 0 33 0.001551 0.001304 0.001304 1
15 3 11944 2 0 2 0.000167 0.000965 0.000965 1
15 4 16413 10 0 10 0.000609 0.002519 0.002519 1
15 5 8 0 0 0 0.000000 0.000000 0.000000 1
16 1 32124 30 0 30 0.000934 0.000000 0.000000 1
16 2 12672 14 0 14 0.001105 0.000993 0.000993 1
16 3 6915 15 0 15 0.002169 0.001448 0.001448 1
16 4 15399 107 0 107 0.006949 0.023215 0.023215 1
16 5 5813 33 0 33 0.005677 0.000000 0.000000 1
17 1 23692 40 0 40 0.001688 0.000000 0.000000 1
17 2 9252 3 0 3 0.000324 0.000728 0.000728 1
17 3 4979 10 0 10 0.002008 0.001712 0.001712 1
17 4 11516 715 0 715 0.062088 0.034046 0.034046 1
17 5 20135 137 0 137 0.006804 0.000000 0.000000 1
18 1 20727 23 0 23 0.001110 0.000000 0.000000 1
18 2 7938 6 0 6 0.000756 0.000360 0.000360 1
18 3 4176 5 1 4 0.000958 0.001131 0.001131 1
18 4 9758 323 0 323 0.033101 0.033523 0.033523 1
18 5 24353 266 0 266 0.010923 0.000000 0.000000 1
19 1 19805 24 0 24 0.001212 0.000000 0.000000 1
19 2 8040 0 0 0 0.000000 0.000252 0.000252 1
19 3 4702 11 9 2 0.000425 0.000647 0.000647 1
19 4 10222 55 0 55 0.005381 0.013481 0.013481 1
19 5 24508 271 0 271 0.011058 0.000000 0.000000 1
20 1 18430 168 0 168 0.009116 0.000000 0.000000 1
20 2 8014 0 0 0 0.000000 0.000669 0.000669 1
20 3 5367 5 2 3 0.000559 0.000328 0.000328 1
20 4 11724 23 0 23 0.001962 0.014879 0.014879 1
20 5 27566 301 0 301 0.010919 0.000000 0.000000 1
21 1 17306 414 0 414 0.023922 0.000000 0.000000 1
21 2 8975 18 0 18 0.002006 0.001189 0.001189 1
21 3 6839 0 0 0 0.000000 0.000655 0.000655 1
21 4 14587 546 2 544 0.037293 0.020184 0.020184 1
21 5 29067 233 0 233 0.008016 0.000000 0.000000 1
22 1 16396 31 0 31 0.001891 0.000000 0.000000 1
22 2 10886 17 0 17 0.001562 0.011688 0.011688 1
22 3 9957 16 2 14 0.001406 0.001118 0.001118 1
22 4 18313 393 3 390 0.021296 0.022006 0.022006 1
22 5 29759 118 0 118 0.003965 0.000000 0.000000 1
23 1 16011 23 0 23 0.001437 0.000000 0.000000 1
23 2 13494 425 0 425 0.031495 0.014363 0.014363 1
23 3 14878 29 0 29 0.001949 0.003165 0.003165 1
23 4 22212 165 0 165 0.007428 0.011037 0.011037 1
23 5 29820 88 0 88 0.002951 0.000000 0.000000 1
24 1 15617 78 0 78 0.004995 0.000000 0.000000 1
24 2 17048 171 0 171 0.010031 0.014832 0.014832 1
24 3 21169 130 0 130 0.006141 0.004106 0.004106 1
24 4 25764 113 0 113 0.004386 0.004786 0.004786 1
24 5 29708 108 0 108 0.003635 0.000000 0.000000 1
