isec iband E
1 1 2.500000e+10
1 2 2.487602e+10
1 3 2.464242e+10
1 4 2.460202e+10
1 5 2.500000e+10
2 1 2.500000e+10
2 2 2.494070e+10
2 3 2.453320e+10
2 4 2.462015e+10
2 5 2.500000e+10
3 1 2.500000e+10
3 2 2.480720e+10
3 3 2.435162e+10
3 4 2.463912e+10
3 5 2.500000e+10
4 1 2.500000e+10
4 2 2.471978e+10
4 3 2.429940e+10
4 4 2.484428e+10
4 5 2.500000e+10
5 1 2.500000e+10
5 2 2.433708e+10
5 3 2.364662e+10
5 4 2.432405e+10
5 5 2.500000e+10
6 1 2.500000e+10
6 2 2.370358e+10
6 3 2.309685e+10
6 4 2.398428e+10
6 5 2.500000e+10
7 1 2.500000e+10
7 2 2.267375e+10
7 3 2.307095e+10
7 4 2.371738e+10
7 5 2.500000e+10
8 1 2.500000e+10
8 2 2.242878e+10
8 3 2.388410e+10
8 4 2.388402e+10
8 5 2.500000e+10
9 1 2.500000e+10
9 2 2.233080e+10
9 3 2.447608e+10
9 4 2.500000e+10
9 5 2.500000e+10
10 1 2.500000e+10
10 2 2.500000e+10
10 3 2.500000e+10
10 4 2.500000e+10
10 5 2.500000e+10
11 1 2.500000e+10
11 2 2.500000e+10
11 3 2.500000e+10
11 4 2.500000e+10
11 5 2.500000e+10
12 1 2.500000e+10
12 2 2.500000e+10
12 3 2.500000e+10
12 4 2.500000e+10
12 5 2.500000e+10
13 1 2.500000e+10
13 2 2.498430e+10
13 3 2.499080e+10
13 4 2.500000e+10
13 5 2.500000e+10
14 1 2.500000e+10
14 2 2.497660e+10
14 3 2.499248e+10
14 4 2.499898e+10
14 5 2.500000e+10
15 1 2.500000e+10
15 2 2.496740e+10
15 3 2.497735e+10
15 4 2.498005e+10
15 5 2.500000e+10
16 1 2.500000e+10
16 2 2.497518e+10
16 3 2.496500e+10
16 4 2.454225e+10
16 5 2.500000e+10
17 1 2.500000e+10
17 2 2.498180e+10
17 3 2.495840e+10
17 4 2.427768e+10
17 5 2.500000e+10
18 1 2.500000e+10
18 2 2.499100e+10
18 3 2.497350e+10
18 4 2.425748e+10
18 5 2.500000e+10
19 1 2.500000e+10
19 2 2.499370e+10
19 3 2.498715e+10
19 4 2.468248e+10
19 5 2.500000e+10
20 1 2.500000e+10
20 2 2.498328e+10
20 3 2.499512e+10
20 4 2.465900e+10
20 5 2.500000e+10
21 1 2.500000e+10
21 2 2.497028e+10
21 3 2.498518e+10
21 4 2.455070e+10
21 5 2.500000e+10
22 1 2.500000e+10
22 2 2.470780e+10
22 3 2.497315e+10
22 4 2.450422e+10
22 5 2.500000e+10
23 1 2.500000e+10
23 2 2.464092e+10
23 3 2.492198e+10
23 4 2.475672e+10
23 5 2.500000e+10
24 1 2.500000e+10
24 2 2.462920e+10
24 3 2.489848e+10
24 4 2.488298e+10
24 5 2.500000e+10
