isec iband E
1 1 2.500000e+10
1 2 2.487602e+10
1 3 2.463665e+10
1 4 2.459808e+10
1 5 2.500000e+10
2 1 2.500000e+10
2 2 2.494070e+10
2 3 2.452718e+10
2 4 2.461585e+10
2 5 2.500000e+10
3 1 2.500000e+10
3 2 2.479232e+10
3 3 2.392508e+10
3 4 2.454892e+10
3 5 2.500000e+10
4 1 2.500000e+10
4 2 2.447912e+10
4 3 2.340165e+10
4 4 2.422835e+10
4 5 2.500000e+10
5 1 2.500000e+10
5 2 2.324228e+10
5 3 2.194880e+10
5 4 2.288720e+10
5 5 2.500000e+10
6 1 2.500000e+10
6 2 2.173520e+10
6 3 2.110622e+10
6 4 2.212872e+10
6 5 2.500000e+10
7 1 2.500000e+10
7 2 2.037370e+10
7 3 2.104500e+10
7 4 2.204852e+10
7 5 2.500000e+10
8 1 2.500000e+10
8 2 2.031492e+10
8 3 2.266400e+10
8 4 2.261562e+10
8 5 2.500000e+10
9 1 2.500000e+10
9 2 2.049265e+10
9 3 2.371590e+10
9 4 2.500000e+10
9 5 2.500000e+10
10 1 2.500000e+10
10 2 2.500000e+10
10 3 2.500000e+10
10 4 2.500000e+10
10 5 2.500000e+10
11 1 2.500000e+10
11 2 2.500000e+10
11 3 2.500000e+10
11 4 2.500000e+10
11 5 2.500000e+10
12 1 2.500000e+10
12 2 2.500000e+10
12 3 2.500000e+10
12 4 2.500000e+10
12 5 2.500000e+10
13 1 2.500000e+10
13 2 2.498160e+10
13 3 2.498915e+10
13 4 2.499442e+10
13 5 2.500000e+10
14 1 2.500000e+10
14 2 2.497480e+10
14 3 2.499138e+10
14 4 2.497800e+10
14 5 2.500000e+10
15 1 2.500000e+10
15 2 2.496560e+10
15 3 2.497022e+10
15 4 2.489845e+10
15 5 2.500000e+10
16 1 2.500000e+10
16 2 2.497518e+10
16 3 2.495898e+10
16 4 2.434860e+10
16 5 2.500000e+10
17 1 2.500000e+10
17 2 2.498180e+10
17 3 2.495238e+10
17 4 2.406028e+10
17 5 2.500000e+10
18 1 2.500000e+10
18 2 2.499100e+10
18 3 2.497172e+10
18 4 2.406648e+10
18 5 2.500000e+10
19 1 2.500000e+10
19 2 2.499370e+10
19 3 2.498382e+10
19 4 2.457455e+10
19 5 2.500000e+10
20 1 2.500000e+10
20 2 2.498328e+10
20 3 2.499180e+10
20 4 2.455322e+10
20 5 2.500000e+10
21 1 2.500000e+10
21 2 2.497028e+10
21 3 2.498195e+10
21 4 2.440635e+10
21 5 2.500000e+10
22 1 2.500000e+10
22 2 2.470780e+10
22 3 2.496478e+10
22 4 2.436818e+10
22 5 2.500000e+10
23 1 2.500000e+10
23 2 2.464092e+10
23 3 2.490808e+10
23 4 2.465760e+10
23 5 2.500000e+10
24 1 2.500000e+10
24 2 2.462920e+10
24 3 2.488622e+10
24 4 2.485465e+10
24 5 2.500000e+10
